/*--------------------------------*- C++ -*----------------------------------*\
  =========                 |
  \\      /  F ield         | OpenFOAM: The Open Source CFD Toolbox
   \\    /   O peration     | Website:  https://openfoam.org
    \\  /    A nd           | Version:  13
     \\/     M anipulation  |
\*---------------------------------------------------------------------------*/
FoamFile
{
    format      ascii;
    class       volScalarField;
    location    "4";
    object      Ma;
}
// * * * * * * * * * * * * * * * * * * * * * * * * * * * * * * * * * * * * * //

dimensions      [];

internalField   nonuniform List<scalar> 
5250
(
3
2.99997
2.99991
2.99975
2.99942
2.99843
2.99645
2.99039
2.97815
2.94271
2.86233
2.6524
2.17748
1.29334
0.534992
0.266799
0.323348
0.338857
0.305211
0.249794
0.198672
0.157707
0.116964
0.0726359
0.0399185
3
2.99997
2.99992
2.99975
2.99943
2.99847
2.99644
2.9908
2.97793
2.94457
2.86341
2.65884
2.1885
1.31082
0.544053
0.267751
0.325621
0.341957
0.308571
0.254009
0.204118
0.164488
0.125845
0.0864208
0.0624829
3
2.99997
2.99991
2.99977
2.99943
2.99856
2.99652
2.99109
2.97889
2.94595
2.86884
2.66968
2.21402
1.3503
0.56529
0.2726
0.33272
0.350963
0.31848
0.266032
0.218812
0.182262
0.148142
0.116448
0.0999098
3
2.99997
2.99992
2.99977
2.99948
2.99859
2.99676
2.99153
2.9799
2.94911
2.87532
2.68766
2.25178
1.41282
0.598211
0.282141
0.344924
0.366007
0.334981
0.285343
0.241386
0.208461
0.179225
0.153736
0.141084
3
2.99998
2.99993
2.99979
2.99952
2.99869
2.99699
2.99212
2.98131
2.95273
2.88425
2.71014
2.30192
1.49815
0.642751
0.299631
0.363577
0.387521
0.358043
0.311529
0.270606
0.241206
0.216256
0.195427
0.18521
3
2.99998
2.99994
2.99981
2.99955
2.99882
2.99718
2.99293
2.98265
2.95728
2.89401
2.73664
2.36133
1.60595
0.700348
0.330663
0.391807
0.416998
0.38891
0.345258
0.307035
0.280667
0.259653
0.243007
0.235358
3
2.99998
2.99994
2.99983
2.99959
2.99891
2.99751
2.99335
2.98486
2.96022
2.90571
2.76075
2.42154
1.71695
0.76407
0.367083
0.424106
0.449047
0.42374
0.384536
0.349794
0.326961
0.310127
0.298372
0.295151
3
2.99999
2.99994
2.99986
2.9996
2.9991
2.99751
2.99451
2.98505
2.96585
2.91141
2.78483
2.46868
1.80618
0.832744
0.404819
0.450589
0.472176
0.454863
0.424227
0.395979
0.37882
0.36834
0.364153
0.370904
3
2.99999
2.99995
2.99987
2.99966
2.99912
2.99792
2.99458
2.98741
2.96729
2.92216
2.80257
2.51718
1.89707
0.927261
0.464616
0.471013
0.486067
0.482681
0.462794
0.44403
0.43503
0.434015
0.444111
0.473987
3
2.99999
2.99996
2.99988
2.99969
2.99924
2.99805
2.99543
2.98803
2.97211
2.92816
2.82556
2.56426
1.99504
1.04644
0.536256
0.486351
0.502102
0.509454
0.500233
0.492665
0.493948
0.509117
0.549002
0.650485
3
2.99999
2.99996
2.9999
2.99972
2.99935
2.99823
2.99607
2.9893
2.97571
2.93659
2.84694
2.61572
2.10084
1.19186
0.620433
0.503966
0.521313
0.536532
0.537306
0.540121
0.554732
0.592813
0.67577
0.844232
3
2.99999
2.99997
2.99991
2.99978
2.99938
2.99865
2.99627
2.99159
2.97785
2.94768
2.86693
2.67251
2.21769
1.3705
0.719475
0.529201
0.546272
0.56575
0.574603
0.586589
0.614568
0.671604
0.778274
0.960471
3
3
2.99998
2.99992
2.99982
2.9995
2.99885
2.99697
2.99287
2.98191
2.95623
2.89063
2.72941
2.34629
1.58733
0.835703
0.572674
0.584663
0.601784
0.61532
0.633452
0.67024
0.736132
0.844001
1.00333
3.00001
3
2.99998
2.99994
2.99985
2.99959
2.99909
2.99748
2.99446
2.98499
2.96571
2.91158
2.78611
2.47604
1.83373
0.967896
0.636252
0.633887
0.645997
0.661758
0.681812
0.720477
0.785855
0.88425
1.02007
3.00001
3
2.99999
2.99995
2.99988
2.99967
2.99924
2.99797
2.99545
2.98774
2.97213
2.92757
2.82564
2.56641
2.00749
1.10988
0.704552
0.673055
0.686886
0.704767
0.72714
0.765194
0.825926
0.912769
1.0291
3.00001
3
2.99999
2.99997
2.9999
2.99975
2.99936
2.99846
2.99605
2.9908
2.97609
2.94369
2.85688
2.64957
2.17213
1.32184
0.809382
0.704412
0.716872
0.737412
0.765616
0.803555
0.85971
0.936227
1.03614
3.00001
3
2.99999
2.99997
2.99992
2.9998
2.99951
2.99874
2.99708
2.9923
2.98237
2.95402
2.89062
2.72382
2.3402
1.58384
0.94037
0.745986
0.748097
0.767721
0.798958
0.836876
0.888722
0.956903
1.04315
3.00001
3
3
2.99998
2.99995
2.99985
2.99964
2.99905
2.99776
2.99438
2.98635
2.96656
2.91777
2.79768
2.50945
1.90218
1.10251
0.812475
0.791511
0.805563
0.833882
0.870132
0.916503
0.976723
1.05141
3.00001
3.00001
3
2.99999
2.99996
2.99988
2.99973
2.99926
2.99833
2.99563
2.9898
2.97415
2.93777
2.84494
2.62056
2.1199
1.28629
0.888228
0.828547
0.840571
0.865864
0.901488
0.943407
0.996248
1.06134
3.00001
3.00001
3
2.99999
2.99997
2.99992
2.9998
2.99945
2.99878
2.99663
2.99257
2.98015
2.95407
2.88273
2.71469
2.31619
1.5579
1.01566
0.871624
0.873189
0.893835
0.927875
0.968298
1.01545
1.07233
3.00001
3.00001
3
3
2.99998
2.99994
2.99985
2.99962
2.99908
2.99765
2.99458
2.98588
2.96745
2.91676
2.80032
2.51351
1.9147
1.18605
0.936848
0.913289
0.926467
0.955495
0.993476
1.03588
1.08525
3.00001
3.00001
3
3
2.99999
2.99996
2.99989
2.99973
2.99933
2.99835
2.996
2.98999
2.97625
2.94028
2.85591
2.64425
2.1761
1.39229
1.01724
0.950776
0.959529
0.983426
1.01776
1.05615
1.10013
3.00001
3.00001
3.00001
3
2.99999
2.99998
2.99992
2.99982
2.9995
2.9989
2.99697
2.99335
2.98217
2.95915
2.89558
2.74777
2.39322
1.69837
1.15296
1.00079
0.993976
1.00901
1.03875
1.07573
1.11605
3.00001
3.00001
3.00001
3
3
2.99999
2.99995
2.99988
2.99966
2.99924
2.99795
2.9954
2.98804
2.97216
2.93005
2.83148
2.59017
2.0673
1.34799
1.07656
1.03343
1.04027
1.06283
1.0959
1.13273
3.00001
3.00001
3.00001
3.00001
3
2.99999
2.99997
2.99992
2.99977
2.99948
2.99859
2.99691
2.99161
2.98131
2.95137
2.88523
2.71439
2.32949
1.6173
1.18712
1.07731
1.07206
1.08559
1.11406
1.14952
3.00001
3.00001
3.00001
3.00001
3
3
2.99998
2.99994
2.99986
2.99963
2.99912
2.99784
2.99471
2.9874
2.96851
2.92531
2.81494
2.55923
2.00758
1.36284
1.14022
1.10794
1.11384
1.13571
1.16647
3.00001
3.00001
3.00001
3.00001
3.00001
3
2.99999
2.99997
2.99991
2.99975
2.99945
2.99849
2.99671
2.9911
2.98011
2.94867
2.87877
2.70058
2.30157
1.60411
1.23222
1.14704
1.14298
1.15622
1.18234
3.00001
3.00001
3.00001
3.00001
3.00001
3
3
2.99998
2.99994
2.99985
2.99962
2.99908
2.99774
2.99449
2.98688
2.96721
2.92238
2.80778
2.54349
1.98146
1.39731
1.20381
1.17582
1.18162
1.20225
3.00001
3.00001
3.00001
3.00001
3.00001
3.00001
3
2.99999
2.99997
2.9999
2.99977
2.99938
2.99863
2.99629
2.99186
2.97859
2.95085
2.87631
2.70482
2.30642
1.64036
1.29735
1.21665
1.2104
1.22124
3.00001
3.00001
3.00001
3.00001
3.00001
3.00001
3
3
2.99998
2.99995
2.99985
2.99964
2.99908
2.99782
2.99468
2.98703
2.96902
2.92381
2.81705
2.5615
2.0246
1.4643
1.27395
1.24277
1.24548
3.00001
3.00001
3.00001
3.00001
3.00001
3.00001
3.00001
3
2.99999
2.99997
2.99991
2.99977
2.99944
2.9986
2.99677
2.99171
2.98114
2.95176
2.88736
2.72212
2.3535
1.71773
1.37296
1.28385
1.27346
3.00001
3.00001
3.00001
3.00001
3.00001
3.00001
3.00001
3
3
2.99998
2.99995
2.99986
2.99967
2.99917
2.99801
2.9952
2.98827
2.97227
2.93187
2.83772
2.6116
2.12713
1.5545
1.34446
1.30705
3.00001
3.00001
3.00001
3.00001
3.00001
3.00001
3.00001
3.00001
3
2.99999
2.99997
2.99992
2.9998
2.99948
2.99884
2.9969
2.99323
2.98205
2.95966
2.89777
2.75877
2.42759
1.82733
1.44639
1.3446
3.00001
3.00001
3.00001
3.00001
3.00001
3.00001
3.00001
3.00001
3
3
2.99999
2.99996
2.99988
2.99971
2.99928
2.99825
2.99584
2.98969
2.97606
2.9403
2.85961
2.6611
2.22706
1.64981
1.41588
3.00001
3.00001
3.00001
3.00001
3.00001
3.00001
3.00001
3.00001
3.00001
3
2.99999
2.99998
2.99993
2.99984
2.99955
2.99902
2.9974
2.99417
2.98522
2.96547
2.91539
2.79772
2.52059
1.97775
1.54608
3.00001
3.00001
3.00001
3.00001
3.00001
3.00001
3.00001
3.00001
3.00001
3
3
2.99999
2.99997
2.9999
2.99977
2.99937
2.99862
2.99638
2.99188
2.9794
2.95219
2.88248
2.72177
2.35125
1.7839
3.00001
3.00001
3.00001
3.00001
3.00001
3.00001
3.00001
3.00001
3.00001
3.00001
3
3
2.99998
2.99995
2.99986
2.99968
2.99914
2.99813
2.99506
2.98909
2.97223
2.93618
2.84367
2.63417
2.18334
3.00001
3.00001
3.00001
3.00001
3.00001
3.00001
3.00001
3.00001
3.00001
3.00001
3.00001
3
2.99999
2.99997
2.99993
2.99981
2.99953
2.99889
2.99723
2.99371
2.98392
2.96373
2.90873
2.78779
2.49539
3.00001
3.00001
3.00001
3.00001
3.00001
3.00001
3.00001
3.00001
3.00001
3.00001
3.00001
3
3
2.99999
2.99996
2.9999
2.99975
2.99935
2.99856
2.99621
2.99176
2.97843
2.95188
2.87947
2.71957
3.00001
3.00001
3.00001
3.00001
3.00001
3.00001
3.00001
3.00001
3.00001
3.00001
3.00001
3.00001
3
3
2.99998
2.99995
2.99986
2.99966
2.99916
2.99807
2.99513
2.98912
2.97229
2.93744
2.84573
3.00001
3.00001
3.00001
3.00001
3.00001
3.00001
3.00001
3.00001
3.00001
3.00001
3.00001
3.00001
3.00001
3
2.99999
2.99998
2.99992
2.99982
2.99953
2.99893
2.99735
2.99377
2.98513
2.96415
2.91538
3.00001
3.00001
3.00001
3.00001
3.00001
3.00001
3.00001
3.00001
3.00001
3.00001
3.00001
3.00001
3.00001
3
3
2.99999
2.99997
2.9999
2.99976
2.9994
2.9986
2.99661
2.9919
2.98093
2.9537
3.00001
3.00001
3.00001
3.00001
3.00001
3.00001
3.00001
3.00001
3.00001
3.00001
3.00001
3.00001
3.00001
3.00001
3
3
2.99998
2.99995
2.99987
2.99968
2.99925
2.99814
2.99582
2.9894
2.97641
3.00001
3.00001
3.00001
3.00001
3.00001
3.00001
3.00001
3.00001
3.00001
3.00001
3.00001
3.00001
3.00001
3.00001
3.00001
3
2.99999
2.99998
2.99993
2.99983
2.99957
2.99899
2.9976
2.99416
2.98666
3.00001
3.00001
3.00001
3.00001
3.00001
3.00001
3.00001
3.00001
3.00001
3.00001
3.00001
3.00001
3.00001
3.00001
3.00001
3
3
2.99999
2.99996
2.99989
2.99974
2.99937
2.99842
2.99643
2.99085
3.00001
3.00001
3.00001
3.00001
3.00001
3.00001
3.00001
3.00001
3.00001
3.00001
3.00001
3.00001
3.00001
3.00001
3.00001
3.00001
3
2.99999
2.99997
2.99992
2.9998
2.9995
2.99883
2.99697
2.99315
3.00001
3.00001
3.00001
3.00001
3.00001
3.00001
3.00001
3.00001
3.00001
3.00001
3.00001
3.00001
3.00001
3.00001
3.00001
3.00001
3
3
2.99998
2.99994
2.99982
2.99959
2.99885
2.99749
2.99317
3.00001
3.00001
3.00001
3.00001
3.00001
3.00001
3.00001
3.00001
3.00001
3.00001
3.00001
3.00001
3.00001
3.00001
3.00001
3.00001
3
3
2.99998
2.99994
2.99983
2.99959
2.99893
2.99753
2.99342
3.00001
3.00001
3.00001
3.00001
3.00001
3.00001
3.00001
3.00001
3.00001
3.00001
3.00001
3.00001
3.00001
3.00001
3.00001
3.00001
3
3
2.99998
2.99994
2.99983
2.9996
2.99894
2.99757
2.99345
3.00001
3.00001
3.00001
3.00001
3.00001
3.00001
3.00001
3.00001
3.00001
3.00001
3.00001
3.00001
3.00001
3.00001
3.00001
3.00001
3
3
2.99998
2.99994
2.99984
2.99959
2.99898
2.99748
2.99368
1.11968
1.32447
1.38845
1.35109
1.27869
1.19038
1.10792
1.06482
1.05539
1.05601
1.05383
1.04409
1.01789
0.958467
0.833703
0.595622
0.32174
0.14048
0.0788154
0.127417
0.213532
0.295632
0.368301
0.419728
0.453098
0.479103
0.503029
0.524399
0.539297
0.547064
0.549646
0.54305
0.521544
0.483725
0.43423
0.379254
0.32243
0.266682
0.212049
0.16063
0.112593
0.0680207
0.0352267
0.0371315
0.0689031
0.105295
0.139436
0.171512
0.201208
0.229625
0.259289
0.288434
0.316363
0.342595
0.368249
0.39268
0.416781
0.439794
0.46254
0.484319
0.505889
0.526596
0.547154
0.566905
0.586557
0.605452
0.624303
0.642417
0.660524
0.677932
0.695352
0.712133
0.728922
0.745122
0.761365
0.777012
0.792784
0.807902
0.823239
0.837857
0.852765
0.866915
0.881409
0.895098
0.909221
0.922456
0.936228
0.949061
0.962473
0.974946
0.987983
1.00008
1.0127
1.0243
1.03637
1.04718
1.0581
1.06701
1.07466
1.07905
1.13407
1.25251
1.3188
1.36338
1.40879
1.44359
1.45226
1.44687
1.42836
1.40044
1.37791
1.36283
1.34161
1.29783
1.20145
0.998449
0.705001
0.498317
0.390459
0.309688
0.236366
0.169746
0.107446
0.0674713
0.103751
0.167061
0.228984
0.280508
0.311869
0.323486
0.323285
0.310934
0.287295
0.245273
0.198528
0.149075
0.103827
0.072326
0.0657749
0.0886422
0.122407
0.156945
0.190784
0.221524
0.252814
0.283504
0.313607
0.342093
0.368961
0.394094
0.420192
0.446365
0.471482
0.495096
0.518124
0.540182
0.561911
0.582761
0.603368
0.623157
0.642792
0.661674
0.680463
0.698539
0.716579
0.733926
0.751284
0.767971
0.784703
0.800784
0.816952
0.832472
0.84814
0.863138
0.878368
0.892878
0.907711
0.921773
0.936222
0.949878
0.963946
0.977211
0.990927
1.0038
1.01719
1.02971
1.04277
1.05497
1.0677
1.07963
1.09208
1.10376
1.11593
1.12727
1.13895
1.14957
1.16017
1.16905
1.17657
1.18103
1.13398
1.24209
1.33959
1.43288
1.51901
1.587
1.61904
1.62103
1.61531
1.5992
1.57559
1.55156
1.528
1.49228
1.4216
1.27219
1.01831
0.794066
0.676304
0.59965
0.531604
0.469009
0.404987
0.339006
0.27372
0.211748
0.15193
0.0956866
0.0502369
0.0383278
0.0500309
0.0655695
0.057341
0.0821839
0.114078
0.152614
0.190236
0.225967
0.258304
0.289319
0.319725
0.348912
0.376904
0.403101
0.428906
0.454067
0.478913
0.502799
0.525529
0.546616
0.568059
0.590147
0.611956
0.632391
0.652209
0.671276
0.690165
0.708416
0.726533
0.744048
0.761445
0.778297
0.79506
0.811308
0.827506
0.8432
0.858873
0.874057
0.889236
0.903951
0.918674
0.932961
0.947281
0.961169
0.97514
0.988655
1.00229
1.01547
1.02878
1.04163
1.05461
1.06714
1.07984
1.09206
1.10448
1.11643
1.12859
1.14037
1.15235
1.16397
1.17573
1.18707
1.19852
1.20952
1.22053
1.23092
1.24098
1.24984
1.25709
1.26167
1.14232
1.25012
1.34967
1.44096
1.52208
1.58958
1.64184
1.67969
1.69898
1.7026
1.69964
1.68921
1.66893
1.63712
1.58274
1.47285
1.27747
1.0367
0.891223
0.820431
0.763765
0.707194
0.649452
0.594591
0.538344
0.480396
0.422848
0.367006
0.314643
0.271586
0.244306
0.233858
0.257101
0.294514
0.334246
0.37301
0.407038
0.435549
0.46079
0.483686
0.506106
0.527545
0.548692
0.568796
0.588873
0.608439
0.628115
0.647318
0.665846
0.68293
0.700135
0.71813
0.736696
0.754237
0.771252
0.787685
0.804004
0.819926
0.835766
0.851218
0.866591
0.881609
0.896569
0.911185
0.925761
0.939977
0.954181
0.968013
0.981869
0.99535
1.0089
1.02204
1.03531
1.04812
1.06114
1.07365
1.08642
1.09867
1.1112
1.12319
1.13545
1.14716
1.15917
1.17062
1.18244
1.19378
1.20549
1.2167
1.2282
1.23921
1.25048
1.26126
1.27225
1.28271
1.29333
1.30322
1.31306
1.32156
1.32887
1.33317
1.14439
1.24927
1.34518
1.43281
1.51247
1.58402
1.64668
1.69977
1.74053
1.7661
1.77433
1.77286
1.76605
1.74908
1.7123
1.63645
1.48635
1.25356
1.07667
0.995406
0.939222
0.888213
0.844232
0.798857
0.747655
0.697083
0.645863
0.592867
0.542941
0.499466
0.465125
0.456179
0.474426
0.507996
0.544623
0.579299
0.607243
0.62739
0.642821
0.656493
0.670116
0.683988
0.698198
0.712233
0.726521
0.740692
0.755293
0.769801
0.784265
0.797577
0.810851
0.824691
0.839723
0.854389
0.868735
0.882573
0.896396
0.909928
0.923539
0.93686
0.950283
0.963456
0.976718
0.989784
1.00287
1.01577
1.02863
1.04127
1.05391
1.0663
1.07879
1.09101
1.10338
1.11546
1.12765
1.13955
1.15151
1.1632
1.17496
1.18643
1.19805
1.20938
1.22092
1.23217
1.24355
1.25459
1.26567
1.27654
1.2874
1.29811
1.30884
1.31938
1.32995
1.34022
1.35046
1.36024
1.36974
1.37834
1.38555
1.39007
1.14175
1.2412
1.33313
1.41764
1.49511
1.56628
1.62976
1.68625
1.73345
1.77225
1.80106
1.81687
1.8184
1.81338
1.7964
1.75454
1.65783
1.47955
1.24726
1.12229
1.07289
1.02915
0.987038
0.950627
0.913259
0.868547
0.818604
0.770283
0.720257
0.669466
0.628978
0.620247
0.638585
0.672549
0.710883
0.745681
0.773483
0.790671
0.799216
0.804318
0.809668
0.816153
0.824157
0.832764
0.84211
0.851755
0.862108
0.872678
0.883653
0.893913
0.90399
0.914311
0.926095
0.938336
0.950569
0.962359
0.974261
0.985994
0.997943
1.00976
1.02171
1.0335
1.04539
1.05714
1.06903
1.08081
1.09272
1.10449
1.11628
1.12787
1.13947
1.15089
1.16243
1.17384
1.18543
1.19685
1.20839
1.21964
1.23094
1.24191
1.25301
1.26381
1.2748
1.28554
1.29653
1.30724
1.31819
1.32872
1.33948
1.34975
1.36026
1.37033
1.38063
1.39058
1.4007
1.41032
1.41994
1.42845
1.43601
1.44041
1.13752
1.23058
1.31739
1.39902
1.47409
1.54374
1.60771
1.66552
1.71778
1.76302
1.80165
1.8311
1.85033
1.85415
1.84884
1.82982
1.78067
1.66345
1.46136
1.26318
1.1703
1.13123
1.10112
1.06795
1.03346
0.996494
0.953616
0.906087
0.84889
0.786213
0.741137
0.734717
0.755586
0.792742
0.835461
0.87421
0.90313
0.923147
0.931139
0.930843
0.928193
0.927224
0.928536
0.93178
0.936429
0.941954
0.94838
0.955221
0.962823
0.970215
0.977496
0.984728
0.993384
1.00312
1.01344
1.02352
1.03381
1.04398
1.0545
1.06487
1.07555
1.08606
1.09684
1.1075
1.11842
1.12928
1.14035
1.15138
1.16255
1.17364
1.1848
1.19585
1.20695
1.21792
1.229
1.23993
1.25099
1.26191
1.27296
1.28386
1.29479
1.30548
1.31626
1.32676
1.33747
1.34789
1.35854
1.36899
1.37953
1.38995
1.40031
1.41053
1.42067
1.43055
1.44046
1.44996
1.45941
1.46807
1.47566
1.48055
1.13499
1.21983
1.30216
1.37906
1.45226
1.51947
1.58277
1.64076
1.69366
1.7421
1.78389
1.82085
1.84944
1.86958
1.87428
1.86872
1.84796
1.79286
1.66143
1.44855
1.28776
1.21593
1.18249
1.15694
1.12777
1.09193
1.05108
1.00174
0.931634
0.855274
0.812625
0.812177
0.83594
0.876087
0.925568
0.969787
0.99971
1.019
1.03103
1.0335
1.02774
1.02029
1.0148
1.0121
1.01167
1.01319
1.01604
1.01983
1.0248
1.03009
1.03551
1.04077
1.04702
1.05457
1.06349
1.07251
1.08189
1.09113
1.10078
1.11034
1.12029
1.13012
1.14027
1.15039
1.1608
1.17127
1.18198
1.1927
1.20361
1.21438
1.22533
1.23604
1.24693
1.25763
1.26848
1.27921
1.29017
1.30098
1.31201
1.32271
1.33368
1.34422
1.35501
1.36542
1.37599
1.38634
1.39677
1.40709
1.41751
1.42774
1.43817
1.44822
1.45854
1.46834
1.47838
1.48785
1.49732
1.50599
1.51367
1.51854
1.13478
1.21182
1.28773
1.36124
1.43022
1.49603
1.55695
1.61453
1.66745
1.7162
1.7613
1.80054
1.83636
1.86447
1.88483
1.88911
1.88312
1.86027
1.79927
1.6557
1.44535
1.31349
1.25595
1.22391
1.19754
1.16637
1.12108
1.05805
0.968821
0.887465
0.856617
0.862746
0.888577
0.934279
0.988738
1.03633
1.06974
1.08945
1.10136
1.10798
1.10662
1.09848
1.08819
1.07986
1.07436
1.07159
1.07127
1.07259
1.07535
1.07899
1.08329
1.08729
1.09201
1.0978
1.10541
1.11374
1.12255
1.13142
1.14061
1.14982
1.15936
1.16881
1.17863
1.18828
1.19839
1.20835
1.21879
1.22908
1.23974
1.2502
1.26095
1.27148
1.28228
1.29284
1.30369
1.31435
1.32522
1.33589
1.34672
1.3574
1.36816
1.37877
1.38942
1.39985
1.4104
1.42062
1.43109
1.44116
1.45158
1.46161
1.47195
1.48199
1.4922
1.50216
1.51212
1.52178
1.53128
1.54004
1.54788
1.5528
1.13714
1.20612
1.2762
1.34457
1.41078
1.47311
1.53277
1.58842
1.64081
1.68986
1.73464
1.77702
1.81379
1.84793
1.87488
1.89414
1.89727
1.89022
1.86466
1.79719
1.64605
1.44371
1.33562
1.28821
1.25208
1.21579
1.16425
1.07873
0.970043
0.894821
0.877372
0.889584
0.92239
0.974708
1.03147
1.07872
1.11387
1.13747
1.15086
1.15805
1.16133
1.15858
1.14998
1.13867
1.12946
1.12257
1.11883
1.11782
1.11879
1.12137
1.12508
1.12879
1.13291
1.13765
1.14426
1.15212
1.16085
1.16962
1.1788
1.18789
1.19731
1.20664
1.21628
1.22583
1.23575
1.2456
1.25589
1.26607
1.27667
1.28707
1.29778
1.30826
1.31897
1.32952
1.34023
1.35073
1.36134
1.37179
1.38239
1.39281
1.40346
1.41383
1.4245
1.43477
1.44538
1.45555
1.46599
1.47607
1.4863
1.49628
1.50634
1.51622
1.52619
1.53591
1.5458
1.55524
1.56479
1.57347
1.58142
1.58643
1.14226
1.20396
1.26766
1.33114
1.39323
1.45292
1.50983
1.56405
1.61527
1.66315
1.70885
1.7502
1.79013
1.82468
1.8575
1.88315
1.90102
1.90285
1.89449
1.86602
1.79193
1.63715
1.4456
1.3515
1.30292
1.25132
1.17921
1.06198
0.943563
0.888647
0.885191
0.902902
0.944488
1.00108
1.05618
1.10166
1.13743
1.16383
1.18188
1.19203
1.19686
1.19916
1.19731
1.19047
1.18064
1.17242
1.16571
1.16272
1.16223
1.16392
1.16733
1.17131
1.17568
1.18025
1.18621
1.19356
1.20224
1.21111
1.22035
1.22943
1.23881
1.24807
1.25767
1.26716
1.27696
1.28663
1.2966
1.30646
1.31666
1.32673
1.33714
1.34736
1.35794
1.36823
1.37878
1.38898
1.39946
1.40956
1.41994
1.42998
1.4403
1.45033
1.46062
1.47067
1.48089
1.49091
1.50103
1.51093
1.52091
1.53062
1.54046
1.54994
1.55968
1.56896
1.57856
1.58762
1.59687
1.60532
1.61307
1.61808
1.15012
1.20512
1.26244
1.32092
1.37849
1.43514
1.48924
1.5417
1.59115
1.63882
1.68288
1.72574
1.76443
1.80202
1.83488
1.86608
1.89055
1.90586
1.9065
1.89627
1.86403
1.78217
1.62579
1.44338
1.34868
1.27632
1.16587
1.01336
0.904234
0.8752
0.882896
0.911045
0.960417
1.01723
1.06759
1.10981
1.1449
1.17308
1.19521
1.21106
1.22106
1.22727
1.23127
1.2334
1.23061
1.22457
1.21816
1.2135
1.21143
1.21189
1.21448
1.21847
1.22345
1.22825
1.23376
1.24023
1.24831
1.25684
1.26588
1.27472
1.28385
1.29277
1.30206
1.31121
1.3207
1.33001
1.33958
1.34899
1.35872
1.36837
1.37835
1.38829
1.39842
1.40833
1.41842
1.42827
1.43831
1.4481
1.45807
1.46775
1.47763
1.48722
1.49705
1.50659
1.51638
1.52589
1.53564
1.54506
1.55471
1.56397
1.57349
1.58253
1.59189
1.60072
1.60988
1.61845
1.62723
1.6352
1.64255
1.64724
1.16058
1.20924
1.26089
1.31393
1.36736
1.41991
1.47165
1.52118
1.56945
1.61515
1.65928
1.70062
1.74047
1.7773
1.81247
1.84414
1.87317
1.89698
1.9085
1.90703
1.89439
1.85699
1.7646
1.60009
1.41677
1.28555
1.12072
0.945243
0.865213
0.857756
0.873272
0.913046
0.967998
1.01982
1.06548
1.10488
1.13981
1.17069
1.19765
1.22007
1.23842
1.25231
1.2627
1.27147
1.27769
1.28013
1.2781
1.27391
1.27035
1.26874
1.26929
1.27185
1.27629
1.28112
1.28608
1.29119
1.2977
1.30518
1.31341
1.32159
1.33011
1.33841
1.34704
1.35552
1.3644
1.37316
1.38224
1.39117
1.40039
1.40949
1.41896
1.42822
1.43776
1.44707
1.45663
1.46591
1.47542
1.48467
1.49413
1.50334
1.51275
1.5219
1.53125
1.54034
1.5496
1.55865
1.56785
1.57682
1.58596
1.59479
1.60384
1.61246
1.62137
1.62974
1.63842
1.64647
1.65473
1.6621
1.66894
1.6732
1.1725
1.21563
1.26191
1.31
1.35941
1.40819
1.45695
1.50408
1.55037
1.5944
1.63753
1.67792
1.71741
1.75401
1.7898
1.82175
1.85335
1.87906
1.90107
1.90772
1.90272
1.8842
1.83541
1.72377
1.53078
1.30282
1.05426
0.86569
0.82338
0.832406
0.861791
0.909777
0.961723
1.00925
1.0526
1.09329
1.13168
1.16788
1.20098
1.2312
1.25753
1.28022
1.29872
1.31399
1.3255
1.33451
1.33956
1.33981
1.33681
1.33292
1.33058
1.33011
1.33149
1.33462
1.33859
1.34235
1.34674
1.35208
1.35888
1.36596
1.37356
1.38106
1.38891
1.39661
1.40464
1.41257
1.42087
1.42915
1.43779
1.44641
1.45524
1.46389
1.47278
1.4815
1.4905
1.49929
1.50835
1.51716
1.52622
1.53501
1.54404
1.55277
1.56174
1.57038
1.57929
1.58782
1.59667
1.60511
1.61392
1.62227
1.63102
1.63922
1.64783
1.65581
1.66414
1.67175
1.67954
1.68641
1.69266
1.69672
1.18523
1.22378
1.26544
1.30909
1.35437
1.40014
1.44524
1.49046
1.53395
1.577
1.61789
1.65816
1.69578
1.73307
1.7673
1.80102
1.83167
1.86013
1.88514
1.89863
1.89784
1.88694
1.85523
1.77875
1.62136
1.34203
0.992381
0.791756
0.774013
0.79355
0.837328
0.893293
0.946623
0.997637
1.04665
1.09391
1.13879
1.18081
1.21972
1.25498
1.28672
1.31499
1.33883
1.35849
1.37387
1.38542
1.39379
1.39856
1.39993
1.39729
1.39311
1.38872
1.38623
1.38528
1.38653
1.38879
1.39179
1.39504
1.3998
1.40559
1.41221
1.41893
1.42607
1.43314
1.44054
1.44787
1.45554
1.46321
1.47132
1.47934
1.48764
1.49582
1.50427
1.51255
1.52112
1.52947
1.53815
1.5466
1.55538
1.5639
1.57271
1.58123
1.59001
1.59845
1.60719
1.6155
1.62418
1.63233
1.6409
1.64884
1.65726
1.66494
1.6731
1.68044
1.68818
1.69503
1.70208
1.70816
1.7138
1.71732
1.19956
1.23418
1.27156
1.3114
1.35223
1.39516
1.43721
1.47974
1.52118
1.56222
1.60168
1.64066
1.67721
1.7139
1.74722
1.78115
1.81101
1.84055
1.86533
1.8812
1.8812
1.87178
1.8448
1.77949
1.64173
1.38115
1.02172
0.81239
0.798253
0.824561
0.871839
0.93126
0.988898
1.0427
1.09207
1.13734
1.17954
1.21932
1.25666
1.29083
1.32195
1.34975
1.37468
1.39576
1.41284
1.42613
1.43695
1.44418
1.44861
1.45044
1.44864
1.44394
1.4386
1.43436
1.43202
1.43164
1.43309
1.4352
1.43809
1.44192
1.44733
1.45333
1.45996
1.46654
1.47349
1.48042
1.48776
1.4952
1.50294
1.51057
1.51849
1.52627
1.53436
1.54229
1.55054
1.55857
1.5669
1.57494
1.5833
1.59135
1.59974
1.60779
1.61619
1.6242
1.63258
1.64047
1.6488
1.65651
1.66473
1.67223
1.68023
1.68744
1.69508
1.70182
1.70889
1.71497
1.72143
1.72673
1.73135
1.73426
1.21486
1.24761
1.28069
1.31695
1.35419
1.39282
1.43254
1.47215
1.51107
1.55064
1.58765
1.62603
1.6608
1.69693
1.72944
1.76243
1.79232
1.82013
1.84447
1.85558
1.85224
1.84037
1.80961
1.73766
1.60568
1.40055
1.15922
0.958452
0.907803
0.921082
0.947249
0.993355
1.04692
1.09504
1.13757
1.17638
1.2131
1.24799
1.28128
1.31262
1.34209
1.3697
1.39509
1.41795
1.43803
1.45476
1.46832
1.479
1.48709
1.4917
1.49379
1.4933
1.48977
1.48484
1.47994
1.47682
1.47491
1.47533
1.47685
1.47874
1.48173
1.48619
1.49217
1.49834
1.50488
1.51135
1.51821
1.52505
1.53222
1.53932
1.54678
1.55411
1.5618
1.56928
1.57715
1.58476
1.59277
1.60051
1.60864
1.61647
1.62467
1.6325
1.64073
1.64846
1.65664
1.66422
1.67227
1.67965
1.68748
1.69455
1.70204
1.70863
1.71558
1.72146
1.72782
1.73304
1.73854
1.74245
1.7454
1.74753
1.23071
1.26107
1.29228
1.32445
1.35904
1.3943
1.43032
1.46799
1.50398
1.54155
1.57706
1.61302
1.64757
1.68127
1.71412
1.74479
1.77453
1.79963
1.81858
1.82132
1.81322
1.79214
1.74448
1.64329
1.49928
1.38481
1.27708
1.12792
1.02061
0.994698
1.00513
1.02511
1.06232
1.10867
1.15199
1.19075
1.22667
1.26075
1.29305
1.32394
1.35343
1.38158
1.40791
1.43231
1.45444
1.47429
1.49117
1.505
1.5163
1.52556
1.53105
1.5337
1.53436
1.5324
1.52783
1.5227
1.51822
1.5157
1.51497
1.51587
1.51755
1.51984
1.52379
1.52899
1.53512
1.54136
1.54805
1.55456
1.56139
1.56807
1.57514
1.58206
1.58941
1.59656
1.60415
1.61146
1.61923
1.62664
1.63451
1.64196
1.64987
1.6573
1.66518
1.67252
1.68028
1.68744
1.69501
1.70187
1.70914
1.71552
1.72231
1.72793
1.7341
1.73908
1.74456
1.74852
1.75226
1.75414
1.75498
1.75719
1.24479
1.27532
1.30491
1.33471
1.36568
1.39851
1.43156
1.46591
1.50039
1.53493
1.56922
1.60313
1.63617
1.66867
1.69975
1.72958
1.7558
1.77778
1.78435
1.77809
1.76156
1.72255
1.63897
1.5124
1.42177
1.37634
1.3381
1.26906
1.16963
1.09221
1.06609
1.07094
1.08547
1.11582
1.15713
1.19705
1.23428
1.26897
1.30143
1.33239
1.36199
1.39037
1.41708
1.44248
1.4662
1.48831
1.50806
1.52546
1.53978
1.55197
1.56212
1.56904
1.57264
1.57418
1.5737
1.57058
1.56551
1.56092
1.55728
1.55537
1.55535
1.55649
1.55824
1.56101
1.56567
1.57138
1.57774
1.58392
1.59041
1.59671
1.60341
1.60994
1.61694
1.62367
1.63092
1.6378
1.64524
1.65223
1.65976
1.66683
1.67437
1.68144
1.68894
1.69589
1.70328
1.70992
1.7171
1.72321
1.72994
1.73529
1.74118
1.74594
1.75098
1.75499
1.75842
1.76059
1.76147
1.76129
1.7596
1.76215
1.26334
1.28903
1.31768
1.34535
1.37439
1.40403
1.43515
1.46686
1.49871
1.5315
1.56358
1.5958
1.62741
1.65788
1.6874
1.71414
1.73669
1.74632
1.74185
1.72742
1.69273
1.62117
1.49993
1.4113
1.37984
1.37326
1.36694
1.34617
1.30122
1.22995
1.1604
1.12603
1.12408
1.13598
1.15997
1.19555
1.23445
1.27152
1.3058
1.33806
1.36858
1.3974
1.42485
1.45103
1.47613
1.49957
1.52143
1.54116
1.55894
1.57401
1.587
1.59792
1.60636
1.61094
1.61297
1.61339
1.61169
1.60744
1.6027
1.5981
1.5954
1.59428
1.59485
1.596
1.59812
1.60178
1.6073
1.61306
1.61934
1.62537
1.63181
1.63792
1.64458
1.65088
1.65779
1.66429
1.67134
1.67798
1.68509
1.69175
1.6989
1.70543
1.71259
1.71883
1.72582
1.73166
1.7381
1.74336
1.74876
1.75334
1.75794
1.76177
1.76499
1.76707
1.76792
1.76781
1.76692
1.76466
1.75865
1.75966
1.28138
1.30209
1.33018
1.35736
1.38407
1.41198
1.4401
1.46996
1.49964
1.52991
1.56042
1.59058
1.62035
1.64901
1.67526
1.69789
1.70907
1.70622
1.69262
1.66084
1.59541
1.47656
1.38643
1.35827
1.36078
1.37203
1.38302
1.3848
1.37471
1.34295
1.28575
1.21903
1.18021
1.17418
1.18435
1.20331
1.2342
1.27095
1.30746
1.34192
1.3741
1.40403
1.43232
1.45928
1.4851
1.5095
1.53255
1.55418
1.57423
1.59232
1.60814
1.62166
1.63339
1.64279
1.6487
1.65153
1.65247
1.65192
1.64896
1.64395
1.6395
1.63554
1.63359
1.63303
1.6338
1.6352
1.63806
1.64236
1.64812
1.65387
1.6601
1.66597
1.67225
1.67819
1.68463
1.69066
1.6973
1.70333
1.71013
1.71611
1.72292
1.72879
1.73535
1.74102
1.74701
1.7522
1.75724
1.76155
1.76574
1.76932
1.77225
1.77415
1.77484
1.7746
1.7736
1.77117
1.76609
1.76093
1.75302
1.75178
1.30579
1.3192
1.34241
1.36952
1.39544
1.42106
1.44761
1.47454
1.50272
1.5308
1.55919
1.58723
1.61486
1.64027
1.66228
1.67392
1.67178
1.65832
1.62767
1.56465
1.45272
1.36064
1.33274
1.33692
1.35121
1.37446
1.39744
1.40944
1.4109
1.40415
1.38105
1.33515
1.2758
1.23767
1.22756
1.23497
1.24853
1.27368
1.30782
1.34357
1.37768
1.40926
1.43888
1.46708
1.49365
1.51891
1.54286
1.56578
1.58726
1.60732
1.6254
1.64162
1.65568
1.66813
1.67834
1.68566
1.68943
1.69086
1.69103
1.68936
1.68546
1.68029
1.67581
1.67259
1.67114
1.67128
1.67205
1.67387
1.67756
1.68249
1.68822
1.6937
1.69977
1.7052
1.71139
1.71679
1.72306
1.72851
1.73474
1.74024
1.74626
1.75166
1.7572
1.76215
1.76682
1.77082
1.77446
1.77773
1.7803
1.78184
1.78233
1.78176
1.78053
1.77727
1.77275
1.76651
1.76009
1.75341
1.74578
1.74464
1.33098
1.33748
1.35613
1.38122
1.40636
1.43099
1.45565
1.48118
1.5068
1.53339
1.55954
1.58535
1.60941
1.63038
1.64162
1.63938
1.62554
1.59487
1.53218
1.42475
1.33061
1.30293
1.30775
1.32337
1.34923
1.3796
1.40735
1.42603
1.43511
1.4371
1.43333
1.41735
1.38217
1.33463
1.29735
1.28192
1.28502
1.29511
1.31485
1.34504
1.37849
1.41164
1.4433
1.4731
1.50103
1.52717
1.55223
1.57598
1.59877
1.61988
1.63992
1.65812
1.67476
1.68927
1.7022
1.7132
1.72155
1.7266
1.72899
1.72952
1.72877
1.72591
1.7209
1.71628
1.71182
1.70946
1.70836
1.70875
1.70985
1.71231
1.71665
1.72134
1.72712
1.73218
1.73793
1.74293
1.7485
1.75352
1.75888
1.76383
1.7688
1.77337
1.7776
1.7812
1.78427
1.78707
1.78923
1.79034
1.79055
1.78976
1.788
1.78395
1.77934
1.77252
1.76599
1.75908
1.75252
1.74846
1.74344
1.74418
1.36772
1.36288
1.37199
1.39191
1.41727
1.44153
1.46505
1.48864
1.51267
1.53671
1.56075
1.58321
1.6025
1.61261
1.60963
1.59498
1.56342
1.50037
1.39322
1.29825
1.27117
1.2772
1.29365
1.32179
1.35548
1.3856
1.41248
1.43421
1.45094
1.46056
1.46464
1.46453
1.45545
1.43087
1.39458
1.35728
1.33786
1.3358
1.34363
1.35811
1.38232
1.41315
1.44569
1.47712
1.5065
1.53415
1.56045
1.58549
1.60896
1.63138
1.65234
1.67241
1.6907
1.70763
1.7224
1.73592
1.74757
1.75689
1.76313
1.76653
1.76744
1.76732
1.76552
1.76159
1.75596
1.75128
1.74723
1.74573
1.74498
1.74544
1.74688
1.74982
1.75444
1.75897
1.76405
1.76873
1.77353
1.77798
1.78238
1.78642
1.79014
1.79327
1.79576
1.79782
1.79944
1.80011
1.79982
1.79884
1.79642
1.79156
1.78624
1.7792
1.77195
1.76518
1.75844
1.75448
1.75093
1.75044
1.75027
1.75226
1.41185
1.3892
1.3911
1.40516
1.42697
1.45135
1.47441
1.49663
1.51881
1.54066
1.56124
1.57887
1.58729
1.58292
1.56703
1.53351
1.46856
1.36019
1.2687
1.24292
1.24971
1.26621
1.29525
1.33
1.36187
1.38937
1.41494
1.43771
1.45867
1.47669
1.48789
1.49554
1.49783
1.49477
1.48055
1.45269
1.41977
1.39693
1.38855
1.3935
1.40293
1.42105
1.44844
1.47923
1.5098
1.53937
1.56732
1.59364
1.61813
1.64154
1.66378
1.68497
1.70472
1.72311
1.74011
1.75541
1.76943
1.78167
1.79176
1.79895
1.8034
1.80514
1.80519
1.80405
1.80072
1.7958
1.78994
1.78547
1.78213
1.78088
1.7804
1.78095
1.78264
1.7857
1.78971
1.79375
1.79773
1.80138
1.80459
1.80723
1.8091
1.81026
1.81109
1.81123
1.81055
1.80884
1.80573
1.80018
1.79398
1.78679
1.77857
1.7719
1.76496
1.76078
1.75808
1.75761
1.75902
1.76115
1.7644
1.76746
1.50356
1.42936
1.41702
1.42189
1.43812
1.46042
1.48298
1.50418
1.52455
1.54335
1.55918
1.56537
1.55915
1.5416
1.50529
1.43673
1.327
1.23819
1.21418
1.22164
1.23968
1.26982
1.30525
1.33743
1.36588
1.3918
1.41635
1.44042
1.46321
1.48557
1.50384
1.51887
1.52853
1.53421
1.53479
1.52829
1.50986
1.48267
1.45693
1.44419
1.44342
1.4503
1.46297
1.48437
1.51286
1.54298
1.57238
1.59972
1.62566
1.65031
1.67406
1.69603
1.71711
1.7366
1.75541
1.7725
1.78839
1.80238
1.81534
1.82583
1.83413
1.83954
1.8421
1.84229
1.84162
1.8393
1.83429
1.82839
1.82252
1.81849
1.81545
1.81441
1.8137
1.81414
1.81552
1.81791
1.8206
1.82289
1.82443
1.82501
1.82495
1.82435
1.8232
1.8205
1.81626
1.81007
1.80275
1.79523
1.78636
1.7789
1.77233
1.76767
1.76533
1.76523
1.76666
1.76914
1.77316
1.77853
1.78384
1.78731
1.67988
1.48717
1.44907
1.44459
1.45178
1.46882
1.49062
1.51119
1.5291
1.54347
1.54727
1.53871
1.51891
1.47903
1.40419
1.29491
1.21021
1.18659
1.19411
1.21355
1.24519
1.28158
1.31395
1.34277
1.36902
1.39397
1.41887
1.44326
1.46775
1.49174
1.51402
1.53459
1.55097
1.56279
1.57229
1.57496
1.57375
1.56412
1.54353
1.51988
1.50235
1.49541
1.49957
1.50746
1.52273
1.54701
1.57561
1.60392
1.6318
1.65843
1.68312
1.70602
1.72775
1.74887
1.76876
1.78775
1.8048
1.82095
1.83516
1.84857
1.85956
1.86867
1.87474
1.87829
1.87892
1.87845
1.87654
1.87225
1.86563
1.85951
1.85367
1.84941
1.84626
1.84401
1.8431
1.84228
1.84204
1.84149
1.84076
1.83948
1.83728
1.83364
1.82835
1.82166
1.81347
1.8047
1.79539
1.7871
1.78032
1.77556
1.7733
1.77353
1.77496
1.7776
1.78197
1.78775
1.79368
1.79938
1.80459
1.80764
1.96674
1.59538
1.48615
1.46713
1.46752
1.47827
1.49625
1.51598
1.5308
1.53303
1.52188
1.49927
1.45458
1.37154
1.261
1.18164
1.16056
1.16905
1.19067
1.22434
1.26047
1.29265
1.32117
1.34707
1.37239
1.39716
1.42228
1.44752
1.47251
1.49786
1.52164
1.54519
1.56637
1.58382
1.59922
1.60977
1.61656
1.61781
1.61452
1.60249
1.58221
1.56214
1.55146
1.54958
1.55501
1.56483
1.58207
1.60827
1.63671
1.66425
1.68983
1.71452
1.73806
1.7606
1.78149
1.80108
1.81942
1.83679
1.85302
1.86771
1.88126
1.89248
1.90217
1.90883
1.91331
1.91432
1.91392
1.91215
1.90801
1.90145
1.89403
1.88662
1.88017
1.87454
1.8701
1.86572
1.86191
1.85749
1.85335
1.8486
1.84236
1.83481
1.82553
1.81567
1.80563
1.79653
1.78924
1.78427
1.78193
1.78249
1.78394
1.78674
1.79145
1.79728
1.80346
1.8094
1.81531
1.82008
1.8238
1.82587
2.34968
1.81926
1.56983
1.50435
1.49104
1.49251
1.5032
1.51745
1.52082
1.508
1.48186
1.43076
1.33832
1.2256
1.15373
1.13717
1.14628
1.16952
1.2045
1.24076
1.2727
1.3005
1.32632
1.35139
1.37647
1.40189
1.42734
1.45312
1.47862
1.50429
1.52937
1.5539
1.57775
1.59891
1.61892
1.63437
1.64786
1.65786
1.66157
1.66161
1.6562
1.64221
1.6243
1.6084
1.60078
1.60297
1.60914
1.62108
1.6414
1.66645
1.69326
1.7204
1.7464
1.76997
1.79211
1.81272
1.8326
1.85117
1.86865
1.88463
1.89925
1.91273
1.92421
1.9342
1.94115
1.94609
1.94718
1.94668
1.94472
1.94015
1.93304
1.92369
1.91443
1.90471
1.89565
1.88696
1.87765
1.86903
1.86011
1.85002
1.8393
1.82821
1.81727
1.80746
1.79964
1.79437
1.79189
1.79245
1.79393
1.79681
1.80174
1.8075
1.81384
1.81984
1.826
1.83098
1.83525
1.83809
1.83979
1.8409
2.64253
2.2081
1.74059
1.55865
1.51952
1.51038
1.51017
1.50981
1.49751
1.467
1.40715
1.30261
1.18881
1.12606
1.11483
1.12527
1.1511
1.18831
1.22451
1.2554
1.28237
1.30747
1.3321
1.35706
1.38246
1.40816
1.43413
1.46007
1.48606
1.51188
1.53745
1.56254
1.58718
1.61039
1.6329
1.65262
1.66968
1.6854
1.69643
1.70435
1.70596
1.70483
1.69748
1.68271
1.66633
1.65519
1.65041
1.65422
1.66158
1.67569
1.69789
1.72293
1.74853
1.7739
1.798
1.82125
1.84267
1.86287
1.88137
1.89867
1.91479
1.9292
1.94275
1.95391
1.96407
1.97112
1.97575
1.97637
1.97554
1.97292
1.96715
1.95804
1.94606
1.93294
1.91873
1.90379
1.88908
1.87463
1.85968
1.84522
1.83176
1.82019
1.81131
1.80559
1.803
1.80361
1.80511
1.80799
1.81297
1.81857
1.82501
1.83097
1.83721
1.8422
1.84662
1.84966
1.85161
1.85236
1.85224
1.85307
2.79693
2.52637
2.02865
1.66878
1.55502
1.52648
1.5118
1.49205
1.45152
1.37766
1.25918
1.14827
1.09916
1.09495
1.10774
1.13825
1.17822
1.21264
1.24149
1.26701
1.29111
1.31513
1.33965
1.36467
1.39034
1.41623
1.44239
1.46852
1.49453
1.52048
1.54599
1.57132
1.59607
1.62005
1.64344
1.66532
1.68541
1.70394
1.71913
1.73343
1.74324
1.74761
1.74808
1.74532
1.73664
1.72216
1.70709
1.69868
1.69739
1.7022
1.71179
1.72849
1.75074
1.77475
1.7995
1.82334
1.84639
1.86815
1.88831
1.90767
1.92473
1.94128
1.95539
1.96866
1.97989
1.9888
1.99585
1.9979
1.99768
1.99598
1.9917
1.98287
1.96964
1.95298
1.93376
1.91353
1.89305
1.87286
1.85421
1.8383
1.82629
1.81806
1.81452
1.81463
1.81607
1.81895
1.82365
1.82936
1.83559
1.84189
1.84779
1.85299
1.85731
1.86057
1.8626
1.86343
1.86339
1.8625
1.86063
1.86095
2.89149
2.74079
2.40454
1.90123
1.63876
1.55227
1.50649
1.44498
1.34636
1.21155
1.10289
1.06608
1.0711
1.09084
1.12613
1.16575
1.19978
1.22769
1.25198
1.27515
1.29856
1.32263
1.34763
1.37319
1.39912
1.42519
1.45109
1.47703
1.50266
1.52823
1.55345
1.5784
1.603
1.62698
1.65063
1.6733
1.69495
1.71564
1.73349
1.75037
1.7653
1.77625
1.78428
1.786
1.78523
1.78078
1.77001
1.75696
1.74418
1.73768
1.73996
1.74598
1.75723
1.77604
1.79793
1.82097
1.84471
1.86717
1.88893
1.90913
1.92777
1.94575
1.96075
1.97547
1.98704
1.99708
2.00496
2.00776
2.0078
2.00655
2.00248
1.99327
1.97872
1.95991
1.93791
1.91415
1.89049
1.86899
1.8514
1.8385
1.83055
1.8278
1.82864
1.83036
1.83397
1.83897
1.84483
1.8512
1.857
1.86223
1.86642
1.86975
1.8719
1.87284
1.87283
1.87208
1.87073
1.86798
1.86392
1.86226
2.94086
2.86508
2.67725
2.28787
1.81607
1.59312
1.47858
1.33129
1.15906
1.05052
1.0241
1.03647
1.06846
1.11193
1.15126
1.18408
1.21096
1.23427
1.25669
1.27955
1.30333
1.32803
1.35342
1.37911
1.4049
1.43071
1.45635
1.48196
1.50728
1.53244
1.55725
1.58175
1.60593
1.62957
1.65293
1.67557
1.69747
1.71888
1.73837
1.7569
1.77367
1.7883
1.80162
1.81064
1.8152
1.81562
1.8141
1.80837
1.79689
1.78301
1.77479
1.7712
1.77524
1.78276
1.79655
1.81623
1.8378
1.85954
1.88178
1.90295
1.92269
1.94169
1.95773
1.97316
1.98572
1.99556
2.00324
2.00499
2.00491
2.00307
1.99768
1.98662
1.97028
1.95013
1.92841
1.90651
1.88735
1.87163
1.85934
1.85133
1.8469
1.84671
1.84763
1.85002
1.85406
1.85904
1.86387
1.86893
1.87299
1.87633
1.87853
1.87956
1.87956
1.87896
1.87765
1.87486
1.87121
1.8665
1.86122
1.85884
2.96685
2.92456
2.81664
2.57981
2.11934
1.66359
1.37506
1.10857
0.978866
0.966967
0.990707
1.03549
1.08677
1.12807
1.16051
1.18654
1.20922
1.23153
1.25455
1.2786
1.30351
1.32865
1.35393
1.37934
1.40458
1.42996
1.45502
1.48007
1.50481
1.52924
1.55346
1.57722
1.60071
1.62381
1.64644
1.66864
1.69032
1.71133
1.73158
1.75084
1.76896
1.78519
1.80101
1.81417
1.82442
1.83185
1.83355
1.83288
1.83028
1.82325
1.81239
1.79987
1.79404
1.7952
1.80031
1.8098
1.82557
1.84507
1.86636
1.88718
1.90668
1.92573
1.94258
1.95764
1.97063
1.97953
1.98423
1.98502
1.98454
1.98082
1.97149
1.95813
1.94313
1.92714
1.91214
1.89985
1.88898
1.88066
1.87365
1.86915
1.86621
1.86573
1.86605
1.8671
1.86899
1.87224
1.8752
1.87831
1.8806
1.88205
1.88217
1.8819
1.8808
1.87808
1.87467
1.86973
1.86492
1.85954
1.85416
1.8517
2.97954
2.94809
2.88049
2.71016
2.34649
1.7408
1.12959
0.823808
0.815846
0.867272
0.934434
1.00163
1.05344
1.09212
1.12224
1.1481
1.17333
1.19912
1.22556
1.25242
1.27956
1.30659
1.33301
1.35907
1.38473
1.4102
1.4353
1.46013
1.4846
1.50868
1.53243
1.55566
1.57862
1.60092
1.62301
1.6444
1.6656
1.68621
1.70636
1.72613
1.74487
1.76276
1.77968
1.79533
1.80931
1.82159
1.83006
1.83477
1.83556
1.83451
1.83111
1.82225
1.81174
1.80466
1.80022
1.80429
1.81172
1.82383
1.84054
1.85877
1.87752
1.89556
1.91241
1.92628
1.93664
1.9431
1.94469
1.94481
1.94288
1.93578
1.92602
1.91571
1.90603
1.89831
1.89385
1.89022
1.88736
1.88482
1.88253
1.88011
1.87772
1.87598
1.87466
1.87402
1.8738
1.87406
1.87483
1.87557
1.87616
1.8756
1.87442
1.87228
1.86951
1.86502
1.86061
1.85494
1.85012
1.84518
1.84074
1.83893
2.98209
2.95899
2.89577
2.75037
2.40321
1.73213
0.870575
0.519749
0.586813
0.68453
0.788905
0.866859
0.924088
0.96853
1.00603
1.04066
1.07405
1.10657
1.13826
1.16909
1.19923
1.229
1.25854
1.28744
1.3157
1.3434
1.37055
1.3971
1.42322
1.44861
1.47368
1.49793
1.52187
1.54513
1.56804
1.59052
1.61261
1.63446
1.65575
1.6768
1.69706
1.71665
1.7354
1.75285
1.76938
1.78457
1.7973
1.80762
1.81508
1.81734
1.81733
1.81636
1.81239
1.80365
1.79382
1.78977
1.79078
1.79596
1.80445
1.81632
1.83156
1.84749
1.86138
1.87194
1.87899
1.88176
1.88296
1.88232
1.8777
1.87233
1.86707
1.86385
1.86331
1.86508
1.86761
1.87104
1.87453
1.87635
1.87683
1.87634
1.87543
1.87342
1.87063
1.86763
1.86518
1.86282
1.86104
1.85912
1.85731
1.85485
1.85218
1.84813
1.8439
1.83862
1.83385
1.82874
1.82463
1.82112
1.81795
1.81734
2.98452
2.95971
2.90375
2.75761
2.4145
1.70803
0.742173
0.306793
0.40725
0.529571
0.622824
0.694856
0.75353
0.804472
0.850902
0.894184
0.934966
0.973641
1.01057
1.04595
1.08006
1.11298
1.14505
1.1764
1.20698
1.23685
1.26636
1.29529
1.324
1.35207
1.37977
1.40683
1.43334
1.45934
1.48478
1.50975
1.53428
1.55831
1.58179
1.60484
1.62708
1.64865
1.66945
1.68899
1.70766
1.7253
1.74123
1.75556
1.76781
1.77666
1.78152
1.78321
1.78331
1.78186
1.77522
1.76764
1.76081
1.75714
1.75895
1.76391
1.77131
1.77948
1.78778
1.79277
1.79643
1.79804
1.79832
1.79722
1.79586
1.79758
1.80011
1.80447
1.8119
1.82057
1.82998
1.8374
1.84481
1.84992
1.8536
1.85432
1.85518
1.85441
1.85184
1.84788
1.84303
1.83835
1.83322
1.82854
1.82328
1.81841
1.81274
1.80746
1.80155
1.79662
1.79154
1.78808
1.78468
1.78329
1.78102
1.78204
2.98493
2.96039
2.90571
2.76008
2.41757
1.70186
0.711852
0.263954
0.367908
0.460503
0.521254
0.572901
0.622852
0.671677
0.718678
0.763492
0.806163
0.846904
0.885934
0.923395
0.959548
0.994528
1.02856
1.06198
1.0949
1.12732
1.15919
1.19063
1.22142
1.25189
1.28157
1.31107
1.3397
1.36824
1.3958
1.42331
1.44968
1.476
1.50103
1.52592
1.54963
1.57276
1.59516
1.6164
1.63702
1.65639
1.67486
1.69178
1.70728
1.72058
1.73079
1.73735
1.73988
1.74065
1.73979
1.73466
1.72479
1.71489
1.7065
1.70078
1.69745
1.69479
1.69322
1.69124
1.68948
1.69003
1.69253
1.69566
1.70025
1.70812
1.72006
1.73364
1.7473
1.76138
1.77479
1.78674
1.79761
1.8063
1.81269
1.81586
1.81738
1.81819
1.81625
1.81215
1.80576
1.79833
1.78991
1.78144
1.77258
1.76429
1.756
1.7488
1.74208
1.73701
1.73267
1.73026
1.7283
1.72817
1.72749
1.72946
2.98505
2.9606
2.90595
2.76048
2.41696
1.69737
0.702329
0.254577
0.365093
0.449501
0.491035
0.524143
0.561082
0.601271
0.642227
0.682685
0.722199
0.760687
0.798158
0.834693
0.870358
0.905364
0.939735
0.973586
1.00706
1.04015
1.07288
1.10518
1.13712
1.16862
1.19971
1.23033
1.26042
1.28995
1.31886
1.34717
1.37473
1.40177
1.42796
1.45374
1.47861
1.50318
1.52667
1.54996
1.57207
1.59354
1.61414
1.63337
1.65143
1.66755
1.68156
1.6924
1.69786
1.69986
1.69996
1.69768
1.6891
1.6748
1.65731
1.63927
1.62185
1.60706
1.59511
1.58747
1.58446
1.58848
1.59401
1.60278
1.61504
1.63186
1.65032
1.66901
1.6876
1.70449
1.72082
1.73471
1.74734
1.75694
1.76417
1.76762
1.76821
1.76802
1.76586
1.76033
1.75139
1.74062
1.72805
1.71531
1.70222
1.69018
1.67925
1.66997
1.66245
1.65712
1.65301
1.65124
1.65007
1.65054
1.65111
1.65354
2.9847
2.96121
2.90537
2.76123
2.41679
1.69678
0.701077
0.254522
0.367288
0.451196
0.487747
0.513919
0.544704
0.579925
0.616781
0.653737
0.690211
0.725987
0.760988
0.795263
0.828935
0.862147
0.89509
0.927791
0.960369
0.992728
1.02488
1.05674
1.08828
1.11951
1.1503
1.18075
1.21068
1.2402
1.26922
1.29775
1.32582
1.3534
1.38051
1.40705
1.43325
1.45854
1.48367
1.50756
1.53112
1.55326
1.57481
1.59458
1.61333
1.63027
1.64491
1.65695
1.6648
1.66721
1.66685
1.6646
1.65711
1.64148
1.61877
1.59192
1.56413
1.53929
1.52006
1.50837
1.50762
1.51245
1.51943
1.53184
1.54819
1.56727
1.58717
1.60704
1.62585
1.64321
1.65957
1.67321
1.68591
1.69497
1.70247
1.70479
1.70513
1.70442
1.70162
1.69471
1.68424
1.67096
1.65619
1.64003
1.62464
1.60975
1.59733
1.58691
1.57934
1.57426
1.57123
1.57053
1.57086
1.57245
1.57396
1.57839
)
;

boundaryField
{
    inlet
    {
        type            calculated;
        value           uniform 3.00001;
    }
    outlet
    {
        type            calculated;
        value           nonuniform List<scalar> 
40
(
1.07905
1.18103
1.26167
1.33317
1.39007
1.44041
1.48055
1.51854
1.5528
1.58643
1.61808
1.64724
1.6732
1.69672
1.71732
1.73426
1.74753
1.75719
1.76215
1.75966
1.75178
1.74464
1.74418
1.75226
1.76746
1.78731
1.80764
1.82587
1.8409
1.85307
1.86095
1.86226
1.85884
1.8517
1.83893
1.81734
1.78204
1.72946
1.65354
1.57839
)
;
    }
    top
    {
        type            symmetryPlane;
    }
    bottom
    {
        type            symmetryPlane;
    }
    obstacle
    {
        type            calculated;
        value           nonuniform List<scalar> 
110
(
0.0265792
0.0557409
0.0957826
0.137862
0.182281
0.232349
0.291662
0.366282
0.466764
0.637506
0.854777
1.17426
1.31862
1.32818
1.27529
1.19037
1.1075
1.06478
1.05521
1.05549
1.05334
1.04375
1.01767
0.958278
0.833315
0.593769
0.309086
0.102228
0.000929596
0.113577
0.210421
0.295172
0.368279
0.419726
0.453095
0.47906
0.50294
0.524287
0.539219
0.547036
0.549644
0.543049
0.521527
0.483658
0.434059
0.378941
0.321922
0.265918
0.210844
0.158879
0.110019
0.0633759
0.0214738
0.0285352
0.0657529
0.103471
0.138211
0.17063
0.200556
0.229107
0.258835
0.288051
0.316047
0.342335
0.368029
0.392494
0.416621
0.439657
0.462421
0.484217
0.5058
0.526518
0.547087
0.566846
0.586506
0.605407
0.624264
0.642383
0.660494
0.677906
0.695329
0.712112
0.728904
0.745106
0.761351
0.777
0.792773
0.807893
0.823232
0.83785
0.85276
0.86691
0.881405
0.895094
0.909218
0.922454
0.936227
0.94906
0.962472
0.974945
0.987983
1.00008
1.0127
1.0243
1.03637
1.04718
1.0581
1.06701
1.07466
1.07905
)
;
    }
    frontAndBack
    {
        type            empty;
    }
}


// ************************************************************************* //
