/*--------------------------------*- C++ -*----------------------------------*\
  =========                 |
  \\      /  F ield         | OpenFOAM: The Open Source CFD Toolbox
   \\    /   O peration     | Website:  https://openfoam.org
    \\  /    A nd           | Version:  13
     \\/     M anipulation  |
\*---------------------------------------------------------------------------*/
FoamFile
{
    format      ascii;
    class       volScalarField;
    location    "4";
    object      p;
}
// * * * * * * * * * * * * * * * * * * * * * * * * * * * * * * * * * * * * * //

dimensions      [1 -1 -2 0 0 0 0];

internalField   nonuniform List<scalar> 
5250
(
1.00001
1.00003
1.00008
1.00022
1.00051
1.00137
1.00311
1.00827
1.01918
1.04973
1.12114
1.3159
1.84952
3.42077
8.0062
11.687
11.2839
11.0395
11.1233
11.3519
11.5796
11.7167
11.8214
11.904
11.9655
1.00001
1.00003
1.00008
1.00021
1.00053
1.00127
1.00325
1.00767
1.01984
1.04732
1.12132
1.30811
1.83653
3.37524
7.89133
11.7007
11.2835
11.0298
11.1144
11.344
11.5716
11.7091
11.8153
11.8993
11.9623
1
1.00003
1.00007
1.00021
1.00048
1.00129
1.00295
1.00788
1.01809
1.04762
1.11437
1.30009
1.80143
3.28206
7.63309
11.7279
11.2794
10.9998
11.083
11.3104
11.536
11.6718
11.7776
11.8612
11.9246
1
1.00003
1.00007
1.00019
1.00048
1.00117
1.00297
1.00705
1.01812
1.04333
1.11076
1.28041
1.75666
3.13768
7.23574
11.768
11.2741
10.9504
11.029
11.2499
11.4727
11.605
11.7079
11.7898
11.8545
1
1.00002
1.00007
1.00018
1.00045
1.00109
1.00276
1.00656
1.01685
1.04024
1.10282
1.25918
1.69604
2.95629
6.71278
11.805
11.2675
10.8846
10.9552
11.1645
11.3837
11.5106
11.6086
11.6879
11.7554
1
1.00002
1.00006
1.00016
1.00042
1.00099
1.00256
1.00593
1.01556
1.03648
1.09406
1.23464
1.62716
2.74853
6.08723
11.7895
11.2487
10.8032
10.8616
11.0517
11.2643
11.3822
11.4708
11.5435
11.6129
1
1.00002
1.00006
1.00016
1.00035
1.00096
1.00216
1.00578
1.01321
1.03466
1.0826
1.21401
1.55773
2.55221
5.48774
11.6344
11.1747
10.7002
10.7455
10.9082
11.1071
11.2104
11.282
11.3394
11.4054
1
1.00002
1.00005
1.00013
1.00035
1.0008
1.00212
1.00492
1.0127
1.03032
1.07685
1.192
1.50528
2.39619
5.04076
11.1917
10.9813
10.5848
10.61
10.7296
10.9042
10.984
11.0259
11.0489
11.0913
1
1.00002
1.00005
1.00013
1.00029
1.00079
1.00178
1.00477
1.01085
1.02869
1.06772
1.17566
1.45229
2.25074
4.60001
10.4873
10.6965
10.5109
10.4643
10.5246
10.6523
10.6941
10.6846
10.6341
10.5841
1
1.00001
1.00004
1.0001
1.00028
1.00065
1.00173
1.00393
1.01049
1.02414
1.06308
1.15355
1.40483
2.10171
4.15868
9.60786
10.5372
10.4112
10.2845
10.3054
10.3582
10.3414
10.2518
10.0317
9.69248
1
1.00001
1.00004
1.00009
1.00025
1.00057
1.00152
1.00349
1.00914
1.02148
1.05489
1.13527
1.35177
1.95281
3.7105
8.56978
10.4263
10.3128
10.0975
10.065
10.0407
9.94702
9.68926
9.08789
7.53019
1
1.00001
1.00003
1.00009
1.0002
1.00053
1.00123
1.00314
1.00757
1.01876
1.04653
1.11582
1.29761
1.79818
3.25205
7.37422
10.3436
10.215
9.92998
9.81768
9.72873
9.53413
9.11846
8.28642
6.63922
1
1.00001
1.00003
1.00007
1.00017
1.00042
1.00106
1.00253
1.00645
1.01527
1.03906
1.09475
1.24421
1.64257
2.79066
6.07164
10.2344
10.1085
9.78852
9.57681
9.42104
9.14307
8.62551
7.76402
6.42088
1
1.00001
1.00002
1.00006
1.00013
1.00036
1.00082
1.00215
1.00498
1.01277
1.03057
1.07681
1.19166
1.50019
2.36126
4.79344
9.91838
9.90515
9.6766
9.35594
9.12674
8.80135
8.26613
7.46747
6.3924
1
1.00001
1.00002
1.00005
1.00011
1.00029
1.00066
1.00177
1.00401
1.01057
1.02458
1.06309
1.15478
1.4036
2.09133
4.06851
9.02255
9.63071
9.478
9.15192
8.8645
8.51571
8.00229
7.28732
6.39051
1
1
1.00001
1.00004
1.0001
1.00022
1.00058
1.00131
1.0035
1.00792
1.02102
1.04893
1.1267
1.31882
1.86187
3.40382
7.54747
9.35489
9.26158
8.99606
8.64726
8.28004
7.79707
7.15869
6.38652
1
1
1.00001
1.00003
1.00007
1.00019
1.00042
1.00112
1.00253
1.00673
1.01535
1.04026
1.09586
1.24895
1.65136
2.80119
5.98807
9.16471
9.11761
8.89237
8.48022
8.08832
7.63056
7.05663
6.37901
1
1
1.00001
1.00002
1.00006
1.00013
1.00034
1.0008
1.00205
1.00473
1.0123
1.0286
1.07337
1.1793
1.46785
2.24779
4.37815
8.74835
8.9793
8.7954
8.3814
7.94142
7.49461
6.97258
6.3702
1
1
1.00001
1.00002
1.00004
1.00011
1.00025
1.00062
1.00153
1.00366
1.00925
1.02195
1.05564
1.1359
1.35142
1.9338
3.57509
7.67985
8.72689
8.6072
8.28385
7.82147
7.38107
6.90069
6.36005
1
1
1
1.00001
1.00003
1.00008
1.00018
1.00048
1.0011
1.00287
1.00667
1.01694
1.04088
1.1024
1.25835
1.68181
2.86493
6.03791
8.45511
8.41311
8.1966
7.74524
7.29277
6.83948
6.34885
1
1
1
1.00001
1.00002
1.00006
1.00013
1.00035
1.00079
1.00209
1.0047
1.01241
1.02846
1.07353
1.17802
1.46395
2.22321
4.23946
7.99924
8.27631
8.11648
7.72583
7.23844
6.79344
6.34013
1
1
1
1.00001
1.00002
1.00004
1.0001
1.00025
1.00057
1.0015
1.0034
1.00894
1.02045
1.05309
1.12677
1.32873
1.85947
3.32476
6.9078
8.04983
7.95927
7.68472
7.21292
6.76516
6.33654
1
1
1
1
1.00001
1.00003
1.00007
1.00017
1.00044
1.00099
1.00259
1.006
1.01521
1.03653
1.0911
1.22797
1.59383
2.59293
5.21847
7.717
7.74722
7.59901
7.22713
6.76628
6.33927
1
1
1
1
1.00001
1.00002
1.00005
1.00012
1.0003
1.0007
1.00173
1.00422
1.01008
1.02523
1.06044
1.15179
1.38241
1.999
3.59393
7.01335
7.61436
7.51215
7.22607
6.78112
6.35081
1
1
1
1
1.00001
1.00001
1.00003
1.00008
1.00021
1.00047
1.00122
1.00279
1.00716
1.0168
1.04207
1.10243
1.25873
1.67039
2.77664
5.5628
7.36257
7.35029
7.20239
6.83766
6.38064
1
1
1
1
1
1.00001
1.00002
1.00005
1.00014
1.00031
1.00081
1.00183
1.00479
1.01078
1.02822
1.0652
1.16694
1.41565
2.07857
3.73252
6.83059
7.24757
7.14913
6.88496
6.44048
1
1
1
1
1
1.00001
1.00001
1.00004
1.00008
1.00022
1.0005
1.0013
1.00299
1.00759
1.01794
1.04444
1.1086
1.27268
1.70373
2.83926
5.61588
7.02578
7.01595
6.87507
6.5428
1
1
1
1
1
1
1.00001
1.00002
1.00006
1.00014
1.00033
1.00085
1.00191
1.005
1.01123
1.02943
1.06779
1.17376
1.43192
2.11803
3.81855
6.52206
6.90497
6.82443
6.59574
1
1
1
1
1
1
1.00001
1.00002
1.00004
1.00009
1.00021
1.00055
1.00124
1.00319
1.00735
1.01845
1.04407
1.10907
1.27109
1.69408
2.78692
5.38099
6.67418
6.68909
6.5799
1
1
1
1
1
1
1
1.00001
1.00002
1.00006
1.00014
1.00034
1.00078
1.002
1.00454
1.01174
1.02673
1.06859
1.16274
1.41683
2.05031
3.61366
6.14906
6.57813
6.52433
1
1
1
1
1
1
1
1.00001
1.00001
1.00004
1.00008
1.00021
1.00048
1.00126
1.00281
1.00735
1.01656
1.04273
1.09997
1.25448
1.63807
2.62959
4.97471
6.33196
6.4063
1
1
1
1
1
1
1
1
1.00001
1.00002
1.00005
1.00012
1.00031
1.00071
1.00182
1.00412
1.0106
1.02405
1.06137
1.14447
1.36576
1.90461
3.19276
5.7642
6.29216
1
1
1
1
1
1
1
1
1.00001
1.00001
1.00003
1.00008
1.00018
1.00047
1.00105
1.00269
1.00613
1.01548
1.03636
1.09003
1.22034
1.55641
2.40742
4.47206
5.98992
1
1
1
1
1
1
1
1
1
1.00001
1.00002
1.00005
1.00011
1.00027
1.00062
1.0016
1.00359
1.00928
1.0209
1.05351
1.12498
1.31583
1.77878
2.90159
5.2735
1
1
1
1
1
1
1
1
1
1
1.00001
1.00003
1.00007
1.00015
1.00039
1.00091
1.0022
1.00539
1.01257
1.03153
1.07381
1.18497
1.45483
2.14151
3.77543
1
1
1
1
1
1
1
1
1
1
1.00001
1.00002
1.00004
1.0001
1.00022
1.00055
1.00128
1.00308
1.00748
1.01764
1.04352
1.10358
1.25703
1.63436
2.55651
1
1
1
1
1
1
1
1
1
1
1
1.00001
1.00002
1.00005
1.00013
1.0003
1.00075
1.00171
1.00426
1.00998
1.02408
1.05795
1.13968
1.34254
1.83185
1
1
1
1
1
1
1
1
1
1
1
1.00001
1.00001
1.00003
1.00007
1.00017
1.00043
1.00097
1.00249
1.00556
1.01426
1.03227
1.08155
1.19273
1.48329
1
1
1
1
1
1
1
1
1
1
1
1
1.00001
1.00002
1.00004
1.0001
1.00023
1.00058
1.0013
1.00331
1.00748
1.0188
1.04353
1.10731
1.25872
1
1
1
1
1
1
1
1
1
1
1
1
1
1.00001
1.00002
1.00005
1.00013
1.0003
1.00077
1.0017
1.00436
1.00967
1.02466
1.05605
1.13952
1
1
1
1
1
1
1
1
1
1
1
1
1
1.00001
1.00001
1.00003
1.00007
1.00017
1.00041
1.00099
1.00227
1.00573
1.01284
1.03269
1.07454
1
1
1
1
1
1
1
1
1
1
1
1
1
1
1.00001
1.00002
1.00004
1.00009
1.00023
1.00052
1.0013
1.00292
1.00742
1.0166
1.04203
1
1
1
1
1
1
1
1
1
1
1
1
1
1
1
1.00001
1.00002
1.00005
1.00012
1.0003
1.00066
1.00168
1.00371
1.00947
1.02113
1
1
1
1
1
1
1
1
1
1
1
1
1
1
1
1
1.00001
1.00003
1.00007
1.00016
1.00037
1.00094
1.00209
1.0053
1.01179
1
1
1
1
1
1
1
1
1
1
1
1
1
1
1
1
1.00001
1.00002
1.00004
1.0001
1.00025
1.00056
1.00143
1.00317
1.00814
1
1
1
1
1
1
1
1
1
1
1
1
1
1
1
1
1.00001
1.00001
1.00003
1.00008
1.00018
1.00046
1.00103
1.0027
1.00605
1
1
1
1
1
1
1
1
1
1
1
1
1
1
1
1
1
1.00001
1.00003
1.00006
1.00017
1.00038
1.00098
1.00229
1.0058
1
1
1
1
1
1
1
1
1
1
1
1
1
1
1
1
1
1.00001
1.00003
1.00006
1.00016
1.00036
1.00095
1.00215
1.00578
1
1
1
1
1
1
1
1
1
1
1
1
1
1
1
1
1
1.00001
1.00003
1.00006
1.00015
1.00035
1.00094
1.00213
1.00571
1
1
1
1
1
1
1
1
1
1
1
1
1
1
1
1
1
1.00001
1.00002
1.00006
1.00015
1.00035
1.00093
1.00213
1.0057
3.0278
1.53286
1.03806
0.94188
0.969064
1.05314
1.22982
1.3705
1.41932
1.41951
1.42133
1.43141
1.46254
1.53913
1.71002
2.08166
2.80741
3.30717
3.41335
3.45667
3.43732
3.3813
3.32165
3.27712
3.24157
3.20685
3.16984
3.14215
3.13027
3.12722
3.13562
3.17171
3.24848
3.36817
3.51309
3.66444
3.81189
3.94745
4.07
4.17636
4.26471
4.33806
4.39508
4.44733
4.4864
4.51073
4.52516
4.53159
4.53067
4.52538
4.51237
4.49157
4.46646
4.43857
4.4069
4.3726
4.3353
4.29611
4.25481
4.21221
4.16814
4.12322
4.07728
4.03079
3.98357
3.93596
3.88782
3.83942
3.79064
3.74168
3.6925
3.64325
3.59393
3.54466
3.49547
3.44649
3.39775
3.34935
3.30136
3.25386
3.20691
3.16054
3.11483
3.06976
3.02539
2.98169
2.9387
2.89637
2.85476
2.81378
2.77355
2.734
2.69524
2.65739
2.62066
2.58522
2.55173
2.52112
2.49508
2.47795
3.73104
2.33882
1.74496
1.4948
1.37889
1.29625
1.2811
1.29033
1.31622
1.3699
1.42261
1.44936
1.47832
1.53998
1.67716
1.98517
2.65497
3.29581
3.45225
3.44848
3.42271
3.36657
3.31599
3.28834
3.25252
3.21379
3.17232
3.13609
3.11909
3.11473
3.12649
3.1615
3.23311
3.34852
3.49194
3.64144
3.78765
3.92131
4.04756
4.15693
4.24659
4.32108
4.3811
4.43414
4.47321
4.49949
4.51472
4.5218
4.52129
4.51743
4.50646
4.48459
4.45905
4.43135
4.40046
4.3667
4.32999
4.29113
4.25025
4.20793
4.16419
4.11947
4.07377
4.0274
3.98035
3.93283
3.88483
3.8365
3.78785
3.73898
3.68993
3.64078
3.59158
3.54242
3.49336
3.44447
3.39585
3.34754
3.29966
3.25223
3.20537
3.15908
3.11345
3.06843
3.02412
2.98046
2.93751
2.8952
2.85362
2.81265
2.77249
2.73301
2.69439
2.65649
2.61965
2.58408
2.5504
2.51948
2.49287
2.47516
4.5597
3.2628
2.4462
1.92897
1.59475
1.38961
1.26937
1.259
1.26737
1.29158
1.34196
1.39748
1.44642
1.49926
1.6065
1.83287
2.31525
3.15839
3.42855
3.42959
3.41121
3.36666
3.31404
3.2765
3.23794
3.19845
3.16175
3.13541
3.12145
3.11282
3.11797
3.14756
3.20788
3.32452
3.46906
3.61652
3.76412
3.90125
4.0265
4.13563
4.2265
4.30247
4.36435
4.41621
4.45582
4.48357
4.50015
4.50786
4.50762
4.50479
4.49592
4.47657
4.44947
4.42114
4.3908
4.35779
4.32188
4.28363
4.24333
4.20147
4.15818
4.1138
4.06842
4.02229
3.97546
3.92811
3.88028
3.8321
3.7836
3.73488
3.68599
3.63699
3.58796
3.53895
3.49006
3.44132
3.39285
3.34469
3.29695
3.24967
3.20295
3.15678
3.11128
3.06636
3.02219
2.97864
2.93575
2.89354
2.85207
2.81127
2.77113
2.73166
2.69298
2.65508
2.61817
2.58248
2.54852
2.51718
2.48983
2.47113
5.01721
3.84147
2.97157
2.366
1.95956
1.68672
1.51493
1.40788
1.34515
1.33426
1.33928
1.35526
1.38936
1.44916
1.53324
1.70231
2.05397
2.79551
3.34307
3.42163
3.40934
3.37454
3.32
3.27751
3.23836
3.20123
3.16915
3.14446
3.1291
3.12189
3.12929
3.16084
3.22937
3.33066
3.4601
3.59789
3.73588
3.86914
3.99185
4.10058
4.19279
4.27034
4.33424
4.38694
4.42788
4.45744
4.47592
4.48507
4.48544
4.48364
4.47716
4.4619
4.43485
4.40596
4.37583
4.34361
4.30874
4.27144
4.23199
4.19082
4.14815
4.10428
4.05937
4.01361
3.96713
3.92007
3.87253
3.8246
3.77637
3.7279
3.67928
3.63053
3.58177
3.53301
3.48436
3.43585
3.38762
3.33967
3.29216
3.24509
3.19859
3.15262
3.10733
3.06249
3.01854
2.97521
2.9326
2.89055
2.84918
2.80843
2.76838
2.72897
2.69032
2.65243
2.61549
2.57965
2.54541
2.51358
2.48542
2.46561
5.29305
4.26099
3.42296
2.79006
2.32744
1.99113
1.74667
1.57181
1.45013
1.37401
1.34076
1.3427
1.35279
1.37879
1.43513
1.55175
1.79331
2.29427
3.10803
3.37883
3.3995
3.38255
3.33988
3.28894
3.24704
3.2138
3.18951
3.17332
3.17002
3.1766
3.20035
3.25013
3.31066
3.38673
3.48389
3.59322
3.70467
3.82319
3.94247
4.05294
4.1488
4.22944
4.29577
4.34979
4.39213
4.42347
4.44408
4.45517
4.45714
4.45595
4.45135
4.43997
4.41665
4.38776
4.35747
4.32576
4.29192
4.25576
4.21741
4.17717
4.13534
4.09216
4.04786
4.00263
3.95662
3.90998
3.86284
3.81528
3.76742
3.7193
3.67103
3.62263
3.5742
3.52576
3.47743
3.42922
3.38127
3.33361
3.28639
3.23961
3.19339
3.14769
3.10267
3.05841
3.01462
2.97144
2.92896
2.88707
2.84583
2.8052
2.76524
2.72592
2.68732
2.64946
2.61248
2.57654
2.54203
2.50974
2.48085
2.45984
5.4786
4.58274
3.8046
3.17493
2.68326
2.30607
2.01823
1.80147
1.63954
1.52271
1.44206
1.38756
1.37898
1.38517
1.40872
1.47048
1.61151
1.92005
2.58031
3.21262
3.37135
3.37457
3.3584
3.31815
3.26985
3.24055
3.23027
3.23216
3.24395
3.2781
3.34895
3.41524
3.46183
3.50334
3.55399
3.61324
3.68419
3.7572
3.86616
3.9803
4.08566
4.17464
4.2464
4.3033
4.34763
4.38092
4.40388
4.41741
4.4219
4.42124
4.41825
4.41031
4.39313
4.36574
4.33565
4.30428
4.27128
4.23627
4.19914
4.16002
4.11916
4.07681
4.03324
3.98863
3.9432
3.89707
3.85042
3.80333
3.75591
3.70823
3.66038
3.61239
3.56436
3.51629
3.46831
3.42045
3.37284
3.32553
3.27863
3.23219
3.18637
3.14115
3.09653
3.05249
3.00902
2.96609
2.92379
2.88206
2.84099
2.8005
2.76068
2.72148
2.68299
2.64519
2.60825
2.57224
2.53757
2.50491
2.47541
2.4534
5.60798
4.82859
4.11706
3.50973
3.01065
2.6095
2.29064
2.03864
1.84043
1.68568
1.56673
1.48101
1.42054
1.40031
1.40611
1.43123
1.50211
1.66979
2.03565
2.79373
3.25617
3.35738
3.35548
3.34198
3.31094
3.2854
3.28793
3.30355
3.34892
3.45073
3.58687
3.66125
3.68434
3.68413
3.68033
3.67291
3.68153
3.71247
3.77565
3.87686
3.9922
4.09623
4.18032
4.24492
4.29403
4.33035
4.35601
4.37231
4.38013
4.38012
4.37872
4.37392
4.36256
4.33956
4.31073
4.27985
4.24751
4.21351
4.17759
4.13969
4.09998
4.05864
4.01596
3.97214
3.92742
3.88195
3.83591
3.7894
3.74256
3.69542
3.64809
3.6006
3.55302
3.50539
3.45783
3.41037
3.36318
3.31628
3.26991
3.22405
3.17874
3.13393
3.08967
3.0459
3.00271
2.96003
2.91796
2.87645
2.83556
2.79527
2.75562
2.71658
2.67822
2.64054
2.60367
2.56768
2.53291
2.50001
2.47004
2.4472
5.7006
5.01537
4.36897
3.79384
3.3023
2.89144
2.55354
2.27755
2.05324
1.87242
1.72711
1.61302
1.52597
1.46383
1.43861
1.44444
1.47158
1.55021
1.73814
2.1405
2.93694
3.27513
3.34529
3.34831
3.34465
3.3445
3.35611
3.39907
3.50477
3.72232
3.91114
3.9675
3.96003
3.9279
3.85143
3.75225
3.7035
3.70794
3.73053
3.78155
3.87511
3.98659
4.08659
4.16634
4.2264
4.2697
4.30026
4.3204
4.3319
4.33509
4.33437
4.33153
4.32424
4.30856
4.28264
4.25287
4.22124
4.18808
4.15324
4.11654
4.07802
4.0378
3.99613
3.95321
3.90931
3.86459
3.81925
3.7734
3.72718
3.68063
3.63387
3.58689
3.53981
3.49264
3.44552
3.39849
3.35183
3.30559
3.25983
3.21449
3.16963
3.12519
3.08126
3.03779
2.99489
2.95249
2.91069
2.86942
2.82878
2.78871
2.74928
2.71043
2.67228
2.63476
2.59803
2.56214
2.52739
2.49437
2.4641
2.4407
5.76824
5.15927
4.57151
4.03299
3.55733
3.1477
2.80038
2.50918
2.26614
2.06455
1.89791
1.76083
1.64982
1.56269
1.49725
1.47181
1.47834
1.50848
1.59601
1.80586
2.26094
3.0058
3.28021
3.34254
3.36437
3.38655
3.43375
3.53845
3.75978
4.10211
4.30218
4.31299
4.28664
4.20532
4.03436
3.86662
3.75999
3.71918
3.72325
3.7422
3.78528
3.86636
3.96738
4.06097
4.13697
4.19381
4.23403
4.26099
4.27779
4.28555
4.28558
4.28439
4.2803
4.27054
4.25049
4.22284
4.19235
4.1601
4.12621
4.09059
4.05323
4.01417
3.97362
3.93175
3.88881
3.84496
3.80045
3.75535
3.70986
3.66398
3.61785
3.57145
3.52489
3.47822
3.43163
3.38533
3.33938
3.2938
3.24862
3.20379
3.15936
3.11532
3.07177
3.02866
2.98609
2.94401
2.90252
2.86155
2.8212
2.78139
2.74223
2.70364
2.66573
2.62845
2.59193
2.55623
2.5216
2.48861
2.45822
2.43444
5.8193
5.2721
4.73609
4.23378
3.77911
3.37717
3.02821
2.7285
2.47297
2.25629
2.07303
1.91886
1.78963
1.68296
1.59768
1.53226
1.50933
1.51707
1.55163
1.65043
1.88747
2.39999
3.05338
3.29206
3.36404
3.42825
3.53003
3.73639
4.15054
4.57091
4.7202
4.70378
4.6342
4.4693
4.21587
4.00537
3.85806
3.77021
3.73379
3.73607
3.74952
3.78256
3.84899
3.93688
4.0232
4.09587
4.15137
4.19013
4.21546
4.22921
4.2338
4.23333
4.23111
4.22518
4.21226
4.18868
4.16036
4.12938
4.09651
4.06191
4.02566
3.9878
3.94846
3.90775
3.86591
3.82307
3.7795
3.73526
3.69056
3.64541
3.59994
3.55411
3.50808
3.46205
3.41626
3.37074
3.32554
3.28058
3.23596
3.19161
3.14765
3.10404
3.0609
3.01816
2.97597
2.93424
2.89309
2.85245
2.81242
2.77293
2.73408
2.69581
2.65821
2.62124
2.58505
2.54964
2.51529
2.48249
2.45218
2.42822
5.85927
5.36273
4.87135
4.40336
3.97138
3.58168
3.23611
2.93347
2.67046
2.44319
2.24766
2.07969
1.93623
1.81396
1.71127
1.62804
1.56362
1.545
1.55441
1.59383
1.70418
1.96439
2.51764
3.10204
3.33253
3.47864
3.66507
4.04041
4.6744
5.08987
5.13547
5.09506
4.96654
4.69503
4.399
4.16275
3.9875
3.86386
3.78501
3.74415
3.74247
3.74872
3.77108
3.82021
3.89657
3.97627
4.04671
4.10141
4.13988
4.16358
4.17567
4.17802
4.17708
4.17378
4.16581
4.14921
4.12403
4.09496
4.06346
4.03005
3.99499
3.95836
3.92029
3.88085
3.84023
3.79854
3.75602
3.71277
3.66896
3.6246
3.57982
3.53458
3.48938
3.44424
3.39935
3.35462
3.31013
3.2658
3.22175
3.17794
3.13449
3.09136
3.04867
3.00638
2.96461
2.92329
2.88253
2.84229
2.80264
2.76353
2.72507
2.68719
2.65001
2.61345
2.57769
2.54273
2.50883
2.47646
2.44648
2.42266
5.89192
5.43708
4.98421
4.54802
4.13893
3.76383
3.42513
3.12346
2.85675
2.62274
2.41792
2.23963
2.08438
1.95007
1.83409
1.7355
1.6551
1.59298
1.58095
1.59274
1.63819
1.76238
2.04399
2.63506
3.18993
3.49182
3.84454
4.52499
5.30108
5.59053
5.56851
5.469
5.23286
4.88237
4.57606
4.33022
4.13631
3.98538
3.87261
3.79443
3.74928
3.73614
3.73805
3.7507
3.78314
3.84871
3.92094
3.98853
4.04301
4.08151
4.10522
4.11633
4.11711
4.11576
4.11147
4.10164
4.08181
4.05565
4.02613
3.99431
3.9607
3.92548
3.88883
3.85077
3.8115
3.7711
3.72979
3.68765
3.64484
3.60134
3.5573
3.51307
3.46886
3.42471
3.3807
3.33675
3.29297
3.24929
3.20586
3.16263
3.11974
3.07714
3.03498
2.99318
2.95189
2.91104
2.87075
2.83096
2.79178
2.75314
2.71516
2.67776
2.64111
2.6051
2.56994
2.53562
2.50241
2.47081
2.44147
2.41835
5.91996
5.49921
5.08044
4.67319
4.28655
3.92658
3.59708
3.29872
3.03148
2.79325
2.58229
2.39576
2.23162
2.0872
1.96083
1.85075
1.75606
1.67977
1.61971
1.6198
1.63509
1.68883
1.83288
2.15005
2.81039
3.44251
4.08107
5.20451
5.94346
6.03035
5.96841
5.78373
5.41255
5.05356
4.75195
4.50193
4.29435
4.12222
3.98299
3.87415
3.79488
3.74436
3.72272
3.71718
3.72297
3.74398
3.79006
3.85472
3.91948
3.97385
4.01381
4.03851
4.04999
4.05005
4.04849
4.04354
4.03234
4.01073
3.98393
3.95414
3.92231
3.88878
3.85375
3.81725
3.77948
3.74051
3.70056
3.65965
3.61792
3.57537
3.53248
3.48942
3.44634
3.40319
3.36007
3.31693
3.2739
3.23094
3.18819
3.14561
3.10334
3.06135
3.01977
2.97854
2.93781
2.89751
2.85777
2.81853
2.77992
2.74185
2.70448
2.66771
2.63175
2.59649
2.56217
2.5288
2.49662
2.46628
2.43802
2.41649
5.94969
5.55659
5.16668
4.78466
4.41849
4.07331
3.75345
3.46011
3.19403
2.95391
2.73883
2.54641
2.37526
2.22294
2.08811
1.96881
1.86426
1.77489
1.70063
1.65678
1.66116
1.68677
1.76393
1.95147
2.36149
3.21714
4.32292
5.99243
6.49646
6.45324
6.29743
5.96442
5.56745
5.22074
4.9258
4.67256
4.45392
4.26642
4.10711
3.97481
3.86825
3.78734
3.73121
3.70237
3.6859
3.68743
3.69841
3.72592
3.78128
3.84013
3.89384
3.93551
3.96258
3.97539
3.97683
3.97533
3.97029
3.9588
3.93655
3.90951
3.87977
3.84811
3.81489
3.78014
3.74406
3.70671
3.66826
3.6287
3.58814
3.54691
3.50539
3.4636
3.42167
3.37954
3.33736
3.29509
3.25288
3.2107
3.16871
3.12685
3.0853
3.04399
3.00309
2.96253
2.92246
2.88281
2.84374
2.80516
2.76724
2.72989
2.69329
2.65735
2.62231
2.58809
2.55494
2.52296
2.49233
2.46397
2.43748
2.41811
5.98681
5.61381
5.2466
4.88585
4.53743
4.20636
3.89583
3.60861
3.34474
3.10471
2.88692
2.69083
2.51402
2.35595
2.21397
2.08755
1.97541
1.87572
1.7949
1.72264
1.71654
1.7287
1.77601
1.90752
2.21492
2.90303
4.35651
6.61376
6.89395
6.78747
6.51217
6.08313
5.70151
5.37261
5.08475
4.83112
4.60765
4.41126
4.23931
4.09029
3.96275
3.85729
3.77327
3.71143
3.67367
3.64994
3.64021
3.64501
3.66209
3.69934
3.75214
3.80367
3.84685
3.87739
3.89414
3.8984
3.89719
3.89262
3.88186
3.86021
3.83364
3.80404
3.77256
3.73954
3.70523
3.66966
3.63288
3.59479
3.55577
3.51612
3.47604
3.43556
3.3948
3.35376
3.31259
3.27127
3.22998
3.18866
3.1475
3.10645
3.06569
3.02514
2.985
2.94519
2.90588
2.86698
2.82871
2.79093
2.75388
2.71743
2.68185
2.64702
2.61326
2.58051
2.5491
2.51919
2.49096
2.46526
2.4403
2.42426
6.03925
5.67326
5.32151
4.9786
4.64497
4.32678
4.02568
3.74487
3.48442
3.24563
3.02671
2.82836
2.64755
2.48505
2.33755
2.20543
2.0873
1.98069
1.89455
1.81352
1.7992
1.80971
1.85042
1.96549
2.24288
2.86981
4.22133
6.76313
7.09591
6.98288
6.69105
6.2523
5.86431
5.53157
5.24311
4.98936
4.76383
4.56198
4.38081
4.21842
4.07484
3.94897
3.84201
3.75409
3.68608
3.63999
3.60912
3.58792
3.58884
3.59685
3.61769
3.6602
3.70799
3.75255
3.78635
3.80697
3.81545
3.81477
3.81121
3.80204
3.78309
3.75714
3.72747
3.6959
3.66317
3.62931
3.59419
3.55784
3.52065
3.48269
3.44414
3.40502
3.36553
3.32566
3.2856
3.24532
3.20503
3.16468
3.12447
3.08433
3.04447
3.00481
2.96556
2.92663
2.88824
2.85027
2.81297
2.7762
2.74026
2.70502
2.6708
2.63754
2.6056
2.57503
2.54619
2.5194
2.49352
2.47065
2.44871
2.43879
6.10911
5.735
5.39178
5.06226
4.74325
4.43606
4.14441
3.87035
3.61404
3.37759
3.15868
2.95924
2.77584
2.60992
2.45843
2.3217
2.19925
2.08862
1.99994
1.9206
1.92095
1.93572
1.98672
2.12241
2.42309
3.05835
4.12618
6.09308
6.98991
6.96359
6.82368
6.50587
6.08546
5.7171
5.41008
5.149
4.91997
4.71326
4.52459
4.35191
4.19503
4.0538
3.92867
3.82013
3.72889
3.65562
3.60199
3.56409
3.53597
3.52444
3.52796
3.5404
3.56803
3.61106
3.65341
3.68928
3.71459
3.72824
3.72863
3.72658
3.71986
3.70497
3.67935
3.64984
3.61852
3.586
3.55244
3.51795
3.48264
3.44649
3.40961
3.37202
3.33392
3.29533
3.2565
3.21739
3.17822
3.13895
3.09979
3.06068
3.02184
2.9832
2.94497
2.90708
2.86977
2.83292
2.79683
2.76137
2.72689
2.69329
2.661
2.63001
2.60076
2.57349
2.54789
2.5237
2.50167
2.48367
2.46781
2.4668
6.17988
5.79941
5.45915
5.13945
4.8322
4.53679
4.25355
3.98655
3.7349
3.50129
3.28367
3.08366
2.89914
2.73052
2.57647
2.43656
2.31121
2.20181
2.11154
2.06686
2.07419
2.10814
2.20341
2.42032
2.87072
3.53624
4.1271
5.03434
6.22501
6.72625
6.70361
6.58914
6.3254
5.95643
5.61519
5.32884
5.08341
4.86533
4.66686
4.48478
4.31755
4.1646
4.02579
3.90154
3.79224
3.69843
3.62085
3.56011
3.51679
3.48103
3.45745
3.4581
3.46386
3.47941
3.51168
3.5512
3.58909
3.61819
3.63575
3.64101
3.63981
3.63501
3.62348
3.60022
3.57185
3.5406
3.50826
3.47518
3.44155
3.40721
3.37215
3.33626
3.29975
3.26264
3.22518
3.18737
3.14946
3.11139
3.07343
3.03549
2.99784
2.96038
2.92338
2.88676
2.85078
2.81537
2.78085
2.74715
2.7147
2.68347
2.65402
2.62644
2.60122
2.57699
2.55483
2.53573
2.52005
2.50984
2.50727
2.50953
6.30183
5.88646
5.53147
5.21466
4.91625
4.63007
4.35611
4.09518
3.84858
3.61785
3.40222
3.20238
3.01746
2.84737
2.69178
2.55072
2.426
2.32169
2.24986
2.25244
2.27639
2.35397
2.54203
2.93858
3.5076
3.89585
4.14525
4.52787
5.16912
5.99583
6.44186
6.44252
6.37913
6.20953
5.87228
5.55075
5.27259
5.02909
4.8126
4.61772
4.44008
4.27715
4.12771
3.99155
3.86856
3.75895
3.66309
3.58171
3.51517
3.46616
3.42314
3.39353
3.38299
3.38534
3.39426
3.41465
3.45046
3.48626
3.51745
3.5393
3.55054
3.55015
3.54718
3.53879
3.52093
3.49336
3.46239
3.43028
3.39784
3.36497
3.33158
3.29747
3.26275
3.22735
3.19152
3.15522
3.11876
3.08209
3.04551
3.00894
2.97269
2.93665
2.90115
2.8661
2.83184
2.7983
2.76593
2.73471
2.70522
2.67753
2.65237
2.62892
2.60679
2.58789
2.57168
2.56127
2.55642
2.55797
2.56255
2.57593
6.34491
5.97711
5.61139
5.29103
4.99754
4.71891
4.45198
4.19797
3.95595
3.72848
3.51502
3.3161
3.13149
2.96113
2.80585
2.66633
2.54976
2.45792
2.45172
2.47089
2.53968
2.71992
3.09856
3.67416
4.01428
4.14827
4.2163
4.35734
4.60417
5.04013
5.68493
6.14736
6.25083
6.21055
6.07989
5.81007
5.50489
5.22326
4.97633
4.75972
4.56671
4.39177
4.23207
4.08584
3.95205
3.83018
3.72036
3.6229
3.53839
3.46727
3.41172
3.3642
3.32821
3.30618
3.30654
3.31064
3.32248
3.34753
3.38135
3.41446
3.44002
3.45581
3.45874
3.45717
3.45177
3.43893
3.41336
3.38398
3.35279
3.32083
3.28855
3.25591
3.22294
3.1894
3.15541
3.12089
3.08614
3.05112
3.01618
2.98126
2.94669
2.91241
2.8788
2.84578
2.81381
2.7829
2.75358
2.72611
2.70102
2.67871
2.65703
2.63853
2.62245
2.61215
2.60643
2.60769
2.61188
2.62246
2.64119
2.67915
6.32415
6.10153
5.71455
5.37621
5.07905
4.80447
4.54349
4.29478
4.05823
3.83391
3.62295
3.42558
3.24223
3.07352
2.92118
2.79121
2.6889
2.66511
2.68246
2.74803
2.92073
3.28646
3.90674
4.2546
4.34346
4.33627
4.31371
4.3222
4.38043
4.53658
4.865
5.42672
5.90408
6.07425
6.04839
5.94982
5.73438
5.45208
5.17153
4.92446
4.70679
4.51357
4.34052
4.18347
4.03963
3.9075
3.78656
3.67668
3.57802
3.49101
3.41622
3.35536
3.30379
3.26133
3.23312
3.22413
3.22577
3.23247
3.24816
3.2787
3.3097
3.33752
3.3567
3.3659
3.36521
3.36167
3.35241
3.33304
3.30584
3.27529
3.2439
3.21233
3.18079
3.14894
3.11686
3.08433
3.05161
3.01861
2.9857
2.95281
2.92038
2.88836
2.85721
2.82699
2.7982
2.77123
2.74644
2.72488
2.70454
2.68663
2.67143
2.66122
2.65609
2.6575
2.662
2.67298
2.69299
2.72409
2.7524
2.80934
6.26341
6.12838
5.83276
5.47469
5.1654
4.88955
4.63236
4.38806
4.15555
3.93518
3.72703
3.53209
3.35168
3.1875
3.04599
2.93347
2.89769
2.91404
2.97934
3.1544
3.53106
4.18377
4.54868
4.60803
4.58643
4.52086
4.38578
4.3039
4.31185
4.35757
4.48079
4.74347
5.21116
5.6538
5.8743
5.86317
5.79995
5.64602
5.38618
5.12179
4.87504
4.65549
4.46194
4.28935
4.13288
3.98988
3.85873
3.73841
3.6284
3.52877
3.43989
3.36226
3.29721
3.24188
3.1948
3.16111
3.14201
3.14203
3.1449
3.15404
3.17396
3.20373
3.23286
3.25542
3.27032
3.27203
3.27038
3.26455
3.25136
3.22606
3.19766
3.16759
3.13721
3.1067
3.07636
3.04589
3.01548
2.98491
2.95451
2.92426
2.89459
2.86563
2.83787
2.81172
2.78769
2.76676
2.74856
2.73152
2.71771
2.70786
2.70412
2.70592
2.71122
2.72357
2.7462
2.77627
2.81028
2.85202
2.88218
2.93629
6.16429
6.10025
5.92436
5.5769
5.25644
4.97548
4.71905
4.47822
4.24957
4.03288
3.82858
3.63789
3.46338
3.31176
3.19056
3.14659
3.163
3.23092
3.4151
3.816
4.5094
4.88803
4.92772
4.89861
4.81055
4.63047
4.46061
4.33528
4.2926
4.3005
4.33674
4.43174
4.63411
4.99064
5.39007
5.64142
5.66195
5.62817
5.52798
5.31688
5.07003
4.82367
4.6049
4.41022
4.23613
4.07927
3.93675
3.80608
3.68594
3.57575
3.47554
3.38542
3.30576
3.23736
3.17904
3.12839
3.08868
3.06489
3.05531
3.05647
3.06168
3.07432
3.09971
3.12728
3.15291
3.17089
3.1792
3.17848
3.17494
3.16578
3.14688
3.12116
3.09278
3.06372
3.03498
3.00653
2.97854
2.95079
2.92347
2.89664
2.87072
2.84606
2.82343
2.80335
2.78723
2.7719
2.76
2.75096
2.74933
2.75155
2.75792
2.77251
2.79814
2.82997
2.86669
2.9064
2.9432
2.97759
2.99757
3.02616
5.9986
6.00324
5.91866
5.7074
5.36744
5.06868
4.80673
4.56677
4.3416
4.12912
3.93005
3.74683
3.58695
3.45859
3.41031
3.42774
3.50083
3.69749
4.12577
4.85695
5.258
5.28095
5.2444
5.13661
4.91985
4.72071
4.55813
4.42869
4.33599
4.28751
4.28992
4.3082
4.37001
4.50861
4.77387
5.11584
5.37139
5.46374
5.44664
5.37961
5.22825
5.0021
4.77315
4.55449
4.35734
4.18154
4.02391
3.88078
3.74969
3.62954
3.51942
3.41902
3.32812
3.24704
3.17611
3.11534
3.06129
3.01743
2.98832
2.97053
2.96943
2.97174
2.97933
2.99603
3.02289
3.04996
3.07105
3.08439
3.08681
3.0853
3.08002
3.06804
3.0456
3.02048
2.9941
2.96786
2.94238
2.91775
2.89417
2.87183
2.8513
2.83295
2.81866
2.80658
2.79684
2.78937
2.79009
2.7934
2.80165
2.81898
2.84787
2.88255
2.92181
2.96293
3.00075
3.03316
3.05428
3.06757
3.06799
3.0687
5.57464
5.89964
5.87103
5.74847
5.48394
5.1703
4.89783
4.65616
4.43389
4.22687
4.03615
3.86928
3.73549
3.68786
3.70758
3.78879
4.00514
4.47418
5.25695
5.66271
5.66138
5.61547
5.48712
5.24268
5.0196
4.83533
4.68232
4.5495
4.43443
4.34031
4.27821
4.25718
4.26188
4.29227
4.37763
4.55488
4.83033
5.08538
5.24521
5.2396
5.20369
5.11407
4.93248
4.71545
4.49835
4.30191
4.12517
3.96583
3.82165
3.6905
3.57043
3.46043
3.35992
3.26861
3.18644
3.11352
3.05052
2.9936
2.94667
2.91213
2.89036
2.88157
2.88259
2.88722
2.8984
2.92102
2.94747
2.97158
2.98833
2.99809
2.99782
2.9955
2.98881
2.97454
2.9536
2.93146
2.90925
2.88839
2.86945
2.85343
2.84061
2.83309
2.8259
2.82235
2.82382
2.82889
2.84092
2.86372
2.89465
2.93247
2.97495
3.01843
3.05745
3.08964
3.11064
3.11844
3.11635
3.10961
3.09423
3.07384
4.61987
5.66314
5.77747
5.72579
5.58028
5.28494
4.99913
4.75145
4.53081
4.33111
4.158
4.02001
3.97787
4.00123
4.09432
4.33785
4.86037
5.70933
6.09773
6.08938
6.02398
5.85641
5.58809
5.34374
5.14196
4.97196
4.82142
4.68212
4.55145
4.43178
4.32818
4.24938
4.21037
4.19218
4.20274
4.2485
4.35496
4.56423
4.8011
4.97968
5.03826
5.02334
4.96822
4.8441
4.64421
4.44201
4.24535
4.0663
3.90604
3.76152
3.62994
3.5097
3.39991
3.29934
3.20749
3.12414
3.04956
2.98457
2.92591
2.87624
2.83786
2.81193
2.79608
2.7962
2.79862
2.80588
2.82189
2.84819
2.87422
2.89578
2.90966
2.91725
2.91695
2.91477
2.90891
2.89662
2.88093
2.86638
2.85475
2.84849
2.84548
2.84631
2.84975
2.85784
2.87393
2.90245
2.93731
2.97862
3.02455
3.07096
3.11217
3.1444
3.1662
3.17033
3.1677
3.15968
3.14207
3.1132
3.08412
3.05616
2.95682
5.10152
5.65164
5.65291
5.58475
5.41502
5.12256
4.86138
4.63878
4.45405
4.31025
4.27806
4.30689
4.41715
4.69938
5.29932
6.16241
6.54453
6.53201
6.45041
6.24992
5.95222
5.68726
5.4697
5.28587
5.12128
4.96696
4.81837
4.67476
4.5379
4.41035
4.29799
4.20593
4.15232
4.10681
4.10679
4.12488
4.18343
4.31037
4.51729
4.69814
4.82131
4.81701
4.78949
4.72171
4.57787
4.37773
4.18424
4.00663
3.8449
3.69911
3.56734
3.44745
3.33753
3.23653
3.14424
3.06034
2.98491
2.91833
2.85854
2.80686
2.76572
2.7352
2.71616
2.71095
2.71239
2.71774
2.73012
2.75492
2.78217
2.80737
2.82785
2.84207
2.85137
2.85623
2.85623
2.85573
2.85538
2.8565
2.85955
2.86634
2.88028
2.90193
2.93271
2.97123
3.01847
3.0693
3.119
3.163
3.19604
3.21877
3.22062
3.21764
3.20862
3.18904
3.15737
3.12511
3.09293
3.06245
3.03779
2.18069
3.83627
5.29681
5.56683
5.55027
5.46242
5.26252
4.99109
4.77131
4.60917
4.58725
4.6236
4.75724
5.09096
5.79302
6.67464
7.0478
7.02222
6.90893
6.65313
6.33035
6.04796
5.81633
5.62003
5.44319
5.27558
5.11284
4.95363
4.79823
4.64839
4.50531
4.37242
4.25281
4.1516
4.07975
4.02464
3.99334
3.9993
4.02805
4.09919
4.24331
4.41668
4.55544
4.61237
4.60186
4.56286
4.47396
4.30603
4.12172
3.94157
3.7799
3.63408
3.5015
3.3805
3.27059
3.17054
3.07906
2.99565
2.92002
2.85255
2.79173
2.73901
2.69575
2.66256
2.64054
2.63135
2.63238
2.63676
2.64755
2.66973
2.69935
2.73012
2.7584
2.78284
2.80321
2.8207
2.83623
2.85618
2.87282
2.89333
2.91968
2.95383
2.99847
3.05099
3.1068
3.16096
3.20854
3.24299
3.26684
3.26713
3.26387
3.254
3.23268
3.19949
3.16606
3.13209
3.09879
3.06976
3.04456
3.03017
1.63489
2.524
4.46758
5.35
5.48432
5.45114
5.35051
5.14121
4.93821
4.9072
4.95261
5.11655
5.51776
6.35235
7.24597
7.56316
7.52484
7.38403
7.07914
6.72595
6.42581
6.18166
5.97412
5.78539
5.60509
5.42865
5.25505
5.08486
4.91882
4.75827
4.60391
4.45741
4.32061
4.19586
4.08729
4.00318
3.9351
3.88402
3.86916
3.8789
3.91452
3.99462
4.14192
4.27799
4.38622
4.39535
4.37892
4.32924
4.21946
4.05908
3.8874
3.72263
3.57023
3.43344
3.31173
3.20192
3.10206
3.01105
2.92828
2.8533
2.78609
2.72563
2.67279
2.62876
2.59447
2.57057
2.55979
2.56087
2.5655
2.57685
2.6003
2.63492
2.67365
2.71334
2.753
2.79132
2.83339
2.87332
2.91444
2.96241
3.01602
3.0748
3.13617
3.19503
3.24669
3.28304
3.30785
3.30765
3.30389
3.29344
3.27067
3.23738
3.20329
3.16801
3.13345
3.10273
3.07649
3.0567
3.04121
3.037
1.33231
1.80413
2.86268
4.80636
5.34644
5.41631
5.38769
5.30537
5.2615
5.31463
5.5125
5.9954
6.98858
7.87888
8.11682
8.06234
7.88508
7.51451
7.13014
6.81668
6.56316
6.34606
6.1464
5.95358
5.76356
5.57572
5.39097
5.21035
5.03478
4.86503
4.70154
4.54506
4.3966
4.25702
4.12904
4.01461
3.92041
3.84191
3.7798
3.73563
3.73786
3.75319
3.79407
3.87991
4.01164
4.12169
4.19213
4.18703
4.16121
4.09695
3.96711
3.81818
3.66246
3.51351
3.37543
3.24998
3.13686
3.03527
2.94368
2.8611
2.78677
2.72029
2.66141
2.60993
2.56664
2.53289
2.50908
2.50266
2.50465
2.51117
2.52665
2.55775
2.60194
2.65502
2.71427
2.78071
2.84896
2.91833
2.99301
3.07003
3.14584
3.21583
3.27508
3.31523
3.3412
3.34039
3.33569
3.32491
3.301
3.26829
3.23413
3.19792
3.16301
3.13192
3.10511
3.08387
3.06854
3.05973
3.05486
3.05609
1.18671
1.44735
2.09209
3.57761
4.97087
5.33421
5.43564
5.49307
5.62999
5.949
6.61504
7.78464
8.60246
8.70737
8.62527
8.3908
7.92258
7.53027
7.21754
6.96283
6.73943
6.52924
6.3233
6.1187
5.91586
5.71593
5.52034
5.33
5.14558
4.96752
4.79592
4.63125
4.47389
4.32425
4.18362
4.05305
3.93483
3.83299
3.7475
3.67226
3.61835
3.59017
3.59463
3.61394
3.66087
3.75516
3.86425
3.95633
3.98693
3.97777
3.94248
3.86352
3.73202
3.59155
3.45051
3.3158
3.19125
3.07797
2.97558
2.88365
2.80099
2.72752
2.6622
2.60484
2.55568
2.51527
2.48484
2.46741
2.46848
2.47345
2.48612
2.51247
2.5604
2.62501
2.70547
2.79611
2.89273
2.99604
3.09787
3.19115
3.26839
3.32546
3.35933
3.36121
3.35759
3.34677
3.32354
3.29142
3.25741
3.22028
3.18558
3.15482
3.12821
3.10683
3.09113
3.08206
3.07722
3.0781
3.0814
3.09101
1.09647
1.23941
1.57353
2.36657
4.10307
5.10334
5.49177
5.81828
6.37919
7.31128
8.69218
9.42735
9.40609
9.24774
8.8758
8.38386
7.96419
7.63674
7.37817
7.14793
6.9284
6.71007
6.49113
6.27289
6.05753
5.8467
5.64136
5.44236
5.24978
5.06407
4.88521
4.71333
4.54864
4.39121
4.24183
4.10077
3.96922
3.84886
3.74184
3.65039
3.56822
3.50202
3.45551
3.44492
3.45153
3.4733
3.52465
3.61958
3.70886
3.78177
3.78489
3.77097
3.7279
3.63395
3.51234
3.38224
3.25474
3.13392
3.02259
2.92143
2.83026
2.74907
2.67696
2.61478
2.56178
2.51814
2.48488
2.46422
2.46532
2.4706
2.48451
2.51329
2.56766
2.64324
2.73749
2.84767
2.96757
3.08435
3.18732
3.26882
3.32452
3.35241
3.35065
3.34354
3.328
3.30221
3.27047
3.23438
3.2006
3.17027
3.14422
3.12319
3.10791
3.09866
3.0948
3.09546
3.09846
3.10594
3.11998
3.14881
1.05296
1.12218
1.29971
1.70821
2.63383
4.53042
5.55623
6.54025
7.99798
9.68733
10.3106
10.236
9.95297
9.36966
8.84209
8.41361
8.07726
7.80839
7.57111
7.33971
7.10989
6.87765
6.64513
6.4149
6.18882
5.96841
5.75426
5.54704
5.3468
5.15381
4.96807
4.78963
4.61859
4.4549
4.29887
4.15054
4.01037
3.87916
3.75767
3.64761
3.55204
3.46443
3.38932
3.33456
3.29698
3.29843
3.30828
3.33353
3.38792
3.47816
3.55173
3.59796
3.59444
3.57329
3.51998
3.41728
3.30824
3.19064
3.07707
2.97096
2.87368
2.78658
2.70908
2.6421
2.58574
2.54133
2.50757
2.49517
2.49765
2.50603
2.5259
2.56655
2.63374
2.72075
2.82163
2.93223
3.03626
3.12612
3.19905
3.25004
3.28382
3.28705
3.28403
3.27543
3.25725
3.23076
3.20329
3.17653
3.15259
3.13231
3.11788
3.1082
3.10594
3.10679
3.11002
3.11811
3.13415
3.15752
3.17631
3.21438
1.0299
1.06759
1.16851
1.39874
1.96451
3.24895
5.51461
8.21508
10.8085
11.2928
11.1266
10.6467
9.90799
9.31917
8.87418
8.53152
8.26207
8.01616
7.77366
7.52907
7.27933
7.03086
6.78544
6.54444
6.30879
6.07959
5.85718
5.64217
5.43466
5.23483
5.0428
4.85844
4.68186
4.51285
4.35149
4.19765
4.05148
3.91318
3.78305
3.66201
3.55083
3.45223
3.36106
3.28225
3.21648
3.17194
3.15021
3.1532
3.16489
3.19666
3.25888
3.33552
3.3981
3.41757
3.41151
3.38522
3.32513
3.227
3.12652
3.02502
2.92807
2.83942
2.76045
2.6927
2.63715
2.59557
2.56992
2.57134
2.57822
2.59451
2.62854
2.68765
2.76016
2.83667
2.91614
2.98221
3.03965
3.08733
3.12452
3.15122
3.1693
3.17662
3.17617
3.17414
3.16891
3.15809
3.14379
3.1298
3.11851
3.10955
3.10957
3.11086
3.11491
3.12399
3.14166
3.16402
3.18819
3.21918
3.23957
3.28052
1.01833
1.0463
1.10833
1.27106
1.67537
2.71972
5.32087
10.9651
12.2337
11.9759
11.2896
10.4682
9.8195
9.36059
9.01297
8.74171
8.48744
8.22968
7.9655
7.69818
7.43062
7.16715
6.91017
6.65952
6.41531
6.17809
5.94815
5.72597
5.5118
5.30576
5.10805
4.91841
4.737
4.5634
4.39769
4.2395
4.08888
3.94569
3.80998
3.68215
3.56245
3.45177
3.35177
3.25949
3.17694
3.10714
3.05358
3.01785
3.01112
3.01619
3.03124
3.06735
3.13665
3.19938
3.24892
3.25671
3.2477
3.21773
3.15311
3.07164
2.98777
2.90599
2.83221
2.77032
2.72342
2.69232
2.69105
2.69563
2.70878
2.73825
2.78826
2.84234
2.89329
2.93845
2.96714
2.98547
2.99835
3.00766
3.01686
3.02761
3.03933
3.05109
3.0617
3.07086
3.07899
3.08485
3.08806
3.09034
3.09368
3.09924
3.11043
3.12304
3.14061
3.1628
3.19011
3.22116
3.25031
3.28304
3.30208
3.34018
1.0158
1.03641
1.09299
1.22794
1.59769
2.62125
5.52826
12.0962
12.0988
11.7076
10.9076
10.2715
9.84315
9.51015
9.23725
8.97149
8.69689
8.41398
8.12773
7.84279
7.56149
7.28538
7.01709
6.75682
6.50458
6.26025
6.02392
5.79578
5.57621
5.36514
5.16287
4.969
4.78366
4.6064
4.43713
4.27554
4.12144
3.9747
3.83511
3.70287
3.57788
3.46061
3.35163
3.25156
3.15898
3.07567
3.00339
2.94395
2.90292
2.87987
2.88177
2.89091
2.91367
2.96062
3.02582
3.0836
3.11846
3.12735
3.11849
3.09375
3.04244
2.9817
2.92578
2.88302
2.8528
2.85161
2.85574
2.86792
2.89389
2.92926
2.96166
2.98707
2.99426
2.99027
2.97977
2.95822
2.93724
2.92039
2.91257
2.91369
2.91783
2.92722
2.94581
2.96756
2.99026
3.01268
3.03414
3.05491
3.07574
3.09863
3.12252
3.15025
3.1818
3.21558
3.24981
3.28413
3.31375
3.34319
3.35861
3.38946
1.01404
1.03472
1.08616
1.21786
1.5741
2.59553
5.63993
12.2546
11.8339
11.0742
10.5933
10.2564
9.9689
9.70523
9.43039
9.14117
8.84343
8.54294
8.2438
7.94856
7.65861
7.37415
7.09621
6.82773
6.56876
6.31876
6.07773
5.84553
5.62239
5.40811
5.20278
5.00613
4.818
4.6382
4.46636
4.30236
4.14582
3.99666
3.85451
3.71951
3.59133
3.47022
3.35633
3.2501
3.15165
3.06062
2.97796
2.90488
2.84395
2.79737
2.76755
2.76568
2.7706
2.78532
2.81852
2.88113
2.94564
3.00396
3.03752
3.06476
3.06272
3.05637
3.04265
3.03811
3.04053
3.04817
3.06432
3.0847
3.10535
3.10456
3.09893
3.08411
3.05098
3.00232
2.95501
2.91118
2.87304
2.84361
2.82227
2.82012
2.82234
2.8292
2.84442
2.8735
2.90781
2.94499
2.98381
3.02331
3.06377
3.10448
3.1465
3.18906
3.23158
3.2725
3.30994
3.34309
3.36929
3.39223
3.40301
3.42468
1.01321
1.03477
1.08307
1.216
1.56577
2.58703
5.65916
12.2929
11.7031
10.9402
10.559
10.3129
10.075
9.81097
9.5246
9.22605
8.92272
8.61879
8.31673
8.01831
7.72487
7.43725
7.156
6.88281
6.61813
6.3632
6.11812
5.88276
5.65686
5.44034
5.23282
5.03428
4.84416
4.66256
4.48883
4.3231
4.1647
4.01386
3.86987
3.73303
3.60279
3.47935
3.36261
3.25263
3.14995
3.05416
2.96567
2.88503
2.81354
2.75278
2.7049
2.67381
2.66843
2.67268
2.68592
2.71667
2.77804
2.85623
2.9337
3.00911
3.07184
3.12547
3.17211
3.21445
3.25602
3.28145
3.2877
3.2842
3.27338
3.24596
3.19203
3.12481
3.05757
2.9905
2.9276
2.87205
2.82517
2.78882
2.76168
2.75254
2.7541
2.75981
2.77304
2.79999
2.84006
2.88805
2.94171
2.99885
3.0582
3.11744
3.17575
3.23087
3.28129
3.32541
3.36217
3.39112
3.41221
3.42734
3.4341
3.4481
1.01316
1.03446
1.08287
1.21517
1.56532
2.58871
5.67971
12.3125
11.6439
10.86
10.5082
10.309
10.0957
9.83869
9.55448
9.2578
8.95601
8.65283
8.35075
8.05171
7.75723
7.46843
7.18601
6.91049
6.64404
6.38714
6.14021
5.90326
5.67611
5.45845
5.24991
5.05029
4.85922
4.67653
4.50186
4.33508
4.17578
4.02393
3.87904
3.74116
3.60987
3.4852
3.36694
3.25517
3.14994
3.0514
2.95973
2.87512
2.7983
2.73037
2.67235
2.62799
2.59908
2.60047
2.60742
2.62457
2.66163
2.73522
2.83494
2.94973
3.07299
3.19056
3.29855
3.38384
3.44877
3.45325
3.44628
3.42597
3.38176
3.30764
3.22343
3.13649
3.05316
2.97594
2.90651
2.84586
2.79489
2.75445
2.72426
2.70945
2.71058
2.71529
2.72679
2.75069
2.793
2.84737
2.91137
2.98198
3.05612
3.12987
3.20001
3.26348
3.31812
3.36264
3.39699
3.42171
3.4382
3.44757
3.452
3.46152
1.01306
1.0346
1.0824
1.21543
1.56439
2.58918
5.68172
12.3127
11.6209
10.8225
10.4795
10.302
10.105
9.8559
9.57472
9.27886
8.97669
8.67246
8.3691
8.06884
7.77332
7.48371
7.20079
6.92511
6.65783
6.39995
6.15207
5.91427
5.68639
5.46811
5.25902
5.05887
4.86727
4.68403
4.50883
4.34146
4.18164
4.02917
3.88378
3.74525
3.61345
3.48803
3.36913
3.25639
3.15014
3.05023
2.9571
2.8707
2.7916
2.7207
2.65834
2.60846
2.56964
2.56258
2.56678
2.5794
2.61015
2.67331
2.77922
2.91754
3.07852
3.24264
3.38964
3.49863
3.55406
3.5487
3.53033
3.48863
3.41766
3.32757
3.23226
3.13922
3.05116
2.97004
2.89765
2.83455
2.78149
2.73887
2.70701
2.68945
2.69015
2.69415
2.70468
2.72722
2.77059
2.82827
2.89766
2.9757
3.05765
3.13902
3.21479
3.28165
3.33728
3.38087
3.41328
3.43499
3.4489
3.45685
3.45977
3.46653
)
;

boundaryField
{
    inlet
    {
        type            fixedValue;
        value           uniform 1;
    }
    outlet
    {
        type            waveTransmissive;
        gamma           1.4;
        fieldInf        1;
        lInf            3;
        value           nonuniform List<scalar> 
40
(
2.4721
2.46931
2.46528
2.45978
2.45401
2.44757
2.44136
2.43484
2.42855
2.42228
2.41663
2.41215
2.41005
2.41141
2.4171
2.43086
2.45774
2.49929
2.56375
2.66409
2.79368
2.92198
3.01477
3.05993
3.06728
3.05013
3.03162
3.02348
3.02983
3.04855
3.08286
3.14003
3.20534
3.27121
3.33063
3.37979
3.41497
3.43839
3.45182
3.45684
)
;
    }
    top
    {
        type            symmetryPlane;
    }
    bottom
    {
        type            symmetryPlane;
    }
    obstacle
    {
        type            zeroGradient;
    }
    frontAndBack
    {
        type            empty;
    }
}


// ************************************************************************* //
