/*--------------------------------*- C++ -*----------------------------------*\
  =========                 |
  \\      /  F ield         | OpenFOAM: The Open Source CFD Toolbox
   \\    /   O peration     | Website:  https://openfoam.org
    \\  /    A nd           | Version:  13
     \\/     M anipulation  |
\*---------------------------------------------------------------------------*/
FoamFile
{
    format      ascii;
    class       volScalarField;
    location    "2.5";
    object      Ma;
}
// * * * * * * * * * * * * * * * * * * * * * * * * * * * * * * * * * * * * * //

dimensions      [];

internalField   nonuniform List<scalar> 
5250
(
3
2.99998
2.99992
2.99979
2.99944
2.99869
2.9965
2.99202
2.97868
2.95022
2.87163
2.68403
2.23731
1.3857
0.558793
0.235224
0.315181
0.336736
0.300091
0.24248
0.192122
0.153006
0.114153
0.0713228
0.0410509
3
2.99998
2.99992
2.9998
2.99943
2.99875
2.9965
2.99222
2.97907
2.95102
2.87402
2.68949
2.24948
1.40509
0.56881
0.237917
0.318745
0.341434
0.305749
0.249607
0.200457
0.162165
0.124531
0.085524
0.0630229
3
2.99998
2.99992
2.99981
2.99947
2.99877
2.99668
2.99245
2.97983
2.95295
2.87865
2.70138
2.27548
1.44931
0.592617
0.247597
0.328796
0.353656
0.319782
0.266207
0.219095
0.182882
0.148687
0.116552
0.101042
3
2.99998
2.99993
2.9998
2.99954
2.99874
2.99708
2.99242
2.98181
2.95425
2.88712
2.7172
2.3147
1.51723
0.629162
0.266106
0.346444
0.374038
0.34235
0.291583
0.246473
0.212562
0.182053
0.155611
0.143892
3
2.99998
2.99994
2.99982
2.99955
2.99886
2.9972
2.99314
2.9827
2.95817
2.89459
2.73902
2.36331
1.60771
0.679477
0.297272
0.372981
0.401673
0.371399
0.322992
0.279665
0.248237
0.221478
0.19962
0.190496
3
2.99998
2.99994
2.99984
2.99958
2.99896
2.99738
2.9937
2.9839
2.96156
2.90258
2.76008
2.41212
1.6986
0.732624
0.326762
0.397167
0.425682
0.398313
0.354783
0.315651
0.288109
0.266111
0.24929
0.243344
3
2.99998
2.99995
2.99984
2.99964
2.99897
2.99775
2.99377
2.98594
2.96304
2.91179
2.77631
2.4548
1.7741
0.792318
0.360481
0.418601
0.442465
0.421203
0.386065
0.353501
0.331983
0.316301
0.306015
0.30543
3
2.99999
2.99995
2.99985
2.99966
2.99907
2.99788
2.99439
2.98681
2.96639
2.9183
2.79467
2.49582
1.8532
0.872013
0.413753
0.438224
0.452855
0.443598
0.418534
0.393568
0.379527
0.372662
0.371901
0.382598
3
2.99999
2.99996
2.99987
2.99968
2.99919
2.99797
2.99512
2.9875
2.9703
2.92436
2.81466
2.53859
1.94093
0.973066
0.478488
0.453938
0.46716
0.468352
0.452264
0.43664
0.431552
0.435481
0.450649
0.485469
3
2.99999
2.99996
2.99989
2.9997
2.99929
2.99818
2.99556
2.98906
2.97282
2.93319
2.83308
2.58645
2.03562
1.0973
0.553947
0.471077
0.485968
0.495613
0.488338
0.482647
0.487311
0.507612
0.553649
0.660495
3
2.99999
2.99996
2.99991
2.99973
2.99941
2.99832
2.99634
2.98995
2.97706
2.94026
2.85539
2.63612
2.14201
1.24986
0.642015
0.491785
0.508867
0.525165
0.525937
0.529155
0.546047
0.588524
0.677175
0.851546
3
2.99999
2.99997
2.99992
2.99979
2.99944
2.9987
2.99655
2.99214
2.9791
2.95131
2.87477
2.69267
2.25946
1.43701
0.744958
0.523553
0.540505
0.559457
0.566187
0.576822
0.605505
0.665661
0.777183
0.964366
3
3
2.99998
2.99993
2.99983
2.99954
2.99893
2.99716
2.99352
2.98279
2.96008
2.89735
2.74943
2.38866
1.66576
0.865
0.576256
0.586989
0.601861
0.611971
0.627004
0.66261
0.729563
0.841207
1.00423
3.00001
3
2.99998
2.99995
2.99986
2.99964
2.99909
2.99777
2.99456
2.98633
2.96721
2.91753
2.79792
2.50375
1.88398
0.994725
0.639525
0.634431
0.646534
0.660808
0.678439
0.715535
0.78021
0.880838
1.01936
3.00001
3
2.99999
2.99996
2.99988
2.99972
2.99922
2.99829
2.99528
2.98944
2.97204
2.93416
2.83258
2.59058
2.04988
1.15551
0.718778
0.669995
0.684195
0.702182
0.724489
0.762063
0.821562
0.909442
1.02795
3.00001
3
2.99999
2.99997
2.99991
2.99977
2.99939
2.99859
2.99624
2.99149
2.97732
2.94737
2.86471
2.6694
2.21214
1.37841
0.829299
0.70192
0.714014
0.734741
0.762776
0.801393
0.856726
0.932961
1.03418
3.00001
3
3
2.99998
2.99993
2.99983
2.99952
2.9989
2.99709
2.99323
2.98269
2.95843
2.89582
2.74312
2.37852
1.65172
0.965917
0.749684
0.748247
0.766976
0.79732
0.835633
0.887282
0.955002
1.04134
3.00001
3
3
2.99999
2.99995
2.99987
2.99964
2.99915
2.99786
2.99476
2.98728
2.96823
2.9232
2.80863
2.53574
1.95065
1.13198
0.819345
0.791914
0.805641
0.83307
0.869077
0.915432
0.975409
1.05047
3.00001
3.00001
3
2.99999
2.99996
2.9999
2.99974
2.99932
2.99844
2.99586
2.9906
2.97528
2.94222
2.85309
2.64225
2.16114
1.33596
0.906754
0.829607
0.840488
0.865154
0.899931
0.942156
0.995194
1.06025
3.00001
3.00001
3
3
2.99997
2.99993
2.9998
2.99953
2.99876
2.99711
2.99263
2.98225
2.95601
2.89184
2.73213
2.3571
1.62344
1.04146
0.876996
0.874758
0.893183
0.926365
0.967241
1.01524
1.07215
3.00001
3.00001
3
3
2.99998
2.99995
2.99986
2.99965
2.99912
2.99793
2.99466
2.98773
2.96812
2.92533
2.81173
2.54828
1.97769
1.2213
0.948416
0.916305
0.927241
0.954968
0.993113
1.03569
1.08576
3.00001
3.00001
3.00001
3
2.99999
2.99996
2.99991
2.99974
2.99942
2.99838
2.99648
2.99044
2.97833
2.94406
2.86616
2.66733
2.22325
1.44651
1.03806
0.955355
0.961006
0.98356
1.01824
1.05675
1.10089
3.00001
3.00001
3.00001
3
3
2.99998
2.99994
2.99982
2.99957
2.99892
2.99737
2.9936
2.98404
2.96174
2.90453
2.76685
2.43771
1.77445
1.18401
1.00947
0.997063
1.01145
1.04057
1.07758
1.11753
3.00001
3.00001
3.00001
3
3
2.99999
2.99996
2.99988
2.9997
2.99928
2.99815
2.99573
2.98891
2.97451
2.93473
2.84438
2.61738
2.12218
1.38969
1.09009
1.03774
1.04403
1.06586
1.09858
1.13588
3.00001
3.00001
3.00001
3.00001
3
2.99999
2.99997
2.99992
2.99981
2.99949
2.99878
2.997
2.99264
2.9823
2.95591
2.89369
2.73681
2.37675
1.68613
1.21425
1.08574
1.07721
1.08934
1.11717
1.15341
3.00001
3.00001
3.00001
3.00001
3
3
2.99998
2.99995
2.99987
2.99967
2.99921
2.99799
2.99536
2.98798
2.97248
2.92973
2.83321
2.59347
2.07757
1.40472
1.15679
1.11556
1.1198
1.14057
1.17061
3.00001
3.00001
3.00001
3.00001
3.00001
3
2.99999
2.99997
2.99991
2.9998
2.99944
2.99878
2.99667
2.99267
2.98063
2.95536
2.88719
2.72872
2.35596
1.67535
1.26415
1.15869
1.15064
1.16121
1.18605
3.00001
3.00001
3.00001
3.00001
3.00001
3
3
2.99998
2.99995
2.99986
2.99967
2.99917
2.998
2.99517
2.98804
2.97174
2.92961
2.83166
2.59316
2.08022
1.44905
1.22331
1.18649
1.18868
1.20731
3.00001
3.00001
3.00001
3.00001
3.00001
3.00001
3
2.99999
2.99997
2.99992
2.99978
2.99948
2.99871
2.99687
2.99246
2.98133
2.95556
2.8899
2.73448
2.37121
1.71405
1.32468
1.22656
1.21716
1.22684
3.00001
3.00001
3.00001
3.00001
3.00001
3.00001
3
3
2.99998
2.99995
2.99987
2.99968
2.99921
2.99805
2.9954
2.9884
2.97312
2.9324
2.83983
2.61245
2.12197
1.51366
1.2912
1.2527
1.25343
3.00001
3.00001
3.00001
3.00001
3.00001
3.00001
3.00001
3
2.99999
2.99997
2.99992
2.99981
2.99948
2.99885
2.99697
2.9931
2.98249
2.95864
2.89805
2.75396
2.41753
1.7946
1.39776
1.2932
1.28086
3.00001
3.00001
3.00001
3.00001
3.00001
3.00001
3.00001
3
3
2.99999
2.99996
2.99988
2.99972
2.99924
2.99833
2.9955
2.99013
2.97421
2.9409
2.8523
2.65109
2.19688
1.60081
1.36541
1.31911
3.00001
3.00001
3.00001
3.00001
3.00001
3.00001
3.00001
3.00001
3
3
2.99998
2.99993
2.99982
2.99957
2.99893
2.99742
2.99379
2.98474
2.96387
2.91081
2.78681
2.49148
1.92218
1.49103
1.36314
3.00001
3.00001
3.00001
3.00001
3.00001
3.00001
3.00001
3.00001
3.00001
3
2.99999
2.99996
2.9999
2.99975
2.99935
2.99855
2.99615
2.99157
2.97776
2.94978
2.87347
2.70204
2.30399
1.71948
1.45012
3.00001
3.00001
3.00001
3.00001
3.00001
3.00001
3.00001
3.00001
3.00001
3
3
2.99998
2.99995
2.99985
2.99965
2.99911
2.99791
2.99488
2.9877
2.97059
2.92842
2.82909
2.59229
2.10263
1.61239
3.00001
3.00001
3.00001
3.00001
3.00001
3.00001
3.00001
3.00001
3.00001
3.00001
3
2.99999
2.99997
2.99992
2.9998
2.99947
2.99884
2.99689
2.99326
2.98219
2.95996
2.89905
2.76284
2.43826
1.88147
3.00001
3.00001
3.00001
3.00001
3.00001
3.00001
3.00001
3.00001
3.00001
3.00001
3
3
2.99999
2.99996
2.99988
2.99973
2.99928
2.99842
2.99587
2.99071
2.97659
2.94549
2.86679
2.6855
2.27984
3.00001
3.00001
3.00001
3.00001
3.00001
3.00001
3.00001
3.00001
3.00001
3.00001
3.00001
3
3
2.99998
2.99994
2.99984
2.99963
2.99905
2.99781
2.99459
2.98716
2.9692
2.92569
2.8227
2.57954
3.00001
3.00001
3.00001
3.00001
3.00001
3.00001
3.00001
3.00001
3.00001
3.00001
3.00001
3.00001
3
2.99999
2.99997
2.99991
2.9998
2.99947
2.9988
2.99698
2.9929
2.98293
2.9587
2.90188
2.764
3.00001
3.00001
3.00001
3.00001
3.00001
3.00001
3.00001
3.00001
3.00001
3.00001
3.00001
3.00001
3
3
2.99999
2.99996
2.99988
2.99974
2.9993
2.99844
2.99606
2.99089
2.97781
2.94736
2.87389
3.00001
3.00001
3.00001
3.00001
3.00001
3.00001
3.00001
3.00001
3.00001
3.00001
3.00001
3.00001
3.00001
3
3
2.99998
2.99994
2.99986
2.99963
2.99915
2.99792
2.99505
2.98828
2.97144
2.93334
3.00001
3.00001
3.00001
3.00001
3.00001
3.00001
3.00001
3.00001
3.00001
3.00001
3.00001
3.00001
3.00001
3.00001
3
2.99999
2.99997
2.99992
2.99981
2.99954
2.99888
2.99739
2.99349
2.98525
2.96277
3.00001
3.00001
3.00001
3.00001
3.00001
3.00001
3.00001
3.00001
3.00001
3.00001
3.00001
3.00001
3.00001
3.00001
3.00001
3
2.99999
2.99996
2.99991
2.99975
2.99945
2.99855
2.99677
2.99187
2.98125
3.00001
3.00001
3.00001
3.00001
3.00001
3.00001
3.00001
3.00001
3.00001
3.00001
3.00001
3.00001
3.00001
3.00001
3.00001
3
3
2.99999
2.99995
2.99988
2.99971
2.99925
2.99836
2.99571
2.99072
3.00001
3.00001
3.00001
3.00001
3.00001
3.00001
3.00001
3.00001
3.00001
3.00001
3.00001
3.00001
3.00001
3.00001
3.00001
3.00001
3
3
2.99998
2.99994
2.99985
2.99962
2.99914
2.99781
2.99517
3.00001
3.00001
3.00001
3.00001
3.00001
3.00001
3.00001
3.00001
3.00001
3.00001
3.00001
3.00001
3.00001
3.00001
3.00001
3.00001
3.00001
3
2.99999
2.99998
2.99992
2.99982
2.99954
2.99891
2.99742
3.00001
3.00001
3.00001
3.00001
3.00001
3.00001
3.00001
3.00001
3.00001
3.00001
3.00001
3.00001
3.00001
3.00001
3.00001
3.00001
3.00001
3
3
2.99999
2.99997
2.9999
2.99978
2.99943
2.99869
3.00001
3.00001
3.00001
3.00001
3.00001
3.00001
3.00001
3.00001
3.00001
3.00001
3.00001
3.00001
3.00001
3.00001
3.00001
3.00001
3.00001
3.00001
3
3
2.99998
2.99996
2.99988
2.99971
2.9993
3.00001
3.00001
3.00001
3.00001
3.00001
3.00001
3.00001
3.00001
3.00001
3.00001
3.00001
3.00001
3.00001
3.00001
3.00001
3.00001
3.00001
3.00001
3.00001
3
2.99999
2.99998
2.99993
2.99983
2.99956
3.00001
3.00001
3.00001
3.00001
3.00001
3.00001
3.00001
3.00001
3.00001
3.00001
3.00001
3.00001
3.00001
3.00001
3.00001
3.00001
3.00001
3.00001
3.00001
3
3
2.99998
2.99995
2.99986
2.99966
1.12654
1.33146
1.3935
1.3528
1.27659
1.18439
1.10006
1.05907
1.05247
1.05526
1.05783
1.05821
1.05675
1.05425
1.05119
1.04915
1.0493
1.05038
1.05161
1.05328
1.05523
1.05708
1.05903
1.06124
1.06373
1.06635
1.06887
1.0705
1.07139
1.07133
1.06885
1.06054
1.03888
0.98733
0.870549
0.620781
0.267185
0.109906
0.145252
0.19223
0.225419
0.206398
0.157256
0.104766
0.0563611
0.0410507
0.0807084
0.124492
0.166922
0.206652
0.24373
0.277692
0.309974
0.342621
0.375561
0.407187
0.43775
0.466945
0.49557
0.523081
0.550143
0.576188
0.601927
0.626814
0.651529
0.675399
0.699159
0.721984
0.744752
0.766515
0.788278
0.80902
0.829827
0.849637
0.86958
0.888524
0.907671
0.925768
0.944137
0.961391
0.979003
0.99546
1.01237
1.02811
1.04438
1.05947
1.07518
1.08972
1.10498
1.11901
1.13395
1.14766
1.16238
1.17576
1.19016
1.203
1.2166
1.22788
1.23828
1.24416
1.13848
1.25586
1.32029
1.36295
1.40729
1.44188
1.45076
1.44602
1.42912
1.40523
1.38834
1.38321
1.38392
1.38574
1.38723
1.38768
1.38789
1.38767
1.38757
1.38817
1.38893
1.39006
1.39175
1.39379
1.39573
1.39767
1.39945
1.40069
1.40117
1.40098
1.39857
1.39127
1.37291
1.3296
1.23162
1.01721
0.662948
0.400942
0.289035
0.217998
0.174787
0.167025
0.199398
0.242091
0.284666
0.323291
0.360172
0.396275
0.431746
0.465828
0.498573
0.528801
0.5578
0.586407
0.615779
0.644136
0.671689
0.698017
0.723921
0.748842
0.773478
0.797109
0.820577
0.843034
0.865566
0.887066
0.908833
0.929437
0.950449
0.970145
0.990419
1.00928
1.02887
1.04699
1.06593
1.08337
1.10166
1.11842
1.13607
1.15217
1.16919
1.18463
1.20101
1.21587
1.23167
1.24603
1.26136
1.27535
1.29023
1.30386
1.31829
1.33149
1.34542
1.35819
1.37163
1.38387
1.39649
1.40729
1.417
1.42218
1.1355
1.2432
1.34006
1.43317
1.51976
1.58818
1.62037
1.62243
1.61733
1.60213
1.58219
1.56633
1.55793
1.55526
1.55587
1.55661
1.55757
1.55822
1.55863
1.55904
1.5595
1.56009
1.56096
1.56222
1.56385
1.56556
1.56709
1.56835
1.5688
1.56866
1.56714
1.56217
1.54933
1.51834
1.44681
1.28839
0.983519
0.684179
0.545367
0.46171
0.424972
0.431206
0.465435
0.503496
0.539044
0.569123
0.596921
0.623847
0.651771
0.678935
0.706254
0.731499
0.756153
0.77993
0.804911
0.828862
0.852562
0.874636
0.896859
0.917701
0.93908
0.959104
0.979825
0.999022
1.01902
1.03747
1.05679
1.07457
1.09316
1.11019
1.12806
1.14444
1.16183
1.1778
1.19487
1.2105
1.22722
1.24245
1.25875
1.27355
1.28941
1.30376
1.31926
1.33321
1.34832
1.36186
1.37651
1.3896
1.40378
1.41652
1.4303
1.44265
1.45603
1.46795
1.48091
1.49228
1.50455
1.51462
1.5244
1.52921
1.14188
1.24974
1.3495
1.44096
1.52248
1.5902
1.64312
1.6816
1.70215
1.70713
1.70524
1.69739
1.68552
1.67449
1.66863
1.66681
1.66757
1.66875
1.67057
1.67225
1.67328
1.67389
1.67441
1.67511
1.67624
1.67772
1.67967
1.68152
1.68235
1.68245
1.68173
1.67865
1.67014
1.64923
1.60014
1.49036
1.25271
0.93245
0.716332
0.609372
0.587269
0.604775
0.648632
0.693634
0.731298
0.762485
0.787611
0.808198
0.829738
0.851319
0.873985
0.895247
0.916068
0.934947
0.955105
0.974401
0.994361
1.01256
1.03137
1.04847
1.06627
1.08252
1.09961
1.11525
1.13181
1.14698
1.16325
1.1782
1.19431
1.20899
1.22476
1.239
1.25433
1.26815
1.28317
1.29674
1.31162
1.32502
1.33978
1.35306
1.36774
1.38083
1.3953
1.40808
1.42228
1.43474
1.4487
1.46085
1.47457
1.48645
1.49998
1.51159
1.52493
1.53622
1.54932
1.56014
1.57275
1.58251
1.59295
1.59785
1.14414
1.24901
1.34477
1.43251
1.51229
1.58425
1.64751
1.70111
1.74279
1.7697
1.77988
1.78004
1.77767
1.77069
1.76167
1.754
1.74934
1.7472
1.74742
1.74797
1.74892
1.75026
1.75135
1.75229
1.75311
1.75381
1.75473
1.75581
1.75668
1.75686
1.75648
1.75447
1.74869
1.7342
1.69986
1.62162
1.45181
1.1378
0.82975
0.688164
0.675829
0.703966
0.765719
0.828787
0.877
0.913421
0.943133
0.965647
0.982751
0.997185
1.01257
1.02767
1.04368
1.05753
1.07175
1.08532
1.10058
1.11487
1.12988
1.1434
1.15774
1.17085
1.18498
1.19785
1.21172
1.22436
1.23819
1.25083
1.2647
1.27726
1.29102
1.30341
1.31708
1.32939
1.34311
1.35545
1.36931
1.3817
1.39556
1.40777
1.4215
1.43351
1.44715
1.45899
1.47254
1.48417
1.4976
1.50901
1.52231
1.53352
1.54674
1.55779
1.57091
1.58184
1.59475
1.60548
1.61793
1.62791
1.6384
1.64385
1.14098
1.24122
1.33334
1.41807
1.49589
1.56691
1.63083
1.68735
1.73529
1.77472
1.8051
1.82457
1.83267
1.83304
1.8314
1.82627
1.81907
1.8122
1.80776
1.80579
1.80611
1.80677
1.80804
1.80999
1.81196
1.81339
1.81483
1.81595
1.81681
1.81698
1.81666
1.81509
1.81049
1.79901
1.77208
1.71073
1.57858
1.30842
0.942261
0.735465
0.728561
0.774011
0.855257
0.935424
0.99595
1.03975
1.06991
1.09167
1.10784
1.11887
1.12609
1.13245
1.13979
1.14771
1.15683
1.16524
1.17547
1.18587
1.19759
1.20834
1.22012
1.23087
1.24272
1.25354
1.26564
1.2768
1.28938
1.30091
1.31375
1.32532
1.33812
1.34956
1.36233
1.37374
1.38666
1.39821
1.41126
1.42278
1.43587
1.44731
1.46039
1.47173
1.48485
1.49613
1.50929
1.52047
1.53359
1.54465
1.55768
1.56864
1.58156
1.5925
1.60531
1.61624
1.62889
1.63974
1.65199
1.66227
1.67275
1.67866
1.13649
1.23003
1.31792
1.3993
1.47511
1.54477
1.60913
1.66733
1.71995
1.76606
1.80537
1.8374
1.86044
1.87393
1.87879
1.87877
1.87719
1.87292
1.86738
1.86256
1.85954
1.85827
1.85845
1.85884
1.85966
1.86088
1.86234
1.86368
1.86426
1.86428
1.86381
1.86206
1.85737
1.84618
1.8208
1.76475
1.64767
1.42034
1.1049
0.873388
0.856537
0.898358
0.956235
1.02278
1.08045
1.12439
1.15656
1.17743
1.1908
1.19961
1.20563
1.20882
1.21035
1.21273
1.21672
1.22202
1.22815
1.2349
1.24408
1.25341
1.26409
1.27391
1.28487
1.29481
1.30604
1.31627
1.32794
1.33852
1.35047
1.3612
1.37332
1.38414
1.39647
1.40748
1.42002
1.43109
1.44377
1.45484
1.46759
1.47859
1.49134
1.50226
1.51503
1.52591
1.53869
1.54955
1.56225
1.57308
1.58563
1.59642
1.60885
1.61963
1.63197
1.64278
1.65499
1.66576
1.67769
1.68791
1.69831
1.70427
1.13449
1.21986
1.30241
1.38027
1.45326
1.52144
1.58466
1.6433
1.69677
1.74549
1.78855
1.82603
1.85721
1.88231
1.90004
1.91043
1.91429
1.91424
1.91282
1.90907
1.90408
1.89939
1.89619
1.895
1.89535
1.89607
1.89747
1.89939
1.90029
1.90027
1.89953
1.89693
1.89021
1.87462
1.84024
1.76772
1.6259
1.42416
1.24131
1.08132
0.996518
0.992697
1.01816
1.05536
1.10224
1.14505
1.18484
1.2148
1.23549
1.24857
1.25687
1.26251
1.2663
1.2678
1.26857
1.2705
1.274
1.2783
1.2838
1.29058
1.29983
1.30893
1.31954
1.32907
1.3399
1.34963
1.36076
1.37076
1.38218
1.39241
1.40416
1.41468
1.42673
1.43737
1.4496
1.46034
1.47274
1.48349
1.49593
1.50661
1.51905
1.52967
1.54216
1.55279
1.56528
1.57592
1.58835
1.59894
1.61126
1.62177
1.63399
1.64445
1.6566
1.6671
1.67918
1.68963
1.70151
1.71142
1.72188
1.72756
1.13442
1.21168
1.28824
1.36187
1.43174
1.49765
1.55945
1.61724
1.6709
1.7204
1.7657
1.80652
1.84286
1.8741
1.9
1.92038
1.93419
1.94175
1.94423
1.94408
1.94282
1.93966
1.9359
1.93272
1.9306
1.92959
1.9295
1.92978
1.92987
1.92945
1.92766
1.92269
1.91073
1.88389
1.82644
1.70884
1.53009
1.39199
1.31592
1.24363
1.16515
1.10643
1.08948
1.10251
1.12527
1.15775
1.19504
1.22695
1.25551
1.277
1.29183
1.30152
1.3082
1.31265
1.31552
1.3167
1.31763
1.31993
1.32343
1.3275
1.33344
1.34085
1.35087
1.36008
1.3707
1.38011
1.39086
1.40036
1.41135
1.42113
1.43252
1.44257
1.45427
1.46457
1.47654
1.48697
1.49912
1.50961
1.52186
1.53234
1.54462
1.55505
1.56731
1.57773
1.58997
1.60039
1.61257
1.62296
1.63508
1.64538
1.65744
1.66768
1.67965
1.68983
1.70172
1.71182
1.72355
1.73317
1.74362
1.7491
1.13722
1.20666
1.27697
1.34594
1.4122
1.47546
1.53524
1.59169
1.64461
1.69412
1.73999
1.78235
1.82084
1.85552
1.88592
1.91188
1.93299
1.94966
1.96071
1.9668
1.96868
1.96848
1.96727
1.96437
1.96062
1.95727
1.95496
1.95378
1.95285
1.95079
1.94613
1.93575
1.91303
1.86458
1.76262
1.59512
1.44659
1.38126
1.35754
1.33532
1.30212
1.25712
1.21221
1.18551
1.17969
1.19284
1.21093
1.23563
1.26414
1.28797
1.30996
1.32735
1.33936
1.34733
1.35352
1.35733
1.35972
1.36131
1.36312
1.3658
1.36933
1.37372
1.38062
1.38856
1.39867
1.40798
1.41871
1.42798
1.43873
1.44814
1.45914
1.46873
1.48001
1.48983
1.50143
1.5115
1.5234
1.53362
1.54564
1.55586
1.56787
1.57807
1.59006
1.60035
1.61237
1.62272
1.63471
1.64495
1.65681
1.66687
1.67864
1.68864
1.70042
1.71044
1.72225
1.73222
1.74389
1.75338
1.76381
1.76923
1.14279
1.20492
1.26889
1.33281
1.39524
1.45529
1.51281
1.56737
1.61904
1.66778
1.71347
1.75625
1.79583
1.83237
1.8655
1.89529
1.92127
1.94341
1.96122
1.97506
1.98403
1.98887
1.99016
1.98993
1.9888
1.98631
1.98293
1.97927
1.97544
1.9702
1.96031
1.93972
1.89686
1.8073
1.65029
1.48511
1.4041
1.38427
1.38325
1.3838
1.37888
1.36556
1.34195
1.31093
1.27931
1.26017
1.25538
1.26587
1.27953
1.29867
1.3217
1.34033
1.35783
1.37217
1.38272
1.38998
1.39603
1.39979
1.40216
1.40417
1.40646
1.40915
1.41281
1.41806
1.42633
1.43514
1.44569
1.45489
1.46552
1.47461
1.48527
1.49441
1.5053
1.51471
1.526
1.53574
1.54735
1.55729
1.56904
1.57905
1.59078
1.60079
1.61242
1.62244
1.63408
1.64417
1.65588
1.66597
1.67769
1.68767
1.6993
1.70916
1.72075
1.73059
1.74221
1.75202
1.76355
1.77289
1.78325
1.78854
1.15163
1.20668
1.26469
1.32331
1.38142
1.43828
1.4929
1.54571
1.59563
1.64348
1.68841
1.73109
1.77096
1.80839
1.84298
1.87488
1.9037
1.9295
1.9518
1.9707
1.98565
1.99725
2.00462
2.00834
2.00887
2.00828
2.00636
2.00205
1.99514
1.98463
1.96541
1.92659
1.84825
1.7021
1.52573
1.42393
1.39655
1.39628
1.40409
1.41405
1.42324
1.42871
1.42817
1.41852
1.39837
1.37177
1.34514
1.32835
1.32223
1.32922
1.33946
1.35372
1.37242
1.38874
1.40334
1.41551
1.42547
1.43243
1.43805
1.44182
1.44438
1.44655
1.4492
1.45242
1.45754
1.46416
1.47353
1.48209
1.49233
1.50109
1.5115
1.52035
1.53094
1.53998
1.55089
1.56029
1.57154
1.58114
1.59243
1.60205
1.6133
1.623
1.63436
1.64425
1.65576
1.66574
1.67731
1.68721
1.69872
1.70846
1.71989
1.7295
1.74089
1.75047
1.76188
1.77145
1.78285
1.79201
1.80237
1.80756
1.1623
1.21142
1.2634
1.31709
1.37061
1.42376
1.47551
1.52569
1.57405
1.62031
1.66456
1.70649
1.74634
1.78379
1.81914
1.85197
1.88262
1.91048
1.93602
1.95832
1.97809
1.9941
2.00725
2.01652
2.02192
2.02268
2.0216
2.01805
2.00983
1.99269
1.95804
1.88892
1.75552
1.57416
1.44875
1.40632
1.40226
1.41086
1.42291
1.43819
1.45585
1.47117
1.48091
1.48465
1.48376
1.47432
1.45569
1.43306
1.41017
1.39379
1.38641
1.38882
1.39644
1.40669
1.42062
1.435
1.44792
1.45849
1.46786
1.47489
1.48052
1.48422
1.48684
1.48912
1.49215
1.49635
1.50292
1.51006
1.51938
1.52774
1.53798
1.54673
1.5572
1.56602
1.57653
1.58541
1.59612
1.60536
1.61639
1.6259
1.63703
1.64656
1.65764
1.6672
1.67838
1.68805
1.69939
1.70905
1.72038
1.72985
1.74107
1.75038
1.76158
1.77089
1.78215
1.79143
1.8027
1.81156
1.82184
1.82687
1.17548
1.21898
1.26523
1.31386
1.36352
1.4128
1.46161
1.50923
1.5555
1.60016
1.64317
1.68424
1.72361
1.76087
1.79639
1.82962
1.86123
1.89014
1.9176
1.94194
1.96465
1.984
2.0012
2.01469
2.02476
2.02818
2.02701
2.02233
2.01019
1.98299
1.92592
1.81108
1.63114
1.48271
1.42164
1.41064
1.41811
1.43003
1.44528
1.46392
1.48415
1.50261
1.51816
1.52984
1.53716
1.5412
1.54066
1.53272
1.51683
1.49709
1.47599
1.45841
1.44814
1.44464
1.45003
1.45708
1.46713
1.47938
1.49173
1.50136
1.51007
1.51659
1.52196
1.52552
1.52837
1.53118
1.53545
1.54076
1.54827
1.55558
1.5649
1.573
1.58296
1.59156
1.60201
1.61092
1.62152
1.63048
1.64111
1.65014
1.66085
1.67
1.6808
1.69002
1.70096
1.71029
1.72145
1.73085
1.74213
1.75141
1.76256
1.77163
1.78264
1.79162
1.8027
1.8117
1.82285
1.83149
1.84166
1.84655
1.18929
1.22784
1.26946
1.31335
1.3587
1.40487
1.4504
1.49559
1.53961
1.58248
1.62397
1.66413
1.70245
1.73951
1.77462
1.80805
1.83999
1.86952
1.89805
1.92371
1.94831
1.96986
1.98992
2.00628
2.01943
2.02369
2.02172
2.01418
1.99435
1.94931
1.85317
1.68824
1.52586
1.44432
1.42306
1.42778
1.43971
1.45438
1.47231
1.49252
1.51212
1.53051
1.5475
1.56307
1.57666
1.58737
1.59446
1.59826
1.59827
1.59231
1.57893
1.56108
1.54128
1.52265
1.50832
1.50099
1.50006
1.50526
1.51192
1.52067
1.5323
1.54219
1.55098
1.55759
1.56332
1.56674
1.56994
1.57346
1.57854
1.58431
1.59223
1.59963
1.60914
1.6173
1.62734
1.63589
1.64625
1.655
1.66545
1.67421
1.68465
1.69345
1.70401
1.71291
1.72365
1.73265
1.74356
1.75263
1.76369
1.7728
1.78385
1.79282
1.80371
1.8125
1.82336
1.83213
1.84305
1.85155
1.86168
1.86652
1.20384
1.23887
1.27644
1.31624
1.35749
1.40001
1.44306
1.48523
1.52736
1.56829
1.60795
1.64699
1.68399
1.72026
1.75479
1.78787
1.81983
1.84964
1.87869
1.90514
1.931
1.95378
1.97571
1.99373
2.00727
2.00931
2.00526
1.99197
1.95804
1.882
1.73481
1.56441
1.46703
1.43761
1.43895
1.44987
1.46489
1.48258
1.5028
1.52199
1.54017
1.55754
1.57469
1.59113
1.60664
1.62083
1.6333
1.64367
1.65104
1.65573
1.65666
1.65294
1.64185
1.62557
1.60537
1.58459
1.56664
1.55419
1.54826
1.55004
1.55479
1.56167
1.57218
1.58213
1.59141
1.59819
1.60426
1.60827
1.61248
1.61662
1.62216
1.62801
1.63587
1.64311
1.65246
1.66052
1.67056
1.67903
1.6893
1.69783
1.70808
1.71652
1.7268
1.73533
1.74584
1.75457
1.76532
1.77417
1.785
1.79385
1.80469
1.8135
1.82428
1.83299
1.84369
1.85229
1.863
1.87131
1.8813
1.88619
1.21906
1.25181
1.28557
1.32169
1.35959
1.39836
1.43814
1.47839
1.51718
1.55716
1.5945
1.63226
1.66836
1.70309
1.73753
1.76928
1.80156
1.83067
1.86026
1.88688
1.91326
1.93722
1.95905
1.97851
1.98739
1.98554
1.97717
1.95282
1.8938
1.76903
1.59557
1.48305
1.44678
1.44513
1.45678
1.47186
1.49174
1.51277
1.5332
1.5513
1.56851
1.58512
1.60119
1.61714
1.63284
1.64843
1.66342
1.67745
1.6901
1.70038
1.70844
1.71295
1.71459
1.7127
1.70422
1.68901
1.66931
1.64715
1.62524
1.6074
1.59637
1.59251
1.59606
1.60159
1.61028
1.62066
1.63151
1.63898
1.64547
1.64967
1.65458
1.65908
1.66508
1.67103
1.67901
1.68616
1.69545
1.70335
1.71322
1.72146
1.73156
1.73985
1.74993
1.75817
1.76836
1.77678
1.78725
1.79589
1.80654
1.8152
1.82577
1.83436
1.84482
1.85334
1.86386
1.87229
1.88284
1.89098
1.90072
1.90557
1.23543
1.26614
1.29744
1.33013
1.36464
1.40061
1.4364
1.4745
1.51119
1.54799
1.58496
1.61962
1.65546
1.68839
1.72203
1.75345
1.78429
1.8142
1.84219
1.87017
1.89541
1.92042
1.9415
1.95781
1.96048
1.95444
1.93622
1.89037
1.7869
1.61832
1.49188
1.44717
1.44456
1.45642
1.47395
1.49512
1.51876
1.53979
1.5601
1.57819
1.59555
1.61178
1.62798
1.64398
1.65999
1.67553
1.69091
1.70578
1.72024
1.73389
1.74629
1.75709
1.76566
1.77086
1.77308
1.77221
1.76553
1.75117
1.73159
1.70757
1.6829
1.66006
1.64331
1.63475
1.6365
1.64103
1.64876
1.65918
1.6696
1.67705
1.68436
1.68958
1.69559
1.70067
1.70736
1.71343
1.72151
1.72851
1.73756
1.74515
1.75472
1.76271
1.77262
1.78079
1.79082
1.79907
1.80927
1.8177
1.8281
1.83665
1.84704
1.85546
1.86571
1.87394
1.88416
1.89237
1.90265
1.91068
1.92028
1.92499
1.24995
1.28067
1.31059
1.34066
1.37168
1.40495
1.43828
1.47238
1.5077
1.54191
1.57662
1.61078
1.64366
1.67698
1.70796
1.73983
1.76913
1.79888
1.8267
1.85373
1.87973
1.90266
1.92322
1.93045
1.92621
1.91228
1.87617
1.78934
1.63274
1.49413
1.43858
1.43425
1.44782
1.46676
1.49132
1.51674
1.54121
1.56232
1.58277
1.60124
1.62002
1.63775
1.65484
1.67105
1.68657
1.70212
1.71731
1.73265
1.74759
1.76252
1.77683
1.79045
1.80263
1.81313
1.82126
1.82645
1.82913
1.8292
1.8245
1.81231
1.79321
1.76865
1.73962
1.71151
1.68863
1.67479
1.67466
1.6788
1.68612
1.69629
1.70686
1.71486
1.72317
1.72926
1.73602
1.74144
1.74839
1.75442
1.76232
1.76914
1.77793
1.78536
1.79479
1.80272
1.81266
1.82088
1.83095
1.83922
1.84936
1.85769
1.86791
1.87623
1.88638
1.89451
1.90452
1.91252
1.92253
1.93029
1.93976
1.94442
1.26966
1.29544
1.32463
1.35337
1.38171
1.41179
1.44295
1.47423
1.50626
1.53897
1.57112
1.6034
1.63545
1.66642
1.69764
1.72702
1.75701
1.78467
1.81307
1.8388
1.86393
1.88569
1.89776
1.89668
1.88557
1.85537
1.78413
1.6379
1.48888
1.42224
1.416
1.43023
1.45185
1.47868
1.50869
1.53527
1.55951
1.58075
1.60155
1.62091
1.64073
1.65909
1.67742
1.69459
1.71134
1.72737
1.74333
1.7589
1.77447
1.78947
1.8042
1.81805
1.83148
1.84398
1.85596
1.86674
1.8757
1.88236
1.88577
1.88633
1.88281
1.87163
1.85267
1.82614
1.79394
1.76117
1.73109
1.71374
1.7127
1.71681
1.72385
1.73372
1.74433
1.75251
1.76135
1.76787
1.77508
1.78081
1.78801
1.79411
1.802
1.80874
1.81743
1.82475
1.83409
1.84193
1.85183
1.86001
1.87007
1.87827
1.8883
1.89645
1.90647
1.91452
1.92447
1.93232
1.94218
1.94973
1.95892
1.9635
1.28897
1.31005
1.33762
1.36575
1.39235
1.41993
1.44841
1.47781
1.50775
1.53769
1.56866
1.59872
1.62915
1.65926
1.68847
1.71795
1.74576
1.77393
1.80001
1.82595
1.84813
1.86446
1.86575
1.85657
1.83109
1.77159
1.64003
1.48042
1.40093
1.39151
1.40662
1.429
1.45906
1.49152
1.52232
1.54904
1.57401
1.59631
1.6185
1.63844
1.65848
1.677
1.69638
1.71481
1.73334
1.75077
1.76761
1.78362
1.79917
1.81427
1.82894
1.84348
1.85765
1.87177
1.88528
1.89838
1.9104
1.92127
1.93009
1.93693
1.9402
1.94113
1.93848
1.92896
1.91019
1.88275
1.84714
1.80897
1.77187
1.75212
1.75023
1.75414
1.76102
1.77066
1.78132
1.78983
1.79921
1.80614
1.81381
1.81981
1.82712
1.83319
1.84097
1.84761
1.85615
1.86339
1.87268
1.88053
1.89045
1.89859
1.90858
1.91662
1.92651
1.93439
1.94423
1.95196
1.96167
1.96911
1.97806
1.98242
1.316
1.32814
1.35026
1.37812
1.4044
1.42993
1.45618
1.48298
1.51076
1.53893
1.56734
1.59636
1.62491
1.65362
1.68203
1.70977
1.73756
1.76366
1.78981
1.81238
1.83114
1.83507
1.82727
1.80572
1.75378
1.64038
1.473
1.37867
1.36463
1.37903
1.40266
1.43393
1.46966
1.50227
1.53226
1.55908
1.58489
1.60858
1.63187
1.65319
1.67467
1.69449
1.71462
1.73369
1.75298
1.77148
1.78935
1.80641
1.82268
1.83844
1.8537
1.86865
1.88327
1.89755
1.91153
1.92505
1.9382
1.95072
1.96272
1.97347
1.98278
1.99007
1.99343
1.99445
1.99223
1.98314
1.96415
1.93534
1.89599
1.85177
1.80981
1.7893
1.78717
1.79124
1.79822
1.80781
1.81827
1.82686
1.83643
1.84352
1.85142
1.85749
1.86497
1.87111
1.87898
1.88565
1.89427
1.90153
1.91098
1.91887
1.92879
1.93676
1.94659
1.95434
1.964
1.97159
1.98111
1.98843
1.99731
2.00146
1.34352
1.34798
1.3649
1.38932
1.41527
1.43999
1.46472
1.48991
1.51564
1.54206
1.56871
1.59554
1.62293
1.65007
1.67698
1.70397
1.73008
1.75567
1.77884
1.79918
1.80513
1.79834
1.77981
1.73384
1.63766
1.46542
1.35576
1.33567
1.3493
1.37279
1.40625
1.44353
1.4788
1.51021
1.53981
1.56705
1.59357
1.61822
1.64261
1.66537
1.68833
1.70947
1.731
1.75047
1.77045
1.78914
1.80807
1.82591
1.84334
1.85983
1.87598
1.89156
1.90682
1.92155
1.93595
1.94999
1.96379
1.9773
1.99037
2.00292
2.01462
2.02508
2.0341
2.04096
2.04408
2.04498
2.04296
2.03424
2.01532
1.98556
1.94281
1.89212
1.84696
1.82685
1.82378
1.828
1.8349
1.84464
1.85495
1.86347
1.87306
1.8803
1.8884
1.89461
1.90237
1.90865
1.91671
1.92343
1.93214
1.93941
1.94889
1.95665
1.96639
1.9741
1.98368
1.99114
2.00052
2.00762
2.01639
2.0204
1.38484
1.3754
1.38248
1.40104
1.42573
1.44998
1.47335
1.49718
1.52127
1.54603
1.57138
1.59683
1.62243
1.64839
1.67399
1.69926
1.72439
1.7474
1.7679
1.77643
1.77103
1.75432
1.71309
1.62588
1.45479
1.33203
1.30559
1.31794
1.34242
1.37706
1.41676
1.45308
1.48658
1.51699
1.54635
1.57371
1.60086
1.62635
1.65189
1.67578
1.69976
1.72209
1.74466
1.76542
1.78633
1.80533
1.82463
1.84313
1.86165
1.87947
1.89658
1.91296
1.92868
1.94399
1.95888
1.97347
1.98771
2.00159
2.01511
2.02818
2.04079
2.05279
2.06412
2.07425
2.08334
2.09016
2.09359
2.09445
2.09253
2.0839
2.06457
2.03218
1.9863
1.92982
1.88176
1.86379
1.86035
1.8646
1.8714
1.88121
1.89146
1.89992
1.90953
1.91674
1.92497
1.93134
1.93934
1.94573
1.95399
1.96074
1.96955
1.97676
1.98609
1.99362
2.0031
2.0105
2.01979
2.02675
2.03539
2.03921
1.4388
1.40629
1.40472
1.41557
1.43591
1.46043
1.48375
1.50636
1.52923
1.55224
1.57586
1.60001
1.62405
1.64843
1.67284
1.69669
1.71919
1.73946
1.74943
1.74552
1.72963
1.69094
1.60647
1.44803
1.31442
1.27881
1.28829
1.31215
1.34816
1.38882
1.42692
1.46109
1.49324
1.52315
1.55238
1.58024
1.60789
1.63416
1.66028
1.68498
1.7098
1.73314
1.75663
1.77829
1.8002
1.82023
1.84056
1.85924
1.87833
1.89646
1.91459
1.93184
1.94866
1.96477
1.98048
1.99564
2.01039
2.02469
2.03854
2.05202
2.06496
2.07758
2.0896
2.10119
2.11214
2.12195
2.13103
2.13766
2.14127
2.14207
2.14009
2.13133
2.11149
2.07534
2.02499
1.96594
1.91573
1.89954
1.89659
1.90091
1.90777
1.9171
1.92713
1.93563
1.94531
1.95258
1.96101
1.96755
1.97575
1.98225
1.99065
1.99738
2.00612
2.01315
2.02226
2.02947
2.03864
2.04549
2.05407
2.05774
1.54014
1.4447
1.42894
1.43248
1.44722
1.46929
1.49301
1.51552
1.53737
1.55949
1.58179
1.60443
1.6275
1.65029
1.67294
1.69466
1.71416
1.7249
1.72204
1.70657
1.6696
1.58765
1.43837
1.29337
1.24973
1.25757
1.28178
1.31841
1.36088
1.39975
1.43558
1.46825
1.49959
1.52914
1.55856
1.58668
1.61476
1.64142
1.66808
1.6934
1.71884
1.74284
1.76699
1.7895
1.81224
1.83306
1.85426
1.87359
1.89325
1.91165
1.9304
1.94838
1.96604
1.98295
1.99925
2.01508
2.03036
2.04521
2.05955
2.07345
2.08697
2.10003
2.11282
2.12509
2.13711
2.14847
2.15944
2.16919
2.17813
2.18482
2.1878
2.18833
2.1858
2.17613
2.15416
2.11587
2.05876
1.9979
1.94936
1.93429
1.93199
1.93655
1.94378
1.95288
1.96274
1.97113
1.98077
1.98808
1.99655
2.0031
2.01131
2.01778
2.02618
2.03281
2.04142
2.0482
2.05709
2.06375
2.07226
2.07589
1.74547
1.51836
1.46626
1.4574
1.46354
1.48004
1.50228
1.52419
1.54551
1.5664
1.58777
1.60921
1.63088
1.65264
1.67349
1.69227
1.70335
1.70106
1.68572
1.65004
1.57132
1.42694
1.27094
1.21859
1.2252
1.25042
1.289
1.33273
1.37341
1.40985
1.4438
1.47526
1.50606
1.53571
1.56535
1.59374
1.62198
1.64886
1.67581
1.70154
1.72749
1.75212
1.7768
1.79989
1.82302
1.84448
1.86634
1.8864
1.90705
1.92591
1.94519
1.96331
1.98177
1.99935
2.0166
2.03302
2.04902
2.06441
2.07936
2.09378
2.10778
2.12135
2.1345
2.14733
2.15972
2.17184
2.18344
2.19462
2.20518
2.21462
2.22316
2.2296
2.2319
2.23217
2.22899
2.2183
2.19433
2.15287
2.09149
2.028
1.98262
1.96962
1.96738
1.97198
1.97909
1.98791
1.99755
2.00568
2.01523
2.02247
2.03095
2.03754
2.04581
2.05231
2.06067
2.06716
2.07561
2.08196
2.09008
2.09366
2.0953
1.66057
1.51342
1.48511
1.48342
1.49254
1.51045
1.53282
1.55412
1.57465
1.59491
1.61517
1.6355
1.65502
1.67316
1.68435
1.68228
1.66686
1.63181
1.55424
1.41185
1.25236
1.19301
1.1976
1.22257
1.26113
1.30627
1.34736
1.38477
1.41872
1.45117
1.48211
1.513
1.54285
1.57259
1.60101
1.62931
1.65642
1.68369
1.70976
1.73597
1.76071
1.78556
1.8089
1.83245
1.8545
1.87691
1.89766
1.91901
1.93853
1.95868
1.97707
1.99592
2.01374
2.03165
2.04867
2.06527
2.08127
2.09685
2.11199
2.12669
2.141
2.15489
2.16833
2.18135
2.1939
2.20598
2.21761
2.22867
2.23924
2.24925
2.25809
2.26608
2.27217
2.27391
2.27369
2.26981
2.2578
2.23229
2.18507
2.12088
2.05786
2.01488
2.0038
2.00203
2.00657
2.01359
2.02195
2.03126
2.03909
2.04858
2.05575
2.06427
2.07091
2.07925
2.0857
2.09401
2.10014
2.10796
2.11136
2.44977
1.92454
1.61238
1.52309
1.50667
1.50839
1.5203
1.53963
1.56181
1.58255
1.60232
1.62165
1.64008
1.65696
1.66763
1.66544
1.64971
1.6148
1.53798
1.39588
1.23415
1.16757
1.17046
1.19492
1.23436
1.28018
1.32234
1.35978
1.39453
1.42701
1.45896
1.48993
1.5209
1.55076
1.58044
1.60889
1.63732
1.66457
1.69188
1.71795
1.74412
1.769
1.79403
1.81771
1.84158
1.86407
1.88683
1.90814
1.92989
1.94994
1.97063
1.98945
2.00886
2.02665
2.04504
2.06243
2.07988
2.09649
2.11289
2.12869
2.14412
2.15899
2.17337
2.18723
2.20054
2.21337
2.22567
2.23755
2.24902
2.26009
2.2709
2.28111
2.29116
2.30003
2.30765
2.31395
2.31524
2.31451
2.30959
2.29551
2.26707
2.21556
2.14561
2.08609
2.04701
2.03633
2.03547
2.03978
2.04673
2.05501
2.06405
2.07161
2.08104
2.08823
2.09682
2.10332
2.11173
2.11778
2.1255
2.12881
2.70147
2.32017
1.81876
1.59777
1.54315
1.53224
1.53583
1.54934
1.56909
1.59004
1.6095
1.62753
1.64379
1.65367
1.65105
1.63468
1.59931
1.5221
1.37802
1.21471
1.14216
1.14383
1.16807
1.20781
1.25498
1.29744
1.33564
1.37043
1.40387
1.43594
1.46785
1.49879
1.52962
1.55931
1.58884
1.61719
1.6455
1.67265
1.6999
1.72602
1.7523
1.77737
1.80257
1.82647
1.85055
1.87329
1.89629
1.91789
1.93982
1.96021
1.98114
2.00033
2.02033
2.03851
2.05749
2.07507
2.09328
2.11037
2.12741
2.14366
2.15959
2.1749
2.18972
2.20399
2.21775
2.23101
2.24379
2.25619
2.26812
2.27977
2.291
2.30185
2.31246
2.32233
2.332
2.3407
2.34742
2.35302
2.35395
2.35265
2.34619
2.33039
2.29672
2.2433
2.16912
2.11156
2.07833
2.06849
2.06803
2.07211
2.07883
2.08686
2.09601
2.10315
2.11264
2.1195
2.12819
2.13428
2.14205
2.14555
2.83852
2.62236
2.18097
1.75055
1.593
1.56033
1.55549
1.5619
1.57684
1.59597
1.61477
1.63105
1.64162
1.63871
1.62162
1.58541
1.50634
1.3597
1.1946
1.11683
1.11772
1.14148
1.18216
1.23009
1.27376
1.31218
1.34777
1.38119
1.41402
1.44582
1.47754
1.50828
1.53888
1.56834
1.59765
1.6258
1.654
1.68112
1.70842
1.73459
1.76091
1.78597
1.81118
1.83507
1.85917
1.88192
1.90496
1.92663
1.94865
1.9693
1.99045
2.0101
2.03051
2.04917
2.06876
2.08646
2.10509
2.12227
2.13991
2.15632
2.17276
2.18834
2.20363
2.21831
2.23257
2.24634
2.25968
2.27257
2.28509
2.29716
2.30892
2.32025
2.33129
2.34188
2.3522
2.36194
2.37099
2.37976
2.38581
2.3902
2.39077
2.38926
2.38083
2.36257
2.3233
2.26613
2.19202
2.13679
2.10785
2.09889
2.0995
2.1034
2.10994
2.11773
2.12686
2.13371
2.1429
2.14935
2.15731
2.16086
2.91498
2.79201
2.51917
2.03252
1.70069
1.59815
1.5778
1.5772
1.58516
1.60043
1.6181
1.63023
1.62767
1.60981
1.57243
1.49096
1.33982
1.1709
1.09243
1.09368
1.11758
1.15859
1.20758
1.2513
1.29017
1.32551
1.35947
1.39214
1.42458
1.45615
1.48763
1.51814
1.5485
1.57775
1.60692
1.63502
1.66319
1.69031
1.71753
1.7436
1.76976
1.79467
1.81972
1.84348
1.86749
1.89018
1.91323
1.93495
1.95713
1.97797
1.99935
2.01932
2.03992
2.05894
2.07877
2.09674
2.11568
2.13274
2.15084
2.16726
2.18423
2.19998
2.21585
2.23088
2.24572
2.25996
2.27385
2.28726
2.30026
2.31284
2.32498
2.33673
2.34807
2.35898
2.3696
2.3797
2.38951
2.39891
2.40722
2.41555
2.42132
2.42416
2.42439
2.42202
2.41287
2.39081
2.34644
2.28711
2.21244
2.16083
2.13679
2.12816
2.1296
2.1333
2.13948
2.14715
2.15603
2.16234
2.17056
2.17433
2.95448
2.89253
2.74463
2.41318
1.9317
1.68437
1.61409
1.59892
1.59832
1.60563
1.61738
1.61785
1.5999
1.56082
1.47504
1.31736
1.14535
1.06952
1.07202
1.09535
1.13682
1.18582
1.22999
1.26861
1.3043
1.33804
1.3713
1.40366
1.43592
1.46729
1.49856
1.52885
1.55902
1.58815
1.61724
1.64527
1.67328
1.70014
1.72701
1.75267
1.77845
1.80303
1.82784
1.85145
1.87537
1.89805
1.92111
1.94288
1.96513
1.98603
2.00748
2.02752
2.04813
2.06728
2.08709
2.10528
2.12435
2.14156
2.15992
2.17639
2.19393
2.20973
2.22627
2.2415
2.25699
2.2716
2.28609
2.29996
2.31348
2.32649
2.33907
2.35118
2.36285
2.37409
2.38495
2.39538
2.40549
2.41523
2.42443
2.43363
2.44143
2.44888
2.45472
2.45618
2.4558
2.45223
2.4415
2.41532
2.36556
2.30607
2.23264
2.18333
2.16327
2.15538
2.15734
2.16111
2.16682
2.1739
2.18188
2.18537
2.97604
2.94659
2.86841
2.69638
2.32091
1.87316
1.67786
1.62946
1.61717
1.61437
1.61073
1.59391
1.55168
1.45895
1.29153
1.11743
1.0466
1.05157
1.07472
1.1163
1.1657
1.20971
1.24867
1.28398
1.31803
1.35104
1.38403
1.41629
1.44848
1.47973
1.51079
1.54078
1.5706
1.59931
1.62793
1.65543
1.68293
1.7093
1.73577
1.76113
1.78669
1.81113
1.83581
1.8593
1.88308
1.90563
1.92855
1.95025
1.97235
1.99317
2.01445
2.03439
2.0549
2.074
2.09379
2.11213
2.13123
2.14877
2.1672
2.18391
2.20175
2.21768
2.23478
2.25002
2.26619
2.28083
2.2959
2.30991
2.32387
2.33712
2.35004
2.36245
2.37442
2.38596
2.39709
2.40783
2.41822
2.42828
2.43797
2.4475
2.45629
2.46511
2.47298
2.47924
2.48476
2.48567
2.48454
2.47984
2.46637
2.43524
2.3832
2.32144
2.25055
2.20443
2.18741
2.1799
2.18213
2.18555
2.19051
2.19412
2.98755
2.97261
2.93101
2.84258
2.62446
2.20802
1.81743
1.67327
1.63704
1.62093
1.5978
1.54683
1.44212
1.25762
1.08539
1.0245
1.03311
1.05743
1.09945
1.14737
1.19076
1.22907
1.26472
1.29864
1.33225
1.36512
1.39792
1.42985
1.46154
1.49215
1.52255
1.5519
1.58115
1.60935
1.6375
1.66456
1.69163
1.71762
1.74372
1.76874
1.79397
1.81809
1.84246
1.86567
1.88921
1.91157
1.93429
1.95575
1.97763
1.99822
2.01931
2.03908
2.05946
2.07849
2.09823
2.11658
2.13573
2.1534
2.17191
2.18886
2.20675
2.22297
2.24017
2.25561
2.27205
2.2867
2.30227
2.31618
2.33073
2.34397
2.35739
2.36997
2.38233
2.3942
2.40566
2.41683
2.42755
2.43799
2.44803
2.45784
2.46715
2.47634
2.48496
2.49289
2.50082
2.5062
2.5101
2.51067
2.50951
2.50275
2.48608
2.45233
2.39391
2.33261
2.26616
2.22306
2.20752
2.20103
2.2016
2.20283
2.99375
2.98564
2.96449
2.91883
2.80305
2.54786
2.09727
1.77829
1.66673
1.62107
1.55881
1.43162
1.21919
1.04358
0.993073
1.00575
1.03671
1.08279
1.13001
1.17151
1.20898
1.24387
1.27811
1.3116
1.34505
1.37771
1.41016
1.44156
1.47266
1.50267
1.53244
1.56116
1.58979
1.6174
1.64499
1.67155
1.69818
1.72377
1.74947
1.77412
1.79892
1.82261
1.84655
1.86936
1.8925
1.91447
1.93684
1.958
1.97961
1.99999
2.02088
2.04051
2.06075
2.07969
2.09936
2.11766
2.1368
2.15449
2.17308
2.19014
2.20814
2.22453
2.24185
2.25752
2.2741
2.289
2.30482
2.31892
2.33389
2.3472
2.36123
2.3738
2.38681
2.39873
2.41076
2.42199
2.43314
2.44379
2.4542
2.46428
2.47398
2.48346
2.49248
2.50109
2.50955
2.51673
2.5238
2.52919
2.53098
2.53115
2.52911
2.52095
2.49961
2.46413
2.39874
2.34426
2.27958
2.23672
2.22195
2.21671
2.99681
2.99248
2.98224
2.9574
2.90039
2.76404
2.45942
2.00788
1.7343
1.61005
1.45451
1.18595
0.988736
0.941564
0.959224
0.999968
1.05489
1.10381
1.14516
1.18153
1.21643
1.25058
1.28481
1.31837
1.35175
1.38415
1.41621
1.44715
1.47774
1.50719
1.53641
1.56459
1.5927
1.61982
1.64697
1.67312
1.69935
1.72454
1.74986
1.7741
1.79852
1.82185
1.84542
1.86788
1.89067
1.91232
1.93438
1.95528
1.97664
1.9968
2.01748
2.03695
2.05703
2.07587
2.09544
2.11373
2.13286
2.15063
2.16928
2.18648
2.20456
2.22114
2.23858
2.25446
2.2712
2.28634
2.30235
2.31668
2.33195
2.34544
2.35987
2.37257
2.38609
2.3981
2.41067
2.42214
2.43382
2.44476
2.45563
2.46602
2.47611
2.48588
2.49523
2.50423
2.51292
2.52088
2.52872
2.53572
2.54124
2.54606
2.54712
2.54654
2.54335
2.53282
2.50919
2.46429
2.41371
2.34303
2.28147
2.25382
2.99829
2.99609
2.99022
2.97813
2.94543
2.87591
2.704
2.34587
1.8823
1.54088
1.19947
0.919683
0.866872
0.890809
0.941027
1.00124
1.05078
1.09281
1.13193
1.16988
1.2072
1.24346
1.27915
1.31355
1.34724
1.37958
1.4113
1.44171
1.47164
1.50039
1.52891
1.55647
1.58405
1.61077
1.63764
1.6636
1.6897
1.71479
1.74001
1.76412
1.78838
1.8115
1.83483
1.85702
1.87953
1.9009
1.92269
1.94333
1.96445
1.98442
2.00494
2.02431
2.04433
2.06318
2.08282
2.10122
2.1205
2.13845
2.1573
2.17473
2.19301
2.20984
2.22748
2.24367
2.26062
2.27609
2.29232
2.30698
2.32249
2.33626
2.35104
2.36394
2.37799
2.39012
2.40343
2.41496
2.42749
2.43856
2.45026
2.4609
2.47174
2.48186
2.49182
2.50123
2.51033
2.51882
2.52703
2.53463
2.54143
2.54811
2.55286
2.55574
2.55661
2.55591
2.5514
2.53826
2.51163
2.45975
2.40149
2.36253
2.99895
2.9975
2.99381
2.98574
2.96401
2.91676
2.79458
2.52306
1.9862
1.34051
0.806744
0.652715
0.705946
0.779361
0.85339
0.911314
0.959736
1.0039
1.04703
1.08919
1.13099
1.17127
1.21036
1.24773
1.28412
1.31901
1.35322
1.38621
1.41882
1.45036
1.48167
1.51191
1.54192
1.57076
1.59939
1.6268
1.65404
1.68003
1.70593
1.73056
1.75519
1.77858
1.80213
1.8245
1.84718
1.86874
1.89073
1.91164
1.93307
1.95342
1.97438
1.99425
2.01483
2.03429
2.05452
2.07353
2.09336
2.11185
2.13117
2.14904
2.16772
2.18493
2.2029
2.21944
2.23668
2.25253
2.26905
2.28414
2.29998
2.31429
2.32953
2.34308
2.35777
2.37066
2.38483
2.39713
2.41076
2.42246
2.43542
2.4465
2.4586
2.46898
2.48005
2.48959
2.4996
2.50814
2.51709
2.52474
2.53231
2.53931
2.54543
2.55079
2.55525
2.55677
2.55706
2.55566
2.5491
2.53223
2.49841
2.47419
2.99911
2.99796
2.99462
2.98779
2.96799
2.9248
2.80882
2.5384
1.9328
1.0998
0.487881
0.324057
0.415291
0.526576
0.613449
0.686338
0.752337
0.812803
0.868646
0.920058
0.968145
1.01322
1.05643
1.09761
1.13769
1.17631
1.21426
1.25097
1.28717
1.32217
1.35677
1.39021
1.42336
1.4554
1.48726
1.51798
1.54855
1.57792
1.60715
1.63512
1.66303
1.68966
1.71633
1.74174
1.76731
1.79166
1.81628
1.8397
1.86348
1.88609
1.90916
1.93104
1.95347
1.97466
1.99647
2.01695
2.03812
2.05788
2.07838
2.09742
2.11722
2.13559
2.15466
2.17238
2.19075
2.20782
2.22551
2.24191
2.259
2.27469
2.29127
2.30627
2.32238
2.33675
2.35237
2.3661
2.38114
2.39413
2.40844
2.42055
2.43396
2.44506
2.45735
2.4674
2.47846
2.4874
2.49726
2.50509
2.51379
2.52063
2.52813
2.53407
2.54005
2.54473
2.54695
2.54816
2.54766
2.54332
2.52921
2.52182
)
;

boundaryField
{
    inlet
    {
        type            calculated;
        value           uniform 3.00001;
    }
    outlet
    {
        type            calculated;
        value           nonuniform List<scalar> 
40
(
1.24416
1.42218
1.52921
1.59785
1.64385
1.67866
1.70427
1.72756
1.7491
1.76923
1.78854
1.80756
1.82687
1.84655
1.86652
1.88619
1.90557
1.92499
1.94442
1.9635
1.98242
2.00146
2.0204
2.03921
2.05774
2.07589
2.09366
2.11136
2.12881
2.14555
2.16086
2.17433
2.18537
2.19412
2.20283
2.21671
2.25382
2.36253
2.47419
2.52182
)
;
    }
    top
    {
        type            symmetryPlane;
    }
    bottom
    {
        type            symmetryPlane;
    }
    obstacle
    {
        type            calculated;
        value           nonuniform List<scalar> 
110
(
0.0268794
0.0556824
0.0964289
0.140213
0.187142
0.239981
0.301739
0.377986
0.478575
0.64835
0.85431
1.17633
1.32091
1.3288
1.27303
1.18437
1.09961
1.05902
1.05233
1.05481
1.05743
1.058
1.05666
1.05422
1.05117
1.04913
1.04927
1.05033
1.05157
1.05323
1.05519
1.05706
1.059
1.06122
1.06372
1.06634
1.06885
1.07049
1.07138
1.07131
1.06883
1.06052
1.03884
0.987237
0.870244
0.619205
0.251262
0.0103003
0.135329
0.1922
0.224921
0.205157
0.154226
0.0987868
0.0424691
0.020103
0.0747829
0.121542
0.165096
0.2054
0.242821
0.277018
0.309452
0.342182
0.375179
0.406866
0.437484
0.466722
0.495378
0.522915
0.549999
0.576062
0.601818
0.62672
0.651447
0.675329
0.699098
0.721932
0.744706
0.766476
0.788244
0.808991
0.829803
0.849616
0.869562
0.888509
0.907658
0.925758
0.944129
0.961384
0.978998
0.995456
1.01237
1.02811
1.04438
1.05947
1.07518
1.08972
1.10498
1.11901
1.13395
1.14766
1.16238
1.17576
1.19016
1.203
1.2166
1.22788
1.23828
1.24416
)
;
    }
    frontAndBack
    {
        type            empty;
    }
}


// ************************************************************************* //
