/*--------------------------------*- C++ -*----------------------------------*\
  =========                 |
  \\      /  F ield         | OpenFOAM: The Open Source CFD Toolbox
   \\    /   O peration     | Website:  https://openfoam.org
    \\  /    A nd           | Version:  13
     \\/     M anipulation  |
\*---------------------------------------------------------------------------*/
FoamFile
{
    format      ascii;
    class       volScalarField;
    location    "2.5";
    object      rho;
}
// * * * * * * * * * * * * * * * * * * * * * * * * * * * * * * * * * * * * * //

dimensions      [1 -3 0 0 0 0 0];

internalField   nonuniform List<scalar> 
5250
(
1.40001
1.40002
1.40006
1.40013
1.40036
1.40082
1.40214
1.40505
1.41273
1.43054
1.47364
1.56953
1.77532
2.22296
3.95603
6.02982
5.77669
5.63356
5.65605
5.74624
5.83813
5.89983
5.94678
5.98764
5.99455
1.40001
1.40002
1.40005
1.40014
1.40033
1.40085
1.40199
1.4052
1.41204
1.43078
1.47137
1.56787
1.76878
2.20962
3.89959
6.03846
5.77991
5.63218
5.65492
5.74531
5.83765
5.89978
5.94747
5.98929
5.99725
1.40001
1.40002
1.40006
1.40013
1.40034
1.40077
1.40202
1.40479
1.41203
1.42896
1.4698
1.56127
1.75778
2.18126
3.77396
6.05666
5.78731
5.62696
5.64833
5.73705
5.82823
5.89028
5.93897
5.98109
5.98922
1.40001
1.40002
1.40005
1.40012
1.40033
1.4007
1.40202
1.40425
1.41199
1.42627
1.46767
1.55151
1.74192
2.14006
3.58535
6.08295
5.802
5.61826
5.63508
5.7192
5.81204
5.8724
5.91621
5.95708
5.96648
1.40001
1.40002
1.40005
1.40011
1.40031
1.40065
1.40187
1.404
1.41107
1.42462
1.46285
1.54174
1.72049
2.09272
3.34439
6.09623
5.81969
5.61136
5.62281
5.69795
5.78615
5.84376
5.88718
5.92598
5.93435
1.40001
1.40002
1.40005
1.4001
1.40029
1.40061
1.40172
1.40374
1.41015
1.4229
1.45796
1.53167
1.6982
2.04009
3.10745
6.05739
5.81608
5.59203
5.59883
5.66208
5.74811
5.79531
5.83508
5.8748
5.89034
1.40001
1.40002
1.40004
1.4001
1.40025
1.40058
1.40155
1.4035
1.40935
1.4212
1.45376
1.52243
1.67824
1.99467
2.93691
5.8929
5.75422
5.55944
5.56201
5.60934
5.68986
5.73718
5.76625
5.79922
5.81632
1.40001
1.40002
1.40004
1.40009
1.40024
1.40052
1.40147
1.40313
1.40878
1.41922
1.45008
1.51271
1.65913
1.95318
2.77743
5.64239
5.6418
5.53682
5.52585
5.54755
5.61233
5.65224
5.67383
5.69223
5.70852
1.40001
1.40001
1.40004
1.40008
1.40022
1.40047
1.40132
1.40291
1.40785
1.4178
1.44532
1.50366
1.63818
1.91349
2.62445
5.31745
5.57224
5.50937
5.46851
5.47825
5.51883
5.54291
5.54429
5.53856
5.53294
1.40001
1.40001
1.40003
1.40008
1.40017
1.40049
1.40104
1.40295
1.40632
1.41732
1.43861
1.49622
1.61355
1.87035
2.47678
4.91597
5.52907
5.47822
5.40273
5.40352
5.41746
5.41467
5.39007
5.327
5.25705
1.40001
1.40001
1.40003
1.40007
1.40016
1.40041
1.40094
1.40253
1.40562
1.41511
1.43406
1.48487
1.59007
1.82077
2.33358
4.43574
5.5033
5.45345
5.33329
5.31091
5.29998
5.26763
5.17689
4.95596
4.29303
1.40001
1.40001
1.40002
1.40006
1.40013
1.40036
1.40081
1.40211
1.40495
1.41253
1.42981
1.47208
1.5653
1.76609
2.1956
3.88003
5.50208
5.44078
5.28643
5.22654
5.18997
5.11721
4.96256
4.64043
3.91979
1.40001
1.40001
1.40002
1.40005
1.40011
1.4003
1.40067
1.40176
1.40408
1.41037
1.42466
1.4599
1.53844
1.70946
2.06403
3.25859
5.47856
5.42274
5.26035
5.15176
5.08432
4.97393
4.76818
4.42999
3.84394
1.40001
1.40001
1.40002
1.40005
1.40009
1.40025
1.40053
1.40149
1.4032
1.40875
1.41951
1.44991
1.51285
1.65836
1.95122
2.75383
5.30515
5.34448
5.24474
5.08974
4.98763
4.85668
4.63317
4.31209
3.85332
1.40001
1.40001
1.40002
1.40003
1.40008
1.40019
1.40046
1.40117
1.40269
1.40705
1.41611
1.441
1.49368
1.61644
1.86732
2.47199
4.80265
5.23629
5.17783
5.02964
4.89642
4.75772
4.53732
4.24311
3.86688
1.40001
1.40001
1.40002
1.40003
1.40007
1.40015
1.40039
1.40088
1.40229
1.40541
1.41352
1.43239
1.47747
1.57745
1.79004
2.25204
4.10355
5.14622
5.11102
4.99243
4.82393
4.67484
4.46989
4.19464
3.86925
1.40001
1.40001
1.40001
1.40003
1.40005
1.40013
1.40028
1.40077
1.40164
1.40458
1.4099
1.4266
1.45938
1.54347
1.71302
2.06926
3.34607
5.08592
5.06882
4.9833
4.78038
4.60764
4.41733
4.17009
3.87491
1.40001
1.40001
1.40001
1.40002
1.40004
1.4001
1.40021
1.40059
1.40124
1.40348
1.40748
1.4202
1.44491
1.51037
1.64274
1.91927
2.64099
4.88421
5.04377
4.96601
4.77398
4.56446
4.37117
4.14683
3.8845
1.40001
1.40001
1.40001
1.40002
1.40003
1.40008
1.40017
1.40043
1.40099
1.40252
1.40601
1.41482
1.43553
1.4843
1.59206
1.81796
2.32464
4.29017
4.94796
4.90357
4.76669
4.54447
4.34225
4.12921
3.88834
1.40001
1.40001
1.40001
1.40001
1.40003
1.40006
1.40012
1.40034
1.4007
1.40199
1.4042
1.41168
1.42555
1.46533
1.54554
1.7273
2.0869
3.4667
4.85946
4.84123
4.75381
4.55065
4.33064
4.12316
3.89936
1.40001
1.40001
1.40001
1.40001
1.40002
1.40004
1.4001
1.40021
1.40058
1.40128
1.40335
1.40767
1.41952
1.44511
1.5079
1.63969
1.9004
2.59379
4.6401
4.82766
4.75566
4.57722
4.335
4.12146
3.91221
1.40001
1.40001
1.40001
1.40001
1.40002
1.40003
1.40007
1.40016
1.40041
1.40093
1.40245
1.40543
1.41444
1.43232
1.48031
1.57886
1.79229
2.24726
4.01157
4.74647
4.71127
4.59559
4.35896
4.13532
3.9298
1.40001
1.40001
1.40001
1.40001
1.40001
1.40002
1.40006
1.40011
1.4003
1.40063
1.40177
1.40378
1.41031
1.42281
1.45791
1.52955
1.69267
2.00347
3.10986
4.598
4.64995
4.58361
4.40017
4.16736
3.95349
1.40001
1.40001
1.40001
1.40001
1.40001
1.40002
1.40004
1.40008
1.40021
1.40045
1.40118
1.40268
1.40687
1.41596
1.4395
1.49059
1.60764
1.83087
2.37858
4.20926
4.61455
4.56867
4.43632
4.21016
3.99038
1.40001
1.40001
1.40001
1.40001
1.40001
1.40001
1.40003
1.40006
1.40015
1.4003
1.40083
1.40176
1.40486
1.41055
1.42785
1.46203
1.54833
1.71894
2.06711
3.37742
4.50414
4.50877
4.4479
4.27483
4.03339
1.40001
1.40001
1.40001
1.40001
1.40001
1.40001
1.40002
1.40004
1.40009
1.40023
1.40049
1.40129
1.40293
1.40746
1.4173
1.44258
1.49717
1.62081
1.84528
2.43808
4.21123
4.49805
4.4526
4.33177
4.09697
1.40001
1.40001
1.40001
1.40001
1.40001
1.40001
1.40002
1.40003
1.40006
1.40014
1.40034
1.40084
1.40193
1.40502
1.41128
1.42891
1.46522
1.55373
1.72842
2.08982
3.46438
4.40456
4.40563
4.34978
4.19764
1.40001
1.40001
1.40001
1.40001
1.40001
1.40001
1.40001
1.40002
1.40004
1.40009
1.40024
1.4005
1.40135
1.40291
1.40778
1.4172
1.44376
1.4973
1.62279
1.84031
2.43501
4.13524
4.39632
4.35919
4.25909
1.40001
1.40001
1.40001
1.40001
1.40001
1.40001
1.40001
1.40002
1.40003
1.40007
1.40013
1.40037
1.40076
1.40211
1.40451
1.41213
1.42674
1.46695
1.54816
1.7243
2.07221
3.40991
4.2935
4.32282
4.27444
1.40001
1.40001
1.40001
1.40001
1.40001
1.40001
1.40001
1.40001
1.40002
1.40004
1.40009
1.40023
1.40048
1.4013
1.40284
1.40743
1.41672
1.44173
1.49381
1.61325
1.82035
2.37811
3.99796
4.30071
4.27494
1.40001
1.40001
1.40001
1.40001
1.40001
1.40001
1.40001
1.40001
1.40001
1.40003
1.40006
1.40014
1.40031
1.40082
1.40174
1.4048
1.41017
1.42719
1.45926
1.54266
1.69974
2.02424
3.2247
4.16253
4.23657
1.40001
1.40001
1.40001
1.40001
1.40001
1.40001
1.40001
1.40001
1.40001
1.40002
1.40004
1.40009
1.4002
1.40047
1.40115
1.40267
1.40671
1.41535
1.438
1.48592
1.59519
1.78674
2.2796
3.79516
4.19562
1.40001
1.40001
1.40001
1.40001
1.40001
1.40001
1.40001
1.40001
1.40001
1.40001
1.40002
1.40006
1.40012
1.40031
1.40064
1.40175
1.40375
1.41001
1.42201
1.45535
1.52215
1.67007
1.94165
2.91276
3.99764
1.40001
1.40001
1.40001
1.40001
1.40001
1.40001
1.40001
1.40001
1.40001
1.40001
1.40002
1.40003
1.40008
1.40017
1.40042
1.40098
1.40232
1.40575
1.41328
1.43265
1.47435
1.56984
1.74213
2.1502
3.50847
1.40001
1.40001
1.40001
1.40001
1.40001
1.40001
1.40001
1.40001
1.40001
1.40001
1.40001
1.40002
1.40005
1.4001
1.40026
1.40053
1.40145
1.40307
1.40829
1.41783
1.44572
1.49958
1.62443
1.83501
2.48783
1.40001
1.40001
1.40001
1.40001
1.40001
1.40001
1.40001
1.40001
1.40001
1.40001
1.40001
1.40002
1.40003
1.40006
1.40014
1.40033
1.4008
1.40186
1.40469
1.41053
1.4267
1.45944
1.53985
1.68777
2.00257
1.40001
1.40001
1.40001
1.40001
1.40001
1.40001
1.40001
1.40001
1.40001
1.40001
1.40001
1.40001
1.40002
1.40004
1.40008
1.4002
1.40043
1.40113
1.40242
1.4065
1.41387
1.43596
1.47802
1.57985
1.74906
1.40001
1.40001
1.40001
1.40001
1.40001
1.40001
1.40001
1.40001
1.40001
1.40001
1.40001
1.40001
1.40001
1.40002
1.40005
1.40011
1.40027
1.40057
1.40154
1.40324
1.40873
1.41868
1.44776
1.50344
1.63024
1.40001
1.40001
1.40001
1.40001
1.40001
1.40001
1.40001
1.40001
1.40001
1.40001
1.40001
1.40001
1.40001
1.40002
1.40003
1.40006
1.40015
1.40032
1.40086
1.4018
1.4049
1.41032
1.42725
1.45852
1.54001
1.40001
1.40001
1.40001
1.40001
1.40001
1.40001
1.40001
1.40001
1.40001
1.40001
1.40001
1.40001
1.40001
1.40001
1.40002
1.40004
1.40008
1.4002
1.40042
1.40111
1.40236
1.40631
1.41342
1.43466
1.47482
1.40001
1.40001
1.40001
1.40001
1.40001
1.40001
1.40001
1.40001
1.40001
1.40001
1.40001
1.40001
1.40001
1.40001
1.40001
1.40002
1.40005
1.40011
1.40023
1.40061
1.40127
1.40341
1.40725
1.41888
1.44115
1.40001
1.40001
1.40001
1.40001
1.40001
1.40001
1.40001
1.40001
1.40001
1.40001
1.40001
1.40001
1.40001
1.40001
1.40001
1.40001
1.40003
1.40006
1.40014
1.40029
1.40077
1.40167
1.40426
1.40956
1.4236
1.40001
1.40001
1.40001
1.40001
1.40001
1.40001
1.40001
1.40001
1.40001
1.40001
1.40001
1.40001
1.40001
1.40001
1.40001
1.40001
1.40002
1.40003
1.40007
1.40016
1.40041
1.40087
1.40231
1.4049
1.41288
1.40001
1.40001
1.40001
1.40001
1.40001
1.40001
1.40001
1.40001
1.40001
1.40001
1.40001
1.40001
1.40001
1.40001
1.40001
1.40001
1.40001
1.40002
1.40004
1.40009
1.4002
1.40048
1.40114
1.40264
1.4065
1.40001
1.40001
1.40001
1.40001
1.40001
1.40001
1.40001
1.40001
1.40001
1.40001
1.40001
1.40001
1.40001
1.40001
1.40001
1.40001
1.40001
1.40001
1.40002
1.40005
1.4001
1.40026
1.40057
1.40142
1.40328
1.40001
1.40001
1.40001
1.40001
1.40001
1.40001
1.40001
1.40001
1.40001
1.40001
1.40001
1.40001
1.40001
1.40001
1.40001
1.40001
1.40001
1.40001
1.40001
1.40003
1.40006
1.40014
1.40029
1.40077
1.40162
1.40001
1.40001
1.40001
1.40001
1.40001
1.40001
1.40001
1.40001
1.40001
1.40001
1.40001
1.40001
1.40001
1.40001
1.40001
1.40001
1.40001
1.40001
1.40001
1.40002
1.40003
1.40007
1.40017
1.40036
1.40094
1.40001
1.40001
1.40001
1.40001
1.40001
1.40001
1.40001
1.40001
1.40001
1.40001
1.40001
1.40001
1.40001
1.40001
1.40001
1.40001
1.40001
1.40001
1.40001
1.40001
1.40002
1.40004
1.40008
1.40022
1.40045
1.40001
1.40001
1.40001
1.40001
1.40001
1.40001
1.40001
1.40001
1.40001
1.40001
1.40001
1.40001
1.40001
1.40001
1.40001
1.40001
1.40001
1.40001
1.40001
1.40001
1.40001
1.40003
1.40005
1.40014
1.40028
1.40001
1.40001
1.40001
1.40001
1.40001
1.40001
1.40001
1.40001
1.40001
1.40001
1.40001
1.40001
1.40001
1.40001
1.40001
1.40001
1.40001
1.40001
1.40001
1.40001
1.40001
1.40002
1.40004
1.40011
1.40023
1.86914
1.01425
0.700169
0.625912
0.625661
0.659047
0.750152
0.824147
0.846945
0.846563
0.843388
0.841449
0.8416
0.842744
0.846683
0.850683
0.852525
0.852528
0.852279
0.851666
0.850506
0.849519
0.848797
0.848075
0.847137
0.84592
0.844721
0.843753
0.84365
0.844013
0.845523
0.849824
0.86077
0.886819
0.946322
1.08285
1.40808
1.71202
1.70695
1.71195
1.72847
1.75179
1.79364
1.84952
1.89877
1.94423
1.98089
2.0084
2.02885
2.04184
2.0522
2.06152
2.06722
2.06843
2.0679
2.06468
2.06242
2.05643
2.05167
2.04296
2.03474
2.02278
2.01175
1.99802
1.98569
1.97068
1.95714
1.94052
1.9255
1.9073
1.89088
1.8714
1.85387
1.83351
1.8152
1.79421
1.77542
1.75392
1.7348
1.71293
1.69362
1.67156
1.65221
1.63017
1.61092
1.58909
1.57018
1.54876
1.53033
1.50938
1.49175
1.47155
1.45465
1.43511
1.41895
1.40017
1.385
1.36762
1.3547
1.34245
2.31468
1.50656
1.14913
1.00195
0.942221
0.899527
0.892659
0.897134
0.908047
0.933551
0.958375
0.967901
0.967729
0.966837
0.964253
0.964228
0.964421
0.964973
0.966175
0.966268
0.966134
0.965678
0.964664
0.962902
0.961169
0.959695
0.958245
0.956778
0.956764
0.957168
0.958439
0.962273
0.971877
0.994784
1.04715
1.15576
1.44664
1.79711
1.78217
1.75562
1.75501
1.79261
1.85351
1.9242
1.99608
2.05826
2.11362
2.15525
2.1896
2.21545
2.23819
2.25457
2.27075
2.28026
2.2868
2.28842
2.29028
2.28909
2.28806
2.28299
2.27775
2.26833
2.25938
2.24637
2.23497
2.21956
2.20656
2.18911
2.17462
2.15524
2.13945
2.11859
2.10179
2.0799
2.06218
2.03952
2.02098
1.9977
1.97853
1.95482
1.93519
1.91126
1.89132
1.86738
1.84713
1.82333
1.80308
1.77957
1.75927
1.73608
1.71568
1.69275
1.67251
1.65011
1.6303
1.60864
1.58963
1.56936
1.55281
1.53626
2.84136
2.10841
1.63762
1.33791
1.14499
1.02563
0.949188
0.942487
0.946454
0.95735
0.984684
1.00986
1.02665
1.03463
1.03486
1.03456
1.03375
1.03289
1.03288
1.03282
1.03272
1.03248
1.03199
1.03096
1.02947
1.0278
1.02604
1.02436
1.02416
1.02427
1.02509
1.02805
1.03551
1.05377
1.09615
1.18626
1.39822
1.82476
1.96318
1.95276
1.94586
1.97255
2.02065
2.07222
2.13231
2.18541
2.24008
2.28423
2.32349
2.34933
2.37279
2.38769
2.40563
2.41692
2.42749
2.42739
2.42883
2.42422
2.42196
2.41321
2.40765
2.39573
2.38764
2.37261
2.36173
2.34407
2.33072
2.31097
2.29514
2.27324
2.25536
2.23202
2.21323
2.18953
2.17054
2.14684
2.12768
2.10385
2.08443
2.06053
2.04084
2.0168
1.99703
1.97295
1.95307
1.92894
1.90873
1.88477
1.86454
1.84095
1.82081
1.79754
1.7776
1.75461
1.73495
1.71235
1.69333
1.67171
1.65478
1.63706
3.14335
2.49679
2.00348
1.65155
1.41289
1.24967
1.14779
1.08255
1.04321
1.03343
1.03553
1.04151
1.05667
1.07401
1.0867
1.09239
1.09243
1.09177
1.09012
1.08758
1.08605
1.08524
1.08486
1.08441
1.08373
1.08212
1.08031
1.07826
1.07615
1.07617
1.07676
1.07865
1.08383
1.09685
1.12744
1.19688
1.3352
1.70925
2.10859
2.21151
2.20468
2.20863
2.21929
2.22831
2.25749
2.29058
2.33727
2.38387
2.42874
2.46305
2.49284
2.51045
2.52962
2.53968
2.55118
2.54996
2.55138
2.545
2.54247
2.53192
2.52447
2.50938
2.49763
2.47881
2.46375
2.44239
2.42559
2.40313
2.38544
2.36205
2.34305
2.31823
2.29772
2.27177
2.25049
2.22432
2.20305
2.17706
2.15609
2.13057
2.10997
2.08471
2.06422
2.03912
2.01885
1.99393
1.9738
1.94909
1.92924
1.90487
1.88539
1.86138
1.84229
1.81857
1.79994
1.77654
1.75853
1.736
1.7195
1.70147
3.32892
2.77787
2.30992
1.94608
1.67452
1.47437
1.32731
1.22114
1.14562
1.09709
1.07066
1.07083
1.07295
1.07832
1.09207
1.10443
1.11354
1.11918
1.11984
1.11959
1.1188
1.11721
1.11561
1.11442
1.11345
1.11263
1.11191
1.11086
1.10907
1.10905
1.10939
1.11047
1.11421
1.12366
1.14649
1.19929
1.31203
1.5616
2.11258
2.50682
2.50529
2.49164
2.4563
2.39832
2.38052
2.40185
2.43554
2.46991
2.513
2.55216
2.58747
2.61047
2.63005
2.63967
2.64921
2.64758
2.64564
2.63686
2.63094
2.61773
2.60787
2.59167
2.57872
2.55881
2.54195
2.51884
2.49974
2.47509
2.45481
2.42901
2.40755
2.38061
2.3583
2.33084
2.30843
2.28104
2.25888
2.23178
2.20975
2.18254
2.16061
2.13357
2.11193
2.08519
2.06396
2.03755
2.0167
1.9906
1.9702
1.94457
1.92476
1.89974
1.88051
1.85625
1.83746
1.81406
1.79572
1.77354
1.75642
1.73864
3.44421
2.98517
2.5628
2.20804
1.92354
1.70045
1.52728
1.39526
1.29494
1.22278
1.1694
1.13514
1.1152
1.11455
1.11595
1.11978
1.12977
1.14035
1.14885
1.15443
1.15469
1.15443
1.15348
1.15137
1.14884
1.14648
1.14482
1.14338
1.14156
1.14136
1.14152
1.14234
1.14539
1.15303
1.17167
1.21447
1.30985
1.49194
2.00624
2.79431
2.83127
2.82269
2.75773
2.63173
2.55665
2.52844
2.53193
2.55324
2.57412
2.59961
2.63343
2.66199
2.68346
2.69497
2.70469
2.70735
2.70865
2.69762
2.68861
2.67216
2.65924
2.6409
2.62592
2.60467
2.58692
2.5635
2.54432
2.51955
2.49892
2.47259
2.45034
2.42248
2.39911
2.37039
2.34678
2.3182
2.2949
2.26651
2.24342
2.21508
2.19227
2.16426
2.14205
2.1146
2.09308
2.0662
2.04524
2.01889
1.99839
1.97272
1.95267
1.92789
1.90832
1.88448
1.86535
1.84245
1.82375
1.8021
1.78449
1.76674
3.51849
3.13244
2.75975
2.42584
2.14388
1.91004
1.72116
1.56845
1.44696
1.35071
1.27492
1.21878
1.17664
1.15174
1.13867
1.13893
1.14033
1.14376
1.1524
1.16039
1.16656
1.17043
1.17065
1.1705
1.17
1.16871
1.16681
1.1652
1.16344
1.16346
1.16385
1.16513
1.16846
1.17656
1.19529
1.23663
1.32778
1.50416
1.95942
2.85835
3.16906
3.16292
3.08527
2.94573
2.81184
2.71478
2.65764
2.6306
2.6295
2.63632
2.64573
2.6609
2.68557
2.70498
2.71874
2.72321
2.7271
2.72441
2.71825
2.70216
2.68807
2.6686
2.65269
2.63123
2.61357
2.59009
2.57057
2.54512
2.52379
2.49677
2.47424
2.44616
2.42304
2.39472
2.37158
2.3432
2.32017
2.29173
2.26875
2.2402
2.21733
2.18894
2.16645
2.13856
2.11655
2.08933
2.06767
2.04115
2.01975
1.99397
1.97294
1.94803
1.92751
1.90357
1.88354
1.86056
1.84111
1.81923
1.80112
1.78267
3.57709
3.24366
2.91331
2.60572
2.33332
2.09931
1.90156
1.73727
1.6007
1.48925
1.39808
1.32527
1.26777
1.22462
1.19231
1.17358
1.16315
1.16338
1.16463
1.16768
1.17531
1.18269
1.18926
1.1934
1.19346
1.19316
1.19226
1.1901
1.18731
1.18732
1.18776
1.18947
1.19413
1.20536
1.23052
1.2837
1.39219
1.62703
2.05646
2.57792
3.05448
3.20377
3.20003
3.14478
3.01841
2.9085
2.80806
2.7335
2.68909
2.66733
2.66379
2.66656
2.67393
2.68471
2.70339
2.71719
2.72483
2.72606
2.72586
2.71906
2.70697
2.68803
2.67154
2.64951
2.63206
2.60896
2.58989
2.56482
2.54397
2.51742
2.49548
2.46812
2.44564
2.41766
2.39484
2.3665
2.34352
2.31493
2.29184
2.26306
2.23997
2.21137
2.18863
2.16059
2.13829
2.11094
2.08897
2.06225
2.04057
2.01443
1.99316
1.96774
1.947
1.9225
1.90234
1.87872
1.85922
1.83656
1.81836
1.79874
3.61886
3.32697
3.03243
2.75085
2.49296
2.2641
2.06477
1.89387
1.74838
1.62544
1.52223
1.43591
1.36467
1.30652
1.26049
1.22539
1.1996
1.18509
1.17794
1.17818
1.1793
1.18183
1.18832
1.19372
1.19803
1.20095
1.20171
1.2017
1.20143
1.2016
1.20257
1.20571
1.21384
1.23276
1.27344
1.35287
1.52992
1.90391
2.17888
2.3956
2.63908
2.91485
3.10572
3.13176
3.11901
3.05597
2.95486
2.87295
2.79481
2.73508
2.70125
2.68533
2.68086
2.68153
2.68711
2.69431
2.70755
2.71719
2.71894
2.7189
2.71706
2.70591
2.69104
2.6686
2.65031
2.62623
2.60652
2.58116
2.56062
2.53452
2.51329
2.48635
2.46439
2.43671
2.41423
2.38602
2.36325
2.33478
2.31194
2.2834
2.26054
2.23211
2.20933
2.18128
2.15873
2.13128
2.10903
2.08214
2.06028
2.03391
2.01248
1.98673
1.96573
1.94068
1.92018
1.89587
1.87607
1.8527
1.83434
1.81382
3.65513
3.39423
3.12863
2.87055
2.6281
2.40774
2.21065
2.03769
1.88689
1.75678
1.64468
1.54901
1.46737
1.39868
1.34134
1.29444
1.25757
1.22933
1.20839
1.19683
1.19113
1.19135
1.19235
1.19471
1.20038
1.20576
1.2104
1.21303
1.21405
1.21575
1.21929
1.22699
1.24366
1.27885
1.34474
1.49155
1.83765
2.12821
2.26093
2.3447
2.4474
2.58342
2.76926
2.93924
3.03904
3.04439
3.02855
2.97874
2.90148
2.84107
2.78666
2.73733
2.70894
2.69523
2.68721
2.68494
2.68837
2.69403
2.70374
2.70707
2.70839
2.70615
2.7004
2.68116
2.66344
2.63877
2.61846
2.59268
2.57233
2.54664
2.52604
2.49943
2.47775
2.45005
2.42771
2.39956
2.37705
2.34876
2.32608
2.29763
2.27471
2.24636
2.22347
2.19572
2.17318
2.14609
2.12385
2.09705
2.07496
2.04838
2.02661
2.00063
1.97947
1.95434
1.93389
1.90952
1.88977
1.86618
1.8478
1.8268
3.68657
3.45011
3.20766
2.96964
2.74295
2.53203
2.34032
2.16802
2.01509
1.88057
1.76254
1.65989
1.5705
1.49345
1.42707
1.3707
1.32335
1.28438
1.2538
1.23031
1.2133
1.20376
1.19961
1.19983
1.20076
1.20298
1.20755
1.21272
1.21807
1.22322
1.23123
1.24718
1.27944
1.33989
1.46903
1.76704
2.10594
2.2568
2.31064
2.34015
2.37781
2.43205
2.50616
2.60547
2.75043
2.87713
2.96077
2.96884
2.96055
2.92898
2.86637
2.81643
2.77415
2.73196
2.70634
2.69281
2.68414
2.67953
2.6822
2.68622
2.68965
2.6901
2.68908
2.68343
2.67252
2.65003
2.62995
2.60414
2.58367
2.55762
2.53693
2.51023
2.48879
2.46136
2.43948
2.41171
2.38956
2.36157
2.33907
2.31095
2.28805
2.25995
2.23678
2.20898
2.186
2.1588
2.13635
2.10969
2.08767
2.06132
2.03958
2.01362
1.99233
1.96705
1.94646
1.92196
1.90212
1.87835
1.85989
1.83834
3.72027
3.50003
3.27712
3.0557
2.84258
2.64261
2.45643
2.28811
2.13468
1.99852
1.87636
1.7689
1.67358
1.59011
1.51676
1.45302
1.39776
1.35064
1.31089
1.27828
1.25266
1.23308
1.21911
1.21091
1.20861
1.20901
1.21052
1.21389
1.2217
1.23224
1.24769
1.2779
1.33573
1.4482
1.70519
2.0782
2.26762
2.32527
2.34376
2.35167
2.35857
2.36675
2.3836
2.41747
2.48371
2.57885
2.70348
2.81186
2.88707
2.90662
2.90186
2.88137
2.83781
2.79199
2.75817
2.7256
2.70125
2.68627
2.67657
2.66981
2.6704
2.67166
2.67322
2.67268
2.67006
2.65807
2.64168
2.61685
2.59636
2.5697
2.54853
2.52153
2.50009
2.47277
2.45109
2.42369
2.40173
2.37396
2.35116
2.32285
2.29941
2.27125
2.24799
2.22055
2.19784
2.171
2.1487
2.12211
2.10002
2.07355
2.05171
2.02556
2.00415
1.97862
1.95787
1.93314
1.91328
1.88932
1.871
1.84904
3.74921
3.54429
3.33693
3.13192
2.93045
2.73989
2.56075
2.39553
2.24449
2.10727
1.98371
1.87247
1.77325
1.68443
1.60584
1.53585
1.4746
1.4204
1.37395
1.33336
1.30002
1.27175
1.25031
1.23377
1.22191
1.21854
1.21916
1.22165
1.22792
1.24126
1.26795
1.31995
1.4172
1.63489
2.01534
2.26032
2.34079
2.35937
2.3664
2.36829
2.35861
2.33823
2.33126
2.33666
2.35271
2.38478
2.44821
2.53439
2.64233
2.74313
2.81753
2.85345
2.85229
2.84201
2.81588
2.77311
2.74169
2.71318
2.69218
2.67581
2.66504
2.6582
2.65706
2.65666
2.65541
2.65075
2.64178
2.62323
2.60609
2.58114
2.56063
2.5339
2.51257
2.48526
2.4632
2.43542
2.41306
2.38552
2.36315
2.33571
2.31289
2.28517
2.26193
2.2343
2.21137
2.18431
2.16196
2.13527
2.11321
2.08653
2.0646
2.03815
2.01666
1.99088
1.97012
1.94506
1.92521
1.90081
1.88253
1.86005
3.78644
3.59173
3.39535
3.20182
3.01329
2.83045
2.65807
2.49664
2.34747
2.21051
2.08582
1.97231
1.87005
1.77745
1.69464
1.61976
1.55364
1.49363
1.44175
1.39472
1.35502
1.31987
1.29109
1.26714
1.24874
1.23698
1.23742
1.24024
1.24855
1.26804
1.30904
1.38711
1.55497
1.92973
2.22771
2.34526
2.37551
2.38372
2.38825
2.38128
2.35423
2.32743
2.30643
2.29369
2.29559
2.30311
2.31911
2.3494
2.40702
2.48392
2.57595
2.67068
2.74559
2.79563
2.80776
2.80499
2.79321
2.76082
2.72843
2.70029
2.67927
2.66011
2.64764
2.64
2.63771
2.6356
2.63264
2.62246
2.6105
2.58956
2.57035
2.54384
2.52201
2.49483
2.47335
2.44655
2.42492
2.39777
2.37545
2.34788
2.32502
2.2973
2.27422
2.24652
2.22366
2.19638
2.17416
2.14738
2.1257
2.09905
2.07739
2.05079
2.02925
2.00311
1.98231
1.95697
1.93719
1.91256
1.89428
1.87135
3.8285
3.63887
3.45254
3.26792
3.0876
2.91441
2.7469
2.59009
2.44295
2.30686
2.18153
2.06723
1.96216
1.86754
1.78102
1.70273
1.63261
1.56811
1.5118
1.45968
1.41485
1.37402
1.33938
1.30936
1.28447
1.2677
1.26818
1.27227
1.28503
1.31578
1.3771
1.51121
1.83377
2.16834
2.33798
2.38761
2.39814
2.40436
2.39968
2.37526
2.34668
2.32187
2.30035
2.28268
2.26955
2.25987
2.26144
2.26697
2.27953
2.30444
2.35207
2.42004
2.50385
2.5946
2.67646
2.73666
2.76976
2.76971
2.76173
2.74315
2.71331
2.68148
2.65881
2.63965
2.62767
2.61884
2.61439
2.60815
2.60113
2.58684
2.57292
2.55066
2.53134
2.50492
2.48318
2.45594
2.43408
2.40703
2.38504
2.35775
2.33529
2.30775
2.28512
2.25759
2.23508
2.20771
2.18555
2.15854
2.13685
2.1103
2.08887
2.06247
2.04108
2.01492
1.994
1.96848
1.94862
1.92397
1.90585
1.88272
3.88505
3.69451
3.51344
3.33616
3.16073
2.99254
2.8324
2.67781
2.53424
2.3993
2.27323
2.15879
2.05143
1.95471
1.86558
1.78416
1.71098
1.64298
1.583
1.52681
1.47802
1.43247
1.39317
1.35914
1.32743
1.31377
1.31484
1.32211
1.34386
1.39428
1.49982
1.75916
2.12036
2.3289
2.40266
2.41278
2.42052
2.41503
2.39053
2.36193
2.3381
2.31701
2.29839
2.28012
2.26208
2.24542
2.2308
2.22086
2.21824
2.22449
2.23408
2.25438
2.29188
2.35092
2.42503
2.51139
2.60006
2.67125
2.72192
2.73753
2.73449
2.72276
2.69721
2.6606
2.63466
2.61311
2.60092
2.59026
2.58316
2.57335
2.56367
2.54763
2.53242
2.5097
2.49009
2.46388
2.44239
2.41528
2.3933
2.36595
2.34364
2.31601
2.29353
2.266
2.24382
2.21669
2.19488
2.16806
2.14643
2.11983
2.09842
2.07215
2.05097
2.02507
2.00423
1.97876
1.9588
1.93405
1.91596
1.89287
3.95747
3.7551
3.57236
3.39955
3.23134
3.06634
2.90985
2.76194
2.61707
2.48737
2.35995
2.24577
2.13841
2.03862
1.94925
1.86359
1.78918
1.71704
1.65471
1.59488
1.5425
1.494
1.44983
1.41447
1.37689
1.37609
1.37906
1.3928
1.43193
1.51513
1.71694
2.09785
2.33566
2.42572
2.43944
2.44538
2.44069
2.40812
2.37761
2.3514
2.33098
2.31176
2.2928
2.274
2.25505
2.23691
2.21946
2.20346
2.18919
2.17864
2.17228
2.17668
2.18353
2.19951
2.22777
2.279
2.34728
2.43196
2.52219
2.60847
2.67074
2.71026
2.70846
2.69949
2.68406
2.64942
2.61971
2.59238
2.57426
2.55813
2.54799
2.53516
2.52435
2.50744
2.49199
2.46923
2.44964
2.42345
2.40175
2.37441
2.35214
2.32457
2.30208
2.27447
2.2522
2.22508
2.2034
2.17685
2.1555
2.12914
2.1077
2.08149
2.06009
2.03425
2.01345
1.98805
1.96812
1.94338
1.92508
1.9019
4.03749
3.82525
3.63858
3.46565
3.30084
3.14259
2.98412
2.84146
2.70009
2.56819
2.44657
2.32776
2.22317
2.12047
2.02993
1.9433
1.8646
1.79246
1.72458
1.66449
1.60698
1.55692
1.51056
1.46961
1.44718
1.44791
1.45761
1.48833
1.55562
1.71237
2.10201
2.36726
2.4726
2.48338
2.49245
2.48053
2.44211
2.40577
2.37627
2.34815
2.32472
2.30333
2.28552
2.26751
2.24986
2.23112
2.21245
2.19341
2.17552
2.15877
2.14387
2.13317
2.12439
2.12784
2.13155
2.14271
2.16439
2.2059
2.26806
2.34788
2.44261
2.54157
2.6192
2.68168
2.6827
2.67753
2.6615
2.62475
2.59383
2.56415
2.54294
2.52384
2.51138
2.496
2.48404
2.46621
2.45037
2.42756
2.40771
2.3814
2.35935
2.33193
2.30951
2.28217
2.2599
2.23292
2.21116
2.18481
2.16357
2.13768
2.11648
2.09057
2.06926
2.04332
2.02237
1.99692
1.97689
1.95226
1.93401
1.91056
4.14071
3.90865
3.70861
3.53214
3.3661
3.2122
3.05959
2.91388
2.77916
2.64729
2.5257
2.41093
2.30166
2.20284
2.10683
2.02196
1.93934
1.86597
1.79616
1.73241
1.67442
1.62007
1.57463
1.53396
1.53259
1.53783
1.56252
1.62103
1.75821
2.11198
2.41573
2.54109
2.55456
2.55959
2.54489
2.49663
2.45531
2.41739
2.38722
2.35757
2.33297
2.30858
2.2861
2.26494
2.24443
2.22482
2.20469
2.18553
2.16612
2.14789
2.13016
2.11341
2.09801
2.08451
2.07383
2.07065
2.07399
2.08276
2.10085
2.13554
2.19239
2.26943
2.36364
2.47113
2.56558
2.6389
2.65069
2.64647
2.63063
2.59577
2.56504
2.53454
2.51126
2.48931
2.47403
2.45606
2.44196
2.42275
2.40588
2.38281
2.3627
2.33661
2.31475
2.28784
2.26596
2.23937
2.21772
2.19148
2.17016
2.14442
2.12346
2.09799
2.07711
2.05158
2.03075
2.00537
1.98524
1.96045
1.94233
1.91882
4.19143
3.9998
3.7882
3.60621
3.43786
3.28316
3.13558
2.99145
2.85455
2.72657
2.60375
2.48905
2.38176
2.27952
2.1862
2.09618
2.0156
1.93714
1.86795
1.80075
1.74106
1.68798
1.6374
1.62621
1.62819
1.64623
1.70186
1.82163
2.14185
2.48701
2.63687
2.64967
2.6566
2.63373
2.57327
2.51663
2.47327
2.43444
2.40374
2.37456
2.34864
2.32066
2.29453
2.26766
2.24361
2.22112
2.20005
2.17943
2.15986
2.13984
2.12017
2.09983
2.08041
2.06143
2.04544
2.0313
2.0219
2.01649
2.0203
2.02685
2.04143
2.06788
2.1177
2.18945
2.28551
2.39961
2.50964
2.5974
2.61658
2.61292
2.59783
2.56428
2.53315
2.50176
2.47666
2.45203
2.43413
2.41393
2.3982
2.37788
2.36037
2.33714
2.31706
2.29132
2.26981
2.24347
2.22215
2.19627
2.1752
2.14964
2.12878
2.10352
2.08293
2.05787
2.03748
2.01244
1.9925
1.96774
1.94946
1.92592
4.19929
4.09322
3.87245
3.68156
3.50883
3.35299
3.20593
3.0658
2.93203
2.8025
2.68303
2.56699
2.45939
2.3581
2.26169
2.17348
2.08833
2.0114
1.93726
1.87125
1.8095
1.7551
1.72628
1.72657
1.74083
1.79049
1.90056
2.18405
2.57812
2.75561
2.77075
2.77447
2.74823
2.67292
2.60745
2.55049
2.5054
2.46346
2.42953
2.39446
2.36501
2.33462
2.30673
2.2777
2.25087
2.22394
2.19949
2.17617
2.15353
2.13132
2.10944
2.0885
2.06797
2.04886
2.03006
2.01292
1.99681
1.98235
1.97169
1.96277
1.96551
1.97026
1.98172
2.00377
2.04803
2.11735
2.21308
2.33236
2.45837
2.55448
2.5786
2.5749
2.56049
2.52773
2.49723
2.46621
2.44024
2.41389
2.39418
2.37219
2.35474
2.33321
2.31482
2.29131
2.27129
2.24602
2.22515
2.19974
2.17917
2.1541
2.1336
2.10861
2.0882
2.06331
2.04319
2.01848
1.99877
1.97428
1.95598
1.9322
4.17981
4.12229
3.9749
3.76944
3.58906
3.42815
3.28065
3.14001
3.00709
2.87985
2.7583
2.64479
2.53585
2.43403
2.33802
2.24707
2.16321
2.08243
2.0099
1.94083
1.88103
1.83769
1.83584
1.84579
1.8875
1.9912
2.24055
2.68281
2.89389
2.90855
2.91473
2.88137
2.79673
2.71743
2.65358
2.5967
2.54931
2.50393
2.46445
2.42435
2.38987
2.3545
2.32454
2.29434
2.26467
2.23477
2.20585
2.17839
2.15256
2.12806
2.10449
2.08192
2.06014
2.03902
2.01864
1.99883
1.9799
1.96209
1.94586
1.93123
1.92027
1.91065
1.91161
1.91428
1.92357
1.94277
1.98064
2.04632
2.14309
2.26736
2.40662
2.50721
2.53706
2.53367
2.52042
2.48905
2.45867
2.4275
2.40064
2.37278
2.35162
2.32806
2.3096
2.28741
2.26892
2.24565
2.22624
2.20182
2.18202
2.15763
2.13785
2.11333
2.09329
2.06858
2.04853
2.02398
2.00437
1.9801
1.96212
1.93812
4.15338
4.12666
4.04471
3.85953
3.67129
3.50572
3.35688
3.21738
3.0843
2.95785
2.83676
2.72075
2.6125
2.50951
2.41204
2.32133
2.23512
2.15539
2.0804
2.01619
1.95819
1.95426
1.9604
1.99552
2.09687
2.31612
2.80315
3.04664
3.06641
3.06899
3.03215
2.93411
2.84684
2.77129
2.70891
2.65108
2.60031
2.55029
2.50562
2.46098
2.42198
2.38191
2.34752
2.3111
2.28053
2.24786
2.2171
2.18556
2.1558
2.12764
2.10193
2.07722
2.0538
2.03104
2.00925
1.98819
1.96811
1.94893
1.93048
1.91323
1.89656
1.8816
1.86902
1.85836
1.85602
1.85805
1.86616
1.88358
1.91835
1.9825
2.08382
2.21206
2.3621
2.4619
2.49465
2.49105
2.47741
2.44681
2.41703
2.38527
2.35823
2.32977
2.30791
2.28371
2.26511
2.2428
2.22457
2.20173
2.18286
2.15929
2.14019
2.11649
2.09715
2.07307
2.05336
2.029
2.00956
1.98519
1.96747
1.94342
4.07295
4.10287
4.06441
3.96344
3.76645
3.58981
3.43402
3.29321
3.15973
3.03299
2.91286
2.7974
2.68756
2.58466
2.48644
2.39367
2.30806
2.22652
2.15653
2.08856
2.08052
2.08261
2.11101
2.20433
2.39373
2.91709
3.20285
3.23365
3.23798
3.19707
3.09026
2.98928
2.90689
2.83349
2.7703
2.70918
2.65479
2.60052
2.55194
2.50291
2.45909
2.41469
2.37557
2.33531
2.29979
2.26299
2.23084
2.19711
2.16556
2.13461
2.10524
2.07774
2.05143
2.02658
2.00286
1.98036
1.95882
1.93807
1.91812
1.89875
1.8801
1.86239
1.84544
1.83023
1.81727
1.80663
1.80307
1.80489
1.81239
1.82872
1.86156
1.9245
2.02973
2.16168
2.32063
2.41619
2.45014
2.44645
2.43214
2.40188
2.3732
2.3415
2.31475
2.28623
2.26419
2.23996
2.22134
2.19911
2.18124
2.15892
2.14065
2.11779
2.09915
2.07593
2.05696
2.03321
2.01416
1.98997
1.97241
1.94821
3.7966
4.07206
4.0596
4.00673
3.87779
3.68938
3.52263
3.3749
3.2398
3.11159
2.99019
2.87535
2.76453
2.65986
2.56149
2.46843
2.38095
2.30403
2.23119
2.21047
2.21116
2.2378
2.3232
2.52339
3.04412
3.37022
3.41774
3.42028
3.37792
3.25683
3.1469
3.05269
2.97374
2.90046
2.83471
2.77095
2.71266
2.6547
2.60147
2.54823
2.50025
2.45202
2.40879
2.36436
2.32488
2.2842
2.24825
2.212
2.17936
2.14534
2.1136
2.08237
2.05373
2.0266
2.00102
1.97646
1.95304
1.93057
1.90889
1.88808
1.86777
1.84836
1.8294
1.81167
1.79463
1.77939
1.76638
1.75562
1.75162
1.75342
1.76062
1.77655
1.80916
1.8735
1.97986
2.11466
2.28076
2.36838
2.40194
2.3985
2.38489
2.35491
2.32697
2.29631
2.27034
2.24223
2.22048
2.19653
2.1781
2.15623
2.13874
2.11695
2.0991
2.0767
2.05851
2.03561
2.01732
1.99362
1.97659
1.95244
3.09988
3.92098
4.03718
4.01388
3.9455
3.78802
3.61188
3.4575
3.31857
3.19039
3.06861
2.9527
2.843
2.73741
2.63771
2.5439
2.45992
2.38125
2.34963
2.34832
2.3726
2.45477
2.66556
3.19036
3.56161
3.62024
3.62271
3.57036
3.43815
3.31375
3.21282
3.12358
3.04497
2.96934
2.90098
2.83359
2.77167
2.70956
2.65256
2.59565
2.54388
2.4919
2.44484
2.39695
2.35399
2.30955
2.27014
2.2296
2.19361
2.15812
2.12486
2.09157
2.05997
2.02976
2.00144
1.97462
1.94894
1.92453
1.90108
1.87863
1.85714
1.83638
1.81665
1.79747
1.77936
1.76204
1.74571
1.73096
1.71807
1.70764
1.70301
1.70463
1.71142
1.72751
1.75973
1.82832
1.93383
2.07301
2.24099
2.3215
2.35265
2.34938
2.33696
2.30798
2.28131
2.25143
2.22614
2.19869
2.17718
2.15348
2.13518
2.11361
2.09653
2.07515
2.05782
2.03578
2.01847
1.99557
1.97942
1.95591
2.18298
3.51733
3.97036
4.00182
3.96764
3.88283
3.70802
3.54357
3.39924
3.26705
3.14481
3.02824
2.91763
2.81324
2.71399
2.62384
2.53964
2.49754
2.49391
2.5156
2.5969
2.80983
3.33095
3.76149
3.83709
3.83869
3.78001
3.63107
3.49699
3.38391
3.28837
3.1989
3.11806
3.04019
2.96879
2.89793
2.83193
2.76583
2.70508
2.64468
2.58972
2.53473
2.48428
2.43308
2.3862
2.33841
2.29569
2.25181
2.21323
2.17354
2.13862
2.10352
2.07052
2.03764
2.00676
1.97734
1.94959
1.9229
1.89757
1.87327
1.8501
1.82792
1.80667
1.78641
1.7669
1.74839
1.73043
1.71371
1.69747
1.68287
1.67015
1.65956
1.65529
1.657
1.66395
1.68087
1.71503
1.78628
1.89303
2.0407
2.20308
2.27659
2.30433
2.30101
2.28863
2.26044
2.23506
2.20593
2.18153
2.15479
2.13385
2.11076
2.09297
2.07198
2.05544
2.0345
2.01804
1.99611
1.98063
1.95827
1.85018
2.56896
3.70283
3.96407
3.95755
3.91792
3.81644
3.64499
3.48839
3.35021
3.2239
3.10569
2.99451
2.88881
2.79315
2.70453
2.65401
2.64843
2.66821
2.74764
2.96582
3.49879
3.97624
4.06715
4.06821
4.00002
3.83936
3.68987
3.56829
3.46086
3.36542
3.27462
3.19209
3.11153
3.03653
2.96152
2.89159
2.8221
2.75833
2.69491
2.63668
2.57791
2.52386
2.46917
2.41924
2.36874
2.32316
2.27661
2.23534
2.19273
2.15526
2.11669
2.08268
2.0477
2.01494
1.9826
1.95255
1.92378
1.89648
1.87052
1.84581
1.82232
1.79993
1.77848
1.75796
1.73816
1.71906
1.70074
1.68283
1.66612
1.64998
1.63514
1.62287
1.61212
1.6091
1.61097
1.61837
1.63644
1.67443
1.74784
1.85218
2.00995
2.1645
2.23038
2.25527
2.25213
2.24034
2.21285
2.18856
2.16055
2.13736
2.11159
2.0915
2.06921
2.05221
2.03176
2.01615
1.99542
1.9807
1.95967
1.67965
1.99373
3.04222
3.80235
3.93278
3.91928
3.86894
3.74689
3.58289
3.43547
3.30424
3.18449
3.07211
2.96968
2.87525
2.81728
2.80981
2.82817
2.90883
3.13321
3.68709
4.21492
4.31404
4.31053
4.23445
4.0562
3.89575
3.76066
3.64637
3.54048
3.44451
3.35216
3.26682
3.18247
3.10338
3.02466
2.95147
2.87886
2.8117
2.74477
2.68291
2.62104
2.56401
2.50675
2.45411
2.40114
2.35276
2.30388
2.25978
2.2146
2.17444
2.13293
2.09606
2.0587
2.0249
1.99048
1.95854
1.92776
1.89896
1.87123
1.84496
1.81974
1.79564
1.7725
1.75023
1.72885
1.70823
1.68845
1.66945
1.65136
1.63409
1.61785
1.60291
1.58877
1.57761
1.56765
1.56674
1.5688
1.57664
1.59667
1.63875
1.71528
1.82197
1.98058
2.12638
2.18479
2.20628
2.20274
2.19226
2.16643
2.14361
2.11686
2.09498
2.07046
2.05149
2.02977
2.01395
1.99367
1.97956
1.95984
1.57184
1.731
2.13744
3.3799
3.84868
3.90787
3.88396
3.82223
3.68081
3.52588
3.38855
3.26556
3.15593
3.0545
2.98929
2.97956
2.99684
3.08054
3.31195
3.89829
4.47845
4.57922
4.57162
4.48114
4.28828
4.10984
3.96501
3.83917
3.72819
3.6226
3.52504
3.42955
3.34007
3.25138
3.16824
3.08578
3.00899
2.93295
2.86259
2.79284
2.7284
2.66408
2.60456
2.54482
2.4897
2.43427
2.38336
2.33202
2.28515
2.23751
2.19465
2.15058
2.11166
2.0715
2.03623
2.00041
1.96753
1.93446
1.90406
1.87437
1.84631
1.81921
1.79333
1.76843
1.74459
1.72174
1.69985
1.679
1.65897
1.64001
1.62175
1.60448
1.58806
1.57229
1.55817
1.54446
1.53385
1.52422
1.52476
1.52804
1.53571
1.55837
1.60133
1.6811
1.79672
1.95364
2.08706
2.1406
2.15949
2.15573
2.14574
2.12185
2.10116
2.07533
2.05526
2.03138
2.014
1.99264
1.97823
1.95923
1.49876
1.60606
1.80936
2.40741
3.54922
3.85223
3.87241
3.84308
3.77087
3.62032
3.4772
3.35198
3.24202
3.16997
3.15829
3.17482
3.2616
3.50697
4.13861
4.76128
4.85732
4.84214
4.74135
4.53065
4.34089
4.1815
4.04798
3.92553
3.81374
3.70517
3.60374
3.50386
3.41005
3.31716
3.23013
3.1441
3.06422
2.98544
2.91266
2.84042
2.77351
2.70653
2.64442
2.58202
2.52432
2.46627
2.41284
2.35899
2.30969
2.25996
2.21486
2.16905
2.12822
2.08611
2.04912
2.01071
1.97711
1.94194
1.91008
1.87819
1.84863
1.81958
1.79215
1.76563
1.74039
1.71619
1.69313
1.67108
1.65012
1.63006
1.61101
1.59282
1.57549
1.55897
1.5434
1.52839
1.51491
1.50216
1.49219
1.48378
1.48459
1.48909
1.49891
1.52331
1.56989
1.65217
1.77352
1.92892
2.0486
2.09741
2.11507
2.11141
2.10227
2.08019
2.06145
2.03686
2.01827
1.99534
1.97956
1.95927
1.45329
1.52306
1.653
1.92064
2.81333
3.63916
3.83596
3.83383
3.8051
3.72782
3.5821
3.44912
3.35884
3.34476
3.36106
3.45416
3.71668
4.39432
5.05659
5.146
5.12663
5.0125
4.78652
4.57951
4.4109
4.26492
4.13585
4.01262
3.89738
3.78446
3.67836
3.574
3.47606
3.37949
3.28932
3.20061
3.11827
3.03711
2.96173
2.88682
2.81706
2.74729
2.68243
2.6174
2.55723
2.49681
2.44122
2.38528
2.33418
2.28264
2.23581
2.1884
2.14563
2.10186
2.0629
2.02247
1.98692
1.95001
1.917
1.88292
1.85224
1.82134
1.79281
1.76478
1.73842
1.71294
1.68876
1.6656
1.64352
1.62248
1.60234
1.58317
1.56482
1.54731
1.53067
1.51464
1.49977
1.48535
1.47236
1.46052
1.45112
1.44474
1.44579
1.45075
1.46351
1.48881
1.53891
1.62832
1.75395
1.90514
2.01281
2.05726
2.07387
2.07029
2.06153
2.04145
2.02458
2.00129
1.98489
1.96258
1.42767
1.46846
1.5457
1.69511
2.03273
3.11898
3.70088
3.815
3.80619
3.77496
3.69456
3.56634
3.5475
3.56
3.65418
3.94062
4.68227
5.39112
5.4526
5.42345
5.29676
5.04937
4.83082
4.64788
4.49462
4.35416
4.22463
4.09798
3.97831
3.86066
3.75006
3.64158
3.54012
3.44061
3.3479
3.25668
3.17163
3.08738
3.00868
2.93036
2.85738
2.78467
2.71724
2.64993
2.58775
2.52546
2.46814
2.41054
2.3578
2.3046
2.25607
2.20694
2.16226
2.11683
2.07582
2.03378
1.99638
1.95759
1.92367
1.88779
1.8564
1.82378
1.79462
1.76506
1.73798
1.71125
1.68623
1.66198
1.63896
1.61684
1.59571
1.57548
1.55613
1.53766
1.52002
1.50318
1.48727
1.47198
1.45777
1.44438
1.43195
1.42126
1.41251
1.40879
1.41012
1.41589
1.43095
1.4595
1.51479
1.60638
1.73566
1.88197
1.9783
2.01926
2.03526
2.03206
2.02383
2.00555
1.99119
1.96917
1.41456
1.43576
1.47857
1.57397
1.73047
2.14249
3.31954
3.73034
3.80527
3.79488
3.77044
3.75346
3.76495
3.87042
4.19346
5.01593
5.75099
5.77363
5.73413
5.58819
5.32626
5.09149
4.89928
4.73249
4.58433
4.44257
4.30944
4.17868
4.05515
3.93372
3.81954
3.70742
3.60239
3.49921
3.4028
3.30779
3.2191
3.13139
3.04971
2.96878
2.89362
2.81896
2.74971
2.68066
2.61668
2.55266
2.49355
2.43432
2.37977
2.3249
2.27454
2.22366
2.17725
2.13019
2.08756
2.0442
2.00522
1.96527
1.92986
1.89305
1.86067
1.82668
1.79697
1.76587
1.73837
1.71013
1.68449
1.65889
1.635
1.61169
1.58957
1.56829
1.54795
1.52853
1.50997
1.49234
1.47561
1.4597
1.44475
1.4306
1.41725
1.40513
1.39369
1.38431
1.37609
1.37595
1.37772
1.38373
1.40057
1.43037
1.49449
1.58794
1.71969
1.86121
1.94694
1.98408
1.99995
1.9973
1.99059
1.97447
1.40778
1.41854
1.4424
1.49771
1.60495
1.80574
2.41728
3.43292
3.74582
3.8086
3.84227
3.91367
4.0835
4.47102
5.45149
6.1425
6.14147
6.06831
5.88413
5.61057
5.36791
5.16268
4.989
4.8283
4.67868
4.53204
4.39299
4.25629
4.12698
4.00011
3.88101
3.7646
3.65589
3.54946
3.45003
3.35216
3.26073
3.17049
3.08641
3.0032
2.92587
2.84913
2.77792
2.70698
2.6413
2.57572
2.51506
2.4542
2.39802
2.3415
2.28953
2.23713
2.18925
2.14086
2.09695
2.05239
2.01224
1.97127
1.93456
1.89697
1.86338
1.82863
1.79786
1.76579
1.73753
1.70799
1.6819
1.65483
1.63055
1.60593
1.58322
1.5609
1.53983
1.51961
1.50032
1.48208
1.46469
1.44827
1.43273
1.41805
1.4042
1.39129
1.379
1.36791
1.35767
1.34956
1.34275
1.34342
1.34702
1.35523
1.37215
1.40798
1.47602
1.57018
1.70617
1.84198
1.91658
1.95484
1.96787
1.97274
1.40422
1.40921
1.42306
1.45093
1.51863
1.63907
1.89452
2.70888
3.52328
3.7864
3.93061
4.19748
4.74339
5.93389
6.5681
6.55403
6.44466
6.18467
5.89578
5.64643
5.4376
5.25169
5.08248
4.91777
4.76109
4.60718
4.46166
4.31909
4.18506
4.05415
3.93147
3.8117
3.69982
3.59031
3.48804
3.38758
3.29387
3.20158
3.11552
3.03049
2.95126
2.87259
2.79949
2.72674
2.65932
2.59203
2.5298
2.46749
2.40999
2.35224
2.29912
2.24564
2.19671
2.14732
2.10242
2.05692
2.01586
1.97404
1.9365
1.89803
1.86361
1.82815
1.79658
1.76392
1.7349
1.70475
1.67802
1.65016
1.62547
1.59979
1.57693
1.55343
1.53222
1.51095
1.49142
1.47227
1.45445
1.43736
1.42136
1.40621
1.39196
1.37861
1.36595
1.35425
1.34322
1.33316
1.32416
1.31712
1.31321
1.3141
1.31863
1.32878
1.34759
1.39159
1.45564
1.56149
1.69269
1.8294
1.8845
1.94676
1.40197
1.40522
1.41107
1.42835
1.46118
1.54109
1.67414
1.99359
2.96428
3.67048
4.07633
4.84636
6.38745
7.06376
7.03542
6.88158
6.51075
6.17298
5.91524
5.70529
5.51964
5.33846
5.16371
4.99046
4.82588
4.66547
4.51487
4.36827
4.23056
4.09611
3.97007
3.84705
3.73214
3.61989
3.51521
3.41261
3.31692
3.22269
3.13482
3.04792
2.96698
2.88673
2.81211
2.73794
2.66916
2.60061
2.53718
2.47378
2.41521
2.35651
2.30244
2.24812
2.19835
2.14822
2.10258
2.05647
2.01475
1.97236
1.93419
1.89526
1.86031
1.82445
1.79232
1.75929
1.72972
1.69917
1.67193
1.64359
1.61849
1.59222
1.56905
1.54485
1.52347
1.50145
1.48176
1.46201
1.44406
1.42651
1.4103
1.39479
1.38029
1.36663
1.35374
1.34173
1.33039
1.31982
1.31013
1.30122
1.29373
1.28729
1.28718
1.28843
1.29307
1.30522
1.32956
1.37561
1.44037
1.56554
1.65929
1.85314
1.40117
1.40257
1.40642
1.4145
1.43484
1.47843
1.57328
1.73719
2.1663
3.24515
4.3831
6.63855
7.445
7.38813
7.16753
6.74068
6.41923
6.1733
5.96932
5.77267
5.58157
5.39016
5.20605
5.0256
4.85557
4.69061
4.53575
4.38489
4.24293
4.10442
3.97474
3.84873
3.73161
3.61791
3.51245
3.40951
3.31377
3.21959
3.13174
3.04478
2.9636
2.88292
2.80778
2.73297
2.66352
2.59428
2.53017
2.46615
2.40698
2.34777
2.29324
2.23859
2.18853
2.13825
2.0925
2.04636
2.00461
1.96224
1.92404
1.88508
1.85003
1.81416
1.7818
1.74864
1.71873
1.68802
1.66042
1.63191
1.60651
1.58001
1.55675
1.53221
1.51096
1.48847
1.46914
1.44884
1.43134
1.41332
1.39752
1.3817
1.3675
1.35369
1.34098
1.3289
1.31763
1.30701
1.29719
1.28791
1.27958
1.27194
1.26605
1.26166
1.2622
1.26478
1.27134
1.28504
1.31337
1.36376
1.43675
1.62177
1.40075
1.4016
1.40418
1.40931
1.42353
1.45342
1.52659
1.67923
1.98602
2.88412
5.04178
7.44422
7.4367
7.19521
6.80723
6.50731
6.27729
6.07264
5.87309
5.66677
5.46684
5.27228
5.08973
4.91366
4.749
4.58964
4.44059
4.29625
4.16171
4.0314
3.91003
3.79183
3.68135
3.57291
3.47124
3.37087
3.27669
3.18336
3.09582
3.00886
2.92749
2.8466
2.77127
2.69642
2.62708
2.55818
2.49459
2.43131
2.37309
2.31504
2.26179
2.20855
2.15992
2.11108
2.06666
2.02175
1.98106
1.93959
1.90209
1.86366
1.82895
1.79333
1.7611
1.72807
1.69814
1.66755
1.63988
1.61155
1.58613
1.55991
1.53676
1.51264
1.49175
1.46975
1.45105
1.4312
1.41457
1.3968
1.38202
1.3662
1.35299
1.33899
1.32711
1.31472
1.30411
1.29311
1.28375
1.27414
1.26583
1.25786
1.25071
1.24471
1.23958
1.239
1.23966
1.24327
1.252
1.26919
1.30589
1.40405
1.4006
1.40135
1.40345
1.40813
1.42015
1.44806
1.514
1.662
1.91169
2.84074
5.32929
6.63637
6.6162
6.49137
6.35176
6.19059
6.00407
5.79409
5.58276
5.37478
5.17876
4.99054
4.81663
4.65099
4.49797
4.35124
4.21491
4.08286
3.95932
3.83872
3.72566
3.61499
3.51145
3.40996
3.31517
3.22192
3.13475
3.04854
2.96787
2.88775
2.81289
2.7384
2.66906
2.6
2.536
2.47219
2.41327
2.35444
2.3003
2.24614
2.19646
2.14659
2.10099
2.05496
2.01301
1.97036
1.93163
1.89201
1.85614
1.81931
1.78604
1.7519
1.72105
1.6895
1.66091
1.63179
1.60544
1.57857
1.55448
1.52974
1.50796
1.48532
1.46583
1.44527
1.42792
1.40936
1.39396
1.37722
1.36353
1.34838
1.33616
1.32245
1.31145
1.29911
1.28921
1.27818
1.26939
1.25959
1.25197
1.24349
1.23694
1.23011
1.22482
1.21996
1.21906
1.21989
1.22305
1.23052
1.24643
1.29457
)
;

boundaryField
{
    inlet
    {
        type            calculated;
        value           uniform 1.40001;
    }
    outlet
    {
        type            calculated;
        value           nonuniform List<scalar> 
40
(
1.33908
1.53241
1.63297
1.69722
1.73431
1.76235
1.77826
1.7943
1.80936
1.82233
1.83386
1.84457
1.85557
1.86688
1.87824
1.88838
1.89741
1.90607
1.91432
1.92141
1.92768
1.9336
1.9389
1.9437
1.94793
1.9514
1.95373
1.95509
1.95525
1.95472
1.95499
1.95856
1.96532
1.97087
1.96819
1.93895
1.83808
1.59786
1.38864
1.28574
)
;
    }
    top
    {
        type            symmetryPlane;
    }
    bottom
    {
        type            symmetryPlane;
    }
    obstacle
    {
        type            calculated;
        value           nonuniform List<scalar> 
110
(
5.99455
5.99725
5.98922
5.96648
5.93435
5.89034
5.81632
5.70852
5.53294
5.25705
1.86914
1.01425
0.700169
0.625912
0.625661
0.659047
0.750152
0.824147
0.846945
0.846563
0.843388
0.841449
0.8416
0.842744
0.846683
0.850683
0.852525
0.852528
0.852279
0.851666
0.850506
0.849519
0.848797
0.848075
0.847137
0.84592
0.844721
0.843753
0.84365
0.844013
0.845523
0.849824
0.86077
0.886819
0.946322
1.08285
1.40808
1.71202
1.70695
1.71195
1.72847
1.75179
1.79364
1.84952
1.89877
1.94423
1.98089
2.0084
2.02885
2.04184
2.0522
2.06152
2.06722
2.06843
2.0679
2.06468
2.06242
2.05643
2.05167
2.04296
2.03474
2.02278
2.01175
1.99802
1.98569
1.97068
1.95714
1.94052
1.9255
1.9073
1.89088
1.8714
1.85387
1.83351
1.8152
1.79421
1.77542
1.75392
1.7348
1.71293
1.69362
1.67156
1.65221
1.63017
1.61092
1.58909
1.57018
1.54876
1.53033
1.50938
1.49175
1.47155
1.45465
1.43511
1.41895
1.40017
1.385
1.36762
1.3547
1.34245
)
;
    }
    frontAndBack
    {
        type            empty;
    }
}


// ************************************************************************* //
