/*--------------------------------*- C++ -*----------------------------------*\
  =========                 |
  \\      /  F ield         | OpenFOAM: The Open Source CFD Toolbox
   \\    /   O peration     | Website:  https://openfoam.org
    \\  /    A nd           | Version:  13
     \\/     M anipulation  |
\*---------------------------------------------------------------------------*/
FoamFile
{
    format      ascii;
    class       volScalarField;
    location    "9";
    object      Ma;
}
// * * * * * * * * * * * * * * * * * * * * * * * * * * * * * * * * * * * * * //

dimensions      [];

internalField   nonuniform List<scalar> 
5250
(
2.99999
2.99996
2.99988
2.99967
2.99921
2.99789
2.99519
2.98718
2.97038
2.92339
2.81368
2.53562
1.93487
0.95502
0.391827
0.332582
0.345461
0.338456
0.304847
0.252223
0.203343
0.162353
0.121111
0.0755862
0.0420033
2.99999
2.99996
2.99987
2.99969
2.99918
2.99802
2.99503
2.98775
2.96996
2.92525
2.81465
2.54093
1.94428
0.966703
0.399637
0.333985
0.347059
0.340563
0.307433
0.255756
0.208089
0.168479
0.129467
0.0892033
0.0652779
2.99999
2.99996
2.99988
2.9997
2.99918
2.99812
2.99495
2.98853
2.96963
2.92847
2.81721
2.55221
1.9641
0.992978
0.41733
0.337804
0.351662
0.346755
0.315071
0.265806
0.221065
0.184896
0.150988
0.11935
0.103802
2.99999
2.99996
2.99989
2.99968
2.99929
2.99799
2.9956
2.98792
2.97256
2.92831
2.82649
2.56563
1.99561
1.03447
0.444173
0.34309
0.358787
0.356759
0.327315
0.281588
0.240767
0.20913
0.181006
0.156693
0.145861
3
2.99996
2.9999
2.9997
2.99932
2.99809
2.99582
2.98849
2.97394
2.93173
2.8351
2.58619
2.03788
1.0923
0.480098
0.34944
0.368161
0.370182
0.343498
0.30198
0.265578
0.238757
0.216231
0.197786
0.190236
3
2.99997
2.9999
2.99973
2.99932
2.99834
2.99576
2.98996
2.97415
2.93828
2.8434
2.61402
2.09139
1.16923
0.525705
0.357242
0.380167
0.387286
0.363659
0.326779
0.29516
0.273427
0.256554
0.24375
0.239658
3
2.99997
2.99991
2.99976
2.99936
2.99851
2.99602
2.99094
2.97601
2.94373
2.85591
2.64583
2.15797
1.26885
0.581892
0.367876
0.395692
0.408544
0.387971
0.355912
0.329293
0.313022
0.302288
0.295993
0.297272
3
2.99998
2.99991
2.99979
2.99942
2.99868
2.9964
2.99191
2.9784
2.94961
2.87072
2.68256
2.23748
1.39527
0.64904
0.384553
0.417213
0.435216
0.417142
0.389871
0.368286
0.357956
0.354453
0.356976
0.368769
3
2.99998
2.99993
2.9998
2.99954
2.99873
2.99709
2.99238
2.98202
2.95436
2.88875
2.72116
2.32801
1.54909
0.728874
0.414567
0.448896
0.4689
0.452779
0.429631
0.413063
0.408617
0.413802
0.430568
0.464785
3
2.99998
2.99994
2.99983
2.99959
2.99891
2.99751
2.99332
2.98484
2.96021
2.90571
2.76133
2.42442
1.72873
0.820216
0.460895
0.493733
0.510073
0.496366
0.476261
0.464117
0.465201
0.483349
0.526957
0.628138
3
2.99999
2.99995
2.99986
2.99962
2.99912
2.99768
2.99451
2.98615
2.96633
2.91641
2.79295
2.49234
1.85409
0.904569
0.503037
0.526319
0.542166
0.538549
0.524611
0.517965
0.527064
0.562718
0.642945
0.801905
3
2.99999
2.99996
2.99988
2.99968
2.99922
2.99798
2.99531
2.98766
2.97139
2.92609
2.82103
2.55368
1.97613
1.03531
0.574641
0.548602
0.565124
0.572141
0.568408
0.570245
0.589255
0.638854
0.735334
0.891972
3
2.99999
2.99996
2.9999
2.99972
2.99935
2.99823
2.99605
2.98926
2.9756
2.93637
2.84646
2.61495
2.10062
1.19917
0.661166
0.565043
0.58296
0.598946
0.606357
0.617927
0.646299
0.701689
0.793346
0.921565
3
2.99999
2.99997
2.99991
2.99978
2.99942
2.99859
2.99652
2.9913
2.97905
2.9472
2.871
2.67707
2.23211
1.39689
0.764628
0.588123
0.604084
0.624476
0.641027
0.660335
0.69417
0.749375
0.830167
0.936222
3
3
2.99998
2.99993
2.99982
2.99953
2.99888
2.99706
2.99326
2.9822
2.95871
2.89384
2.74145
2.37116
1.63603
0.88812
0.632347
0.63816
0.655929
0.676812
0.699332
0.733914
0.786011
0.85765
0.948437
3.00001
3
2.99998
2.99994
2.99986
2.99961
2.99912
2.99767
2.99458
2.98619
2.96686
2.91741
2.79708
2.50487
1.88881
1.02945
0.694537
0.681133
0.695298
0.715664
0.737322
0.769893
0.817181
0.880332
0.959425
3.00001
3
2.99999
2.99996
2.99989
2.9997
2.99929
2.99812
2.99575
2.98863
2.97407
2.93273
2.83823
2.5968
2.06981
1.19393
0.769155
0.71566
0.729644
0.749164
0.771951
0.802566
0.845405
0.901018
0.969408
3.00001
3
2.99999
2.99997
2.99991
2.99978
2.99942
2.99858
2.99652
2.9913
2.97909
2.94733
2.87187
2.67997
2.24234
1.4294
0.882135
0.748554
0.757291
0.776057
0.801437
0.831385
0.870553
0.919763
0.97905
3.00001
3
3
2.99998
2.99993
2.99982
2.99957
2.99888
2.9974
2.99318
2.98436
2.95933
2.90355
2.75673
2.41657
1.72278
1.02385
0.798361
0.789587
0.803839
0.829066
0.858847
0.894076
0.937407
0.988376
3.00001
3
3
2.99999
2.99995
2.99987
2.99968
2.99917
2.99805
2.99492
2.98836
2.96967
2.92892
2.82035
2.56633
2.01115
1.19599
0.867102
0.82745
0.837206
0.858803
0.886304
0.917238
0.954264
0.998252
3.00001
3.00001
3
2.99999
2.99996
2.99991
2.99974
2.99942
2.99844
2.99643
2.99078
2.97809
2.9453
2.86626
2.66955
2.2232
1.42602
0.964492
0.862925
0.867299
0.885162
0.911015
0.938504
0.970307
1.00747
3.00001
3.00001
3
3
2.99998
2.99994
2.99981
2.99958
2.99885
2.9974
2.9932
2.98411
2.95981
2.90294
2.75847
2.42057
1.73735
1.10579
0.912082
0.898808
0.910319
0.932657
0.958568
0.986038
1.01709
3.00001
3.00001
3
3
2.99999
2.99996
2.99987
2.9997
2.99918
2.99818
2.99504
2.98904
2.97101
2.93266
2.82979
2.59091
2.06293
1.29376
0.984341
0.934423
0.939431
0.955913
0.97811
1.00159
1.0258
3.00001
3.00001
3.00001
3
2.99999
2.99997
2.99991
2.99978
2.99943
2.99867
2.99653
2.99211
2.97928
2.95214
2.87807
2.70538
2.29992
1.55687
1.0923
0.972401
0.966739
0.976326
0.995017
1.0147
1.03072
3.00001
3.00001
3.00001
3
3
2.99998
2.99995
2.99984
2.99964
2.99901
2.99777
2.9942
2.9865
2.966
2.91839
2.79818
2.51624
1.92167
1.25247
1.02672
0.995888
0.998831
1.01048
1.02368
1.03025
3.00001
3.00001
3.00001
3
3
2.99999
2.99996
2.99989
2.99975
2.99931
2.99849
2.9959
2.99081
2.97611
2.94403
2.85959
2.66088
2.20941
1.46411
1.10093
1.02356
1.01727
1.02117
1.02581
1.02228
3.00001
3.00001
3.00001
3.00001
3
3
2.99998
2.99993
2.99982
2.99956
2.99889
2.99732
2.99349
2.98386
2.9614
2.90397
2.76677
2.44024
1.7895
1.23121
1.05963
1.03343
1.02668
1.01978
1.00583
3.00001
3.00001
3.00001
3.00001
3
3
2.99999
2.99996
2.99988
2.9997
2.99928
2.99815
2.99574
2.98893
2.97471
2.93518
2.84634
2.62279
2.13675
1.42302
1.12063
1.04979
1.02443
1.00352
0.977668
3.00001
3.00001
3.00001
3.00001
3.00001
3
2.99999
2.99997
2.99993
2.99979
2.99953
2.99874
2.99712
2.9926
2.98256
2.95664
2.89512
2.74237
2.38972
1.7158
1.22262
1.05968
1.00675
0.970209
0.936022
3.00001
3.00001
3.00001
3.00001
3.00001
3
3
2.99999
2.99995
2.99987
2.99967
2.99917
2.99807
2.995
2.98865
2.97047
2.93178
2.82815
2.59148
2.07019
1.37848
1.07684
0.972979
0.92173
0.889865
3.00001
3.00001
3.00001
3.00001
3.00001
3.00001
3
2.99999
2.99997
2.99991
2.99978
2.99941
2.9987
2.99645
2.99218
2.97928
2.95224
2.879
2.70866
2.3115
1.59832
1.1018
0.915788
0.854514
0.839822
3.00001
3.00001
3.00001
3.00001
3.00001
3.00001
3
3
2.99998
2.99994
2.99984
2.99961
2.99901
2.9976
2.99416
2.98553
2.96536
2.91376
2.79081
2.49521
1.89012
1.15342
0.838227
0.769779
0.780011
3.00001
3.00001
3.00001
3.00001
3.00001
3.00001
3
3
2.99999
2.99996
2.99988
2.99968
2.99926
2.99804
2.99556
2.98817
2.97286
2.9299
2.83076
2.58004
2.03874
1.19002
0.733137
0.654083
0.697704
3.00001
3.00001
3.00001
3.00001
3.00001
3.00001
3.00001
3
2.99999
2.99997
2.9999
2.99976
2.99935
2.99845
2.99607
2.99038
2.97622
2.94085
2.85289
2.63266
2.13305
1.26417
0.650271
0.52443
0.604973
3.00001
3.00001
3.00001
3.00001
3.00001
3.00001
3.00001
3
2.99999
2.99997
2.99991
2.99979
2.99941
2.99871
2.99635
2.99193
2.97799
2.9485
2.86635
2.66909
2.19986
1.34435
0.599685
0.403253
0.51837
3.00001
3.00001
3.00001
3.00001
3.00001
3.00001
3.00001
3
2.99999
2.99998
2.99992
2.99981
2.99949
2.99875
2.99686
2.99216
2.98067
2.95132
2.87843
2.69237
2.25038
1.41151
0.578742
0.315173
0.456316
3.00001
3.00001
3.00001
3.00001
3.00001
3.00001
3.00001
3
3
2.99998
2.99993
2.99981
2.99954
2.99883
2.99707
2.99283
2.98163
2.95532
2.88587
2.71376
2.29465
1.4803
0.587449
0.270162
0.419123
3.00001
3.00001
3.00001
3.00001
3.00001
3.00001
3.00001
3
3
2.99998
2.99993
2.99983
2.99956
2.9989
2.99727
2.99309
2.98318
2.95714
2.89414
2.73081
2.33841
1.55105
0.614223
0.257374
0.40288
3.00001
3.00001
3.00001
3.00001
3.00001
3.00001
3.00001
3
3
2.99998
2.99994
2.99984
2.99958
2.99894
2.9974
2.99336
2.9841
2.9591
2.90021
2.74609
2.37781
1.62106
0.649295
0.259449
0.398518
3.00001
3.00001
3.00001
3.00001
3.00001
3.00001
3.00001
3
3
2.99998
2.99994
2.99984
2.99961
2.99894
2.99759
2.99341
2.98503
2.96022
2.90487
2.75656
2.40532
1.67212
0.683447
0.268609
0.397751
3.00001
3.00001
3.00001
3.00001
3.00001
3.00001
3.00001
3
3
2.99998
2.99994
2.99984
2.9996
2.99902
2.99749
2.99405
2.98451
2.96324
2.90579
2.76734
2.42507
1.71152
0.718734
0.283543
0.397793
3.00001
3.00001
3.00001
3.00001
3.00001
3.00001
3.00001
3
3
2.99998
2.99995
2.99984
2.99964
2.99897
2.99775
2.99378
2.98585
2.96277
2.91061
2.77257
2.44354
1.74511
0.751371
0.30058
0.398709
3.00001
3.00001
3.00001
3.00001
3.00001
3.00001
3.00001
3
3
2.99998
2.99995
2.99985
2.99964
2.99902
2.99777
2.99395
2.98626
2.96351
2.91333
2.7784
2.45881
1.77461
0.781418
0.31899
0.39906
3.00001
3.00001
3.00001
3.00001
3.00001
3.00001
3.00001
3
3
2.99998
2.99995
2.99985
2.99964
2.99906
2.99774
2.9943
2.98598
2.96537
2.91386
2.78516
2.47079
1.80043
0.808396
0.336638
0.398713
3.00001
3.00001
3.00001
3.00001
3.00001
3.00001
3.00001
3
3
2.99998
2.99995
2.99985
2.99965
2.99905
2.99787
2.99415
2.98686
2.965
2.9171
2.78828
2.48259
1.82309
0.832062
0.352652
0.39857
3.00001
3.00001
3.00001
3.00001
3.00001
3.00001
3.00001
3
3
2.99998
2.99995
2.99987
2.99962
2.99916
2.99766
2.99482
2.98589
2.96761
2.91587
2.79485
2.49034
1.84353
0.852156
0.366363
0.398629
3.00001
3.00001
3.00001
3.00001
3.00001
3.00001
3.00001
3
3
2.99998
2.99995
2.99986
2.99965
2.99913
2.99778
2.99473
2.98635
2.96777
2.91749
2.79783
2.4979
1.86049
0.868737
0.377119
0.398535
3.00001
3.00001
3.00001
3.00001
3.00001
3.00001
3.00001
3
3
2.99998
2.99995
2.99986
2.99967
2.99909
2.99796
2.99438
2.98742
2.96647
2.92083
2.79778
2.50509
1.87274
0.882093
0.384801
0.398124
3.00001
3.00001
3.00001
3.00001
3.00001
3.00001
3.00001
3
3
2.99998
2.99995
2.99986
2.99967
2.99908
2.99798
2.99444
2.98744
2.9669
2.92117
2.79965
2.50876
1.88073
0.890747
0.389888
0.397877
3.00001
3.00001
3.00001
3.00001
3.00001
3.00001
3.00001
3
3
2.99999
2.99995
2.99987
2.99963
2.99919
2.99773
2.99501
2.98641
2.96878
2.91905
2.80283
2.50939
1.88484
0.895343
0.392364
0.397568
0.976464
0.774668
0.25834
0.242948
0.317163
0.401232
0.433261
0.461447
0.498563
0.533914
0.561846
0.584503
0.60152
0.608803
0.608148
0.600449
0.584537
0.561391
0.532852
0.502101
0.470517
0.439153
0.408146
0.377605
0.347437
0.317462
0.287773
0.258149
0.228327
0.198293
0.168666
0.139738
0.111502
0.0838871
0.0568887
0.0314058
0.0148286
0.0314734
0.0553385
0.0800591
0.104336
0.127756
0.150362
0.171748
0.192957
0.215184
0.237222
0.258549
0.279163
0.299422
0.319174
0.338745
0.357861
0.376795
0.395349
0.413687
0.431703
0.449554
0.467024
0.484415
0.50141
0.518377
0.534886
0.551446
0.567546
0.58367
0.599449
0.61513
0.630578
0.645865
0.660925
0.675858
0.690509
0.705073
0.719313
0.733502
0.747311
0.761149
0.774524
0.788024
0.800998
0.81414
0.826777
0.839514
0.851866
0.864164
0.876223
0.888095
0.899797
0.911236
0.922471
0.93343
0.944051
0.954333
0.964085
0.97328
0.98154
0.988698
0.993924
0.998063
0.958646
0.837376
0.56863
0.418978
0.280019
0.144789
0.0627326
0.154708
0.233066
0.28682
0.321072
0.342
0.358385
0.365732
0.360601
0.348436
0.331621
0.307397
0.27892
0.249358
0.220144
0.19135
0.163189
0.135593
0.108679
0.0827485
0.0587235
0.0398726
0.0349005
0.048974
0.0699545
0.0933073
0.117128
0.140969
0.164342
0.187305
0.209345
0.230651
0.251536
0.272619
0.293383
0.313863
0.333685
0.352766
0.371333
0.390582
0.409974
0.428768
0.446993
0.46482
0.482426
0.499741
0.516775
0.533569
0.550085
0.566414
0.582478
0.598413
0.614047
0.629594
0.64486
0.659979
0.674936
0.689632
0.704291
0.71862
0.732958
0.746976
0.76098
0.774697
0.788367
0.80178
0.8151
0.82821
0.841154
0.853971
0.866526
0.879056
0.891241
0.903467
0.915335
0.927218
0.938826
0.950335
0.961695
0.97282
0.983901
0.994689
1.00544
1.0159
1.02631
1.03643
1.04635
1.05592
1.06503
1.07359
1.0813
1.08797
1.09279
1.09652
0.973342
0.940985
0.83249
0.738433
0.628554
0.513333
0.395838
0.294612
0.20745
0.130864
0.0660931
0.0273614
0.0549715
0.0850094
0.0741557
0.0558502
0.0483317
0.044467
0.0504784
0.0633392
0.0802052
0.0992679
0.119732
0.140915
0.162524
0.184398
0.206401
0.228304
0.249642
0.270556
0.291169
0.311805
0.332185
0.352227
0.371913
0.391118
0.409779
0.427882
0.445708
0.46336
0.480904
0.498144
0.515095
0.531189
0.547001
0.563026
0.579631
0.595833
0.611572
0.626934
0.642081
0.657067
0.671807
0.686469
0.700812
0.715145
0.72916
0.743146
0.756879
0.770508
0.78397
0.797281
0.810465
0.823519
0.836419
0.849241
0.861861
0.874443
0.886784
0.899123
0.911173
0.923278
0.935016
0.946891
0.958309
0.969943
0.981051
0.992414
1.00325
1.01431
1.02493
1.03565
1.04609
1.05648
1.06676
1.07686
1.08704
1.09696
1.107
1.11669
1.1264
1.1357
1.14492
1.15364
1.16214
1.1699
1.17711
1.18312
1.18764
1.19079
1.00166
1.01582
0.980595
0.927567
0.858103
0.775108
0.691134
0.604584
0.526886
0.452329
0.388735
0.336328
0.296741
0.271749
0.264982
0.279362
0.29459
0.307226
0.321661
0.336692
0.351426
0.36607
0.38117
0.396629
0.412572
0.428875
0.445396
0.461949
0.478118
0.49413
0.509754
0.525412
0.540748
0.556013
0.57092
0.585577
0.59986
0.61388
0.627622
0.641383
0.654924
0.668623
0.68182
0.69474
0.707069
0.71987
0.733046
0.746555
0.759399
0.772258
0.784664
0.797286
0.809576
0.822001
0.834192
0.846381
0.858471
0.870428
0.882402
0.89416
0.906011
0.917608
0.929334
0.940784
0.95238
0.963682
0.975141
0.986295
0.997603
1.00861
1.01974
1.03057
1.04149
1.05213
1.06279
1.0732
1.08363
1.09378
1.10401
1.11388
1.12396
1.13357
1.14361
1.15307
1.16309
1.1724
1.18224
1.1913
1.20086
1.20964
1.21885
1.22728
1.23602
1.24395
1.25198
1.25907
1.26589
1.27142
1.27571
1.27853
1.02073
1.05923
1.06189
1.03945
1.00212
0.949017
0.889773
0.827184
0.764941
0.705763
0.64889
0.602397
0.5695
0.552448
0.551229
0.561659
0.577175
0.589414
0.597638
0.60585
0.613351
0.6209
0.628769
0.637288
0.646592
0.656315
0.666633
0.676781
0.687174
0.6971
0.707256
0.716988
0.727045
0.736722
0.746591
0.756094
0.765717
0.774989
0.784513
0.793814
0.803537
0.813154
0.823014
0.832349
0.841629
0.851021
0.861229
0.871762
0.882182
0.892367
0.902552
0.912669
0.922948
0.933123
0.943503
0.953701
0.964124
0.974318
0.984738
0.994909
1.0053
1.01543
1.02578
1.03588
1.04617
1.05624
1.06646
1.07651
1.08663
1.09665
1.10664
1.11662
1.12644
1.13635
1.14601
1.15579
1.16528
1.17491
1.18433
1.1939
1.20335
1.21284
1.22222
1.23155
1.24077
1.24992
1.25893
1.26788
1.2766
1.28529
1.29365
1.30199
1.3099
1.31769
1.32496
1.33189
1.33806
1.3435
1.34736
1.35021
1.03103
1.08097
1.10486
1.10619
1.09043
1.06046
1.02014
0.975374
0.926394
0.879213
0.835253
0.799065
0.776663
0.766773
0.7712
0.782389
0.798152
0.814277
0.825117
0.830106
0.832361
0.833286
0.834369
0.836497
0.839222
0.842652
0.846534
0.850763
0.855137
0.859582
0.864102
0.868819
0.873695
0.878816
0.884094
0.88961
0.895198
0.901106
0.907006
0.913425
0.919804
0.92687
0.933712
0.940815
0.947338
0.954529
0.962059
0.970601
0.978822
0.987355
0.995605
1.0042
1.01271
1.02152
1.03033
1.03933
1.04838
1.05754
1.06675
1.07603
1.08533
1.09471
1.10406
1.1135
1.12287
1.13239
1.14174
1.1513
1.16059
1.17015
1.17932
1.18883
1.19786
1.20727
1.21616
1.22547
1.23436
1.24362
1.25254
1.26163
1.2705
1.27939
1.28821
1.2969
1.30563
1.31411
1.32271
1.33097
1.33937
1.34738
1.35552
1.36319
1.37092
1.37811
1.38519
1.39159
1.39757
1.40259
1.40626
1.40888
1.0368
1.0904
1.12593
1.14247
1.14273
1.12887
1.10261
1.06897
1.03045
0.991175
0.956978
0.929706
0.915081
0.912889
0.923175
0.939625
0.957403
0.972398
0.984868
0.992099
0.992609
0.988419
0.983529
0.979686
0.97705
0.975845
0.975277
0.975664
0.976301
0.977216
0.97841
0.979875
0.981705
0.983893
0.986511
0.989429
0.992714
0.996299
1.00018
1.00447
1.00907
1.01417
1.01952
1.0249
1.03019
1.03575
1.04208
1.04906
1.05633
1.06358
1.07104
1.07841
1.0861
1.09369
1.10165
1.10948
1.11771
1.12578
1.13421
1.14249
1.15109
1.15955
1.16827
1.17688
1.18567
1.19443
1.20326
1.21212
1.22094
1.22987
1.23864
1.24759
1.2563
1.26525
1.27398
1.28293
1.29164
1.30045
1.3091
1.31774
1.32633
1.3348
1.34328
1.35155
1.35989
1.36796
1.37611
1.38397
1.39187
1.39947
1.40704
1.41429
1.42139
1.42812
1.43456
1.44049
1.44586
1.45039
1.45353
1.45585
1.04027
1.09372
1.13384
1.15931
1.16942
1.16567
1.14883
1.12151
1.08994
1.05744
1.02996
1.01029
1.00129
1.00663
1.02347
1.04576
1.06738
1.08416
1.09537
1.10386
1.10734
1.10463
1.09746
1.09005
1.08376
1.07933
1.07625
1.07428
1.07285
1.07188
1.07117
1.0708
1.07075
1.0711
1.07185
1.07308
1.07462
1.07667
1.07895
1.08175
1.08474
1.08839
1.09218
1.09619
1.10001
1.10422
1.10906
1.11466
1.12064
1.12679
1.13321
1.13964
1.14639
1.1531
1.1602
1.16726
1.17474
1.18215
1.18995
1.19767
1.20572
1.21369
1.22191
1.2301
1.23847
1.24686
1.25534
1.2639
1.27243
1.28109
1.28961
1.29834
1.30689
1.3156
1.32408
1.33267
1.34112
1.34958
1.35802
1.36633
1.37473
1.38287
1.39121
1.39915
1.4074
1.41513
1.42322
1.43071
1.43858
1.44578
1.45333
1.46013
1.4672
1.47343
1.47978
1.48516
1.49026
1.49418
1.49686
1.49882
1.04281
1.09324
1.13406
1.1626
1.17739
1.17799
1.16491
1.14103
1.11458
1.08902
1.06736
1.05362
1.05037
1.06293
1.08751
1.11459
1.13978
1.15903
1.17168
1.17908
1.18516
1.1864
1.18209
1.17425
1.16574
1.15844
1.15244
1.14808
1.14449
1.14173
1.13931
1.13733
1.13571
1.13444
1.13372
1.13331
1.1335
1.13408
1.13506
1.13652
1.13831
1.14075
1.14342
1.1464
1.14923
1.15249
1.15635
1.16099
1.16607
1.17146
1.17719
1.18302
1.18917
1.19535
1.20187
1.20843
1.21536
1.22234
1.22964
1.23699
1.24457
1.25224
1.26002
1.26797
1.27594
1.28414
1.29227
1.3007
1.30895
1.31756
1.32592
1.33457
1.3429
1.3515
1.35982
1.36833
1.37663
1.38502
1.39331
1.40155
1.40981
1.41789
1.42611
1.43402
1.44216
1.44987
1.45785
1.46532
1.47303
1.48018
1.48748
1.49418
1.50089
1.50695
1.5128
1.51783
1.52223
1.52565
1.52747
1.52927
1.04538
1.09075
1.12879
1.1562
1.17063
1.17077
1.15737
1.137
1.1153
1.09558
1.08107
1.07353
1.07772
1.09785
1.12792
1.15809
1.18428
1.20548
1.22041
1.22947
1.23548
1.23979
1.24036
1.23604
1.22878
1.22059
1.21291
1.20617
1.20074
1.1962
1.19261
1.1895
1.18703
1.18488
1.18329
1.18212
1.18147
1.18132
1.18159
1.18235
1.18347
1.18521
1.18731
1.18969
1.19207
1.19475
1.19809
1.20208
1.20663
1.21145
1.21672
1.2221
1.22785
1.23363
1.23979
1.24599
1.25254
1.25917
1.26608
1.27309
1.28029
1.28763
1.29505
1.30269
1.31031
1.31823
1.32603
1.3342
1.34218
1.35048
1.35847
1.36678
1.37479
1.38306
1.39107
1.39926
1.40727
1.41535
1.42337
1.4313
1.4393
1.44705
1.45497
1.46252
1.47032
1.47764
1.48524
1.49231
1.49961
1.50632
1.51316
1.51935
1.52554
1.53102
1.53618
1.54041
1.54389
1.54625
1.54704
1.54852
1.04803
1.08623
1.11891
1.14123
1.15091
1.14682
1.13341
1.11709
1.09991
1.08677
1.07924
1.08012
1.09442
1.12115
1.1522
1.18186
1.2079
1.22968
1.24678
1.25948
1.26776
1.27339
1.27733
1.27826
1.27501
1.26903
1.26199
1.25417
1.2469
1.24064
1.23551
1.2313
1.22786
1.22503
1.2228
1.22099
1.21975
1.21887
1.2185
1.21856
1.2191
1.22013
1.22174
1.22359
1.22558
1.22774
1.23061
1.23403
1.23809
1.24238
1.24725
1.2522
1.25766
1.26309
1.26902
1.27491
1.28127
1.28762
1.29439
1.30117
1.30828
1.31543
1.3228
1.33029
1.33789
1.34568
1.3535
1.36153
1.36944
1.37758
1.38557
1.39375
1.4018
1.40998
1.41807
1.42618
1.43429
1.44229
1.4504
1.45826
1.46634
1.47403
1.48205
1.48954
1.49742
1.50467
1.51229
1.51922
1.52642
1.53292
1.53948
1.54538
1.55111
1.55603
1.56039
1.56367
1.56602
1.56685
1.56674
1.56838
1.04929
1.07953
1.10305
1.11774
1.11983
1.11221
1.10031
1.08687
1.07595
1.06981
1.07049
1.08241
1.10562
1.13436
1.1637
1.19138
1.21617
1.23815
1.25684
1.27247
1.28435
1.29336
1.29895
1.30285
1.30441
1.30288
1.29873
1.29302
1.28557
1.27813
1.27143
1.26595
1.2614
1.25793
1.25505
1.2529
1.25123
1.25006
1.24938
1.24914
1.24937
1.25013
1.25143
1.25312
1.25483
1.25677
1.25931
1.26242
1.2661
1.27008
1.27462
1.27933
1.28457
1.28987
1.29562
1.30138
1.30754
1.31373
1.32025
1.32683
1.33367
1.34062
1.34774
1.35503
1.36242
1.37003
1.3776
1.38538
1.39307
1.40099
1.40877
1.41677
1.42462
1.43261
1.44048
1.4484
1.45628
1.46409
1.47197
1.47964
1.48751
1.49503
1.50282
1.51013
1.51773
1.52478
1.53204
1.53871
1.54544
1.55157
1.55753
1.56299
1.56783
1.57202
1.57514
1.57734
1.5779
1.5777
1.57676
1.57833
1.04865
1.06826
1.08143
1.0854
1.08111
1.07234
1.06232
1.05409
1.0496
1.05157
1.0637
1.08547
1.11156
1.13874
1.16517
1.19039
1.21424
1.23623
1.2563
1.27404
1.28924
1.30151
1.31116
1.31762
1.32193
1.32427
1.32443
1.32226
1.31807
1.31146
1.30454
1.29779
1.2924
1.28789
1.28448
1.28191
1.27991
1.27861
1.27759
1.27719
1.27709
1.27754
1.27858
1.27998
1.28153
1.2832
1.28546
1.28818
1.29161
1.29525
1.29954
1.30396
1.30898
1.31404
1.31961
1.32518
1.33119
1.33721
1.34361
1.35006
1.3568
1.36365
1.37068
1.37791
1.38518
1.39264
1.40004
1.40767
1.41522
1.42297
1.43068
1.43845
1.44628
1.454
1.46187
1.46954
1.47739
1.48501
1.49277
1.50037
1.50797
1.51552
1.52291
1.5303
1.53741
1.54445
1.5512
1.55766
1.56383
1.5695
1.57492
1.57951
1.58355
1.5864
1.58833
1.58862
1.58806
1.58704
1.58456
1.58538
1.04314
1.05095
1.05231
1.04771
1.04006
1.03157
1.02541
1.02259
1.02646
1.0404
1.06258
1.08711
1.11239
1.1369
1.161
1.18405
1.20693
1.22862
1.24961
1.26881
1.28652
1.30161
1.31468
1.32473
1.33284
1.33758
1.34096
1.34243
1.34208
1.33936
1.33434
1.32808
1.32212
1.31677
1.31261
1.30921
1.30682
1.305
1.30379
1.30314
1.30285
1.30313
1.30396
1.30522
1.30674
1.30829
1.31032
1.31277
1.31597
1.31938
1.32344
1.32762
1.33246
1.33731
1.34275
1.34814
1.35403
1.35989
1.36614
1.37243
1.379
1.38572
1.39262
1.3997
1.40678
1.41406
1.4213
1.42874
1.43613
1.44369
1.4512
1.45884
1.46642
1.47407
1.48169
1.48927
1.4969
1.50435
1.51194
1.51926
1.52673
1.53393
1.54116
1.54819
1.55504
1.56173
1.56801
1.5741
1.57956
1.58482
1.58921
1.59297
1.59558
1.59704
1.59714
1.59635
1.59495
1.59201
1.58689
1.58557
1.03081
1.02649
1.01816
1.00884
0.999675
0.994162
0.992338
0.998066
1.01392
1.03693
1.06139
1.08526
1.10864
1.13102
1.15328
1.17497
1.1971
1.21865
1.24015
1.26044
1.27976
1.29702
1.31271
1.32593
1.33733
1.34602
1.35263
1.35661
1.35929
1.36023
1.35935
1.35609
1.35114
1.34604
1.34123
1.33715
1.33396
1.33147
1.3299
1.32884
1.32845
1.32857
1.3292
1.33033
1.33189
1.33332
1.33523
1.3374
1.34044
1.34353
1.34741
1.35125
1.35589
1.36045
1.36572
1.37089
1.37665
1.38233
1.38847
1.39461
1.40108
1.40767
1.41444
1.42129
1.42824
1.43526
1.44238
1.44955
1.45682
1.46413
1.4715
1.47893
1.48632
1.49382
1.50117
1.50866
1.51595
1.52334
1.53058
1.53778
1.54494
1.55188
1.55885
1.56542
1.57199
1.57802
1.58389
1.58913
1.59406
1.59825
1.6016
1.60395
1.60483
1.60469
1.60374
1.60181
1.59846
1.5927
1.58415
1.58108
1.01191
0.997877
0.982702
0.970356
0.964093
0.962339
0.969214
0.986761
1.01113
1.03591
1.05949
1.08155
1.10294
1.12366
1.14457
1.16536
1.18681
1.2083
1.22997
1.25097
1.27123
1.29016
1.30775
1.32353
1.3377
1.34966
1.35976
1.36738
1.37299
1.37637
1.37873
1.37941
1.37796
1.37465
1.37043
1.36624
1.36234
1.35924
1.35699
1.35545
1.35474
1.35449
1.35489
1.35584
1.35725
1.3587
1.36035
1.36234
1.36493
1.36794
1.37143
1.3752
1.37948
1.38396
1.38891
1.39402
1.39949
1.4051
1.41098
1.41703
1.4233
1.42975
1.43627
1.44293
1.44967
1.45648
1.46345
1.47038
1.47753
1.48456
1.49183
1.49897
1.50628
1.51349
1.52073
1.52797
1.53508
1.54227
1.5492
1.55624
1.56294
1.5697
1.57609
1.58238
1.58826
1.59377
1.59886
1.60336
1.60736
1.61023
1.61224
1.61261
1.61208
1.61086
1.60865
1.60417
1.5974
1.589
1.57925
1.57581
0.986194
0.963962
0.945301
0.936849
0.934706
0.941796
0.960543
0.986225
1.01175
1.03527
1.05694
1.07729
1.097
1.11661
1.13645
1.15675
1.1776
1.19906
1.2206
1.24209
1.26286
1.28296
1.30184
1.31952
1.3358
1.35041
1.3634
1.37435
1.38338
1.39015
1.39499
1.39813
1.40037
1.40088
1.39924
1.39592
1.39221
1.38875
1.3857
1.3836
1.38209
1.38148
1.38141
1.38205
1.38328
1.38468
1.38624
1.38802
1.3903
1.39313
1.39629
1.39988
1.40376
1.40803
1.41261
1.41751
1.42268
1.42812
1.43378
1.43972
1.4458
1.45211
1.4584
1.46495
1.47142
1.47815
1.48478
1.49164
1.49845
1.50536
1.51234
1.51925
1.52633
1.53322
1.5403
1.54714
1.55411
1.56085
1.5676
1.57418
1.5806
1.58688
1.5928
1.59854
1.6037
1.60852
1.61271
1.61632
1.61889
1.62028
1.62034
1.61937
1.61786
1.61482
1.60981
1.60185
1.59284
1.58369
1.57433
1.57148
0.949902
0.927
0.914831
0.911006
0.917297
0.936524
0.963463
0.989771
1.01366
1.03497
1.05469
1.07347
1.09213
1.11094
1.13024
1.15012
1.17062
1.19182
1.21314
1.23471
1.25567
1.27648
1.29612
1.31529
1.333
1.34983
1.36494
1.37875
1.39057
1.40074
1.40869
1.41472
1.41918
1.42251
1.4243
1.42445
1.42266
1.41955
1.41649
1.41349
1.41135
1.40978
1.40915
1.40919
1.41
1.41124
1.41276
1.41426
1.41629
1.41872
1.42165
1.42489
1.42852
1.43247
1.43681
1.44141
1.44638
1.45156
1.45709
1.46279
1.46873
1.47473
1.48089
1.48715
1.49346
1.49995
1.50638
1.51307
1.51959
1.52642
1.53303
1.53987
1.54657
1.55333
1.56006
1.56667
1.57332
1.57972
1.58616
1.59226
1.5983
1.60394
1.6093
1.61419
1.6185
1.62242
1.62546
1.62771
1.62838
1.62809
1.62694
1.62474
1.62116
1.61467
1.6065
1.59697
1.58748
1.57919
1.57146
1.56967
0.909201
0.895003
0.89012
0.895924
0.915579
0.943392
0.970475
0.994573
1.0159
1.03512
1.05321
1.07095
1.08887
1.10724
1.12614
1.14572
1.16589
1.18675
1.20782
1.22921
1.25035
1.27129
1.2916
1.31141
1.33032
1.34847
1.36538
1.38128
1.39545
1.40846
1.41927
1.42869
1.43563
1.44168
1.44586
1.44877
1.45021
1.45006
1.44801
1.44527
1.44235
1.44008
1.43836
1.4376
1.43752
1.43837
1.43966
1.44102
1.44261
1.44468
1.44728
1.45027
1.45357
1.45723
1.46122
1.46555
1.47023
1.47518
1.48052
1.48594
1.49167
1.49735
1.50338
1.50927
1.51552
1.52162
1.52803
1.53435
1.54083
1.54734
1.55382
1.56041
1.56685
1.57343
1.57977
1.58619
1.59237
1.59848
1.60441
1.61003
1.61549
1.62039
1.62503
1.62886
1.63237
1.635
1.63666
1.63687
1.63608
1.63455
1.63202
1.62713
1.6201
1.61098
1.60139
1.59192
1.5835
1.57713
1.57165
1.57099
0.8738
0.868702
0.875473
0.896624
0.92597
0.953917
0.978509
0.99978
1.0187
1.03623
1.05315
1.07027
1.08771
1.10581
1.12443
1.14376
1.16358
1.18401
1.20484
1.22588
1.24691
1.26779
1.28847
1.30867
1.32847
1.34746
1.36578
1.38301
1.39921
1.41413
1.42761
1.4396
1.4497
1.45805
1.46483
1.47061
1.47419
1.47645
1.4772
1.47634
1.47413
1.47128
1.46897
1.46695
1.46597
1.46567
1.46641
1.46757
1.46879
1.47032
1.47237
1.47504
1.47799
1.48139
1.48499
1.48909
1.49336
1.49816
1.50308
1.50839
1.51375
1.51936
1.52508
1.5309
1.5369
1.54288
1.54909
1.55522
1.56155
1.56778
1.57415
1.5804
1.58669
1.59291
1.59901
1.60509
1.61088
1.61665
1.62199
1.62716
1.63184
1.63598
1.63961
1.64248
1.64484
1.64571
1.64558
1.64436
1.64251
1.63897
1.63315
1.62498
1.61568
1.60585
1.59653
1.58855
1.58217
1.5781
1.57475
1.57509
0.838154
0.849079
0.875038
0.907731
0.937815
0.963262
0.984743
1.00359
1.02087
1.0376
1.05424
1.07125
1.08866
1.10664
1.12508
1.14411
1.16359
1.18363
1.204
1.22465
1.24542
1.26618
1.28689
1.30727
1.32745
1.34697
1.36611
1.38428
1.4019
1.41823
1.43371
1.44767
1.46037
1.47125
1.48041
1.48803
1.49477
1.4992
1.50182
1.50313
1.50326
1.50177
1.49922
1.49674
1.49436
1.49306
1.49231
1.49275
1.49366
1.49465
1.49608
1.49806
1.50079
1.50382
1.50724
1.51099
1.51505
1.51959
1.52424
1.52934
1.53443
1.53993
1.54537
1.55113
1.55688
1.56281
1.56879
1.57484
1.58097
1.58708
1.59327
1.59936
1.60548
1.61145
1.61733
1.62307
1.62849
1.63382
1.63853
1.64307
1.64675
1.65001
1.65244
1.65424
1.65461
1.65398
1.65254
1.65001
1.6454
1.63856
1.6297
1.62003
1.61014
1.60116
1.59348
1.58775
1.5838
1.58174
1.58018
1.58129
0.800791
0.838267
0.880628
0.916193
0.94448
0.96739
0.986939
1.00472
1.02164
1.03842
1.05533
1.07258
1.0902
1.1082
1.1266
1.14544
1.16467
1.18436
1.20435
1.22467
1.24511
1.26567
1.28619
1.30658
1.32679
1.34662
1.3661
1.38499
1.40329
1.42082
1.4375
1.45306
1.46748
1.48045
1.49188
1.50141
1.5097
1.51691
1.52225
1.52523
1.52672
1.52722
1.5266
1.52455
1.52164
1.5192
1.51709
1.51613
1.51599
1.51665
1.51752
1.51876
1.52083
1.52337
1.52667
1.52999
1.53399
1.53804
1.54265
1.54736
1.55245
1.55771
1.56313
1.56878
1.57447
1.58037
1.58627
1.59228
1.59832
1.60432
1.61041
1.6163
1.62229
1.62793
1.63363
1.63887
1.64398
1.6486
1.65273
1.6563
1.65901
1.66124
1.66236
1.66243
1.66144
1.65968
1.65634
1.65068
1.64275
1.63357
1.62364
1.61404
1.6053
1.59818
1.59292
1.58948
1.58765
1.58694
1.58661
1.58848
0.756774
0.821379
0.871819
0.909202
0.937462
0.960395
0.980551
0.999401
1.01765
1.03569
1.05373
1.07182
1.09006
1.10841
1.12701
1.14587
1.16506
1.18455
1.20435
1.22439
1.24456
1.26482
1.28511
1.30533
1.32546
1.34533
1.36496
1.38412
1.40286
1.42088
1.43826
1.45468
1.47025
1.48454
1.49772
1.50941
1.51944
1.52803
1.53564
1.54134
1.5449
1.54642
1.54683
1.54658
1.545
1.54224
1.53961
1.537
1.5357
1.53505
1.53545
1.53616
1.53729
1.53922
1.54183
1.5451
1.54877
1.55272
1.55707
1.5616
1.56653
1.57162
1.57703
1.58258
1.58831
1.59416
1.60008
1.60613
1.6121
1.61819
1.62411
1.63004
1.63579
1.64132
1.64673
1.6516
1.65633
1.66019
1.66365
1.66605
1.66802
1.66864
1.66844
1.66737
1.66487
1.66063
1.65381
1.64539
1.63574
1.6259
1.61649
1.60824
1.60162
1.59682
1.59388
1.59242
1.59212
1.59235
1.59256
1.59486
0.700306
0.782096
0.839545
0.880207
0.911331
0.937535
0.961139
0.983323
1.00453
1.025
1.04503
1.06471
1.08417
1.10347
1.12274
1.14209
1.16155
1.1812
1.20106
1.22109
1.24121
1.26131
1.28143
1.30149
1.32143
1.3412
1.36071
1.37988
1.39864
1.41689
1.43458
1.45155
1.46777
1.483
1.49725
1.51012
1.52175
1.53166
1.54046
1.54807
1.55417
1.55822
1.56044
1.56096
1.56072
1.55964
1.55731
1.55435
1.55178
1.54977
1.54883
1.54883
1.54945
1.5505
1.55225
1.55502
1.55838
1.56227
1.56639
1.57089
1.57561
1.58068
1.58598
1.59151
1.59727
1.60309
1.60912
1.61513
1.62121
1.62727
1.63318
1.63912
1.64466
1.65018
1.6551
1.65981
1.6637
1.667
1.66931
1.67093
1.67143
1.67113
1.66981
1.66681
1.66123
1.65378
1.64481
1.63519
1.62547
1.61657
1.60885
1.60285
1.59857
1.59613
1.59509
1.59509
1.5955
1.59634
1.59702
1.59938
0.642355
0.728914
0.78782
0.831427
0.867134
0.898652
0.927522
0.95442
0.979743
1.00362
1.02627
1.04802
1.06911
1.08981
1.11016
1.13039
1.15045
1.17055
1.19067
1.2109
1.23124
1.25145
1.27157
1.29157
1.31141
1.33106
1.35046
1.36954
1.38826
1.40657
1.42435
1.44159
1.45811
1.47389
1.48874
1.50264
1.51537
1.52694
1.53699
1.54594
1.55385
1.56022
1.56451
1.56717
1.56796
1.56779
1.56694
1.56521
1.56248
1.55965
1.55721
1.55593
1.55547
1.55613
1.55717
1.55886
1.56167
1.56525
1.56941
1.57387
1.5787
1.58381
1.58916
1.59483
1.60063
1.60668
1.61279
1.61899
1.6252
1.6313
1.63738
1.64312
1.64875
1.65383
1.65858
1.66256
1.66576
1.6681
1.66945
1.66988
1.66966
1.66798
1.66381
1.65745
1.64954
1.64034
1.63083
1.62149
1.61313
1.60613
1.60081
1.59716
1.59517
1.59444
1.59467
1.59516
1.59606
1.59776
1.59902
1.60145
0.587051
0.668773
0.725162
0.770592
0.810732
0.847357
0.88111
0.91229
0.941242
0.968334
0.993906
1.01823
1.04154
1.06412
1.08608
1.10759
1.12874
1.1497
1.17052
1.19127
1.21203
1.23261
1.25289
1.27305
1.29285
1.31253
1.33184
1.35095
1.36967
1.3881
1.406
1.42349
1.44032
1.45651
1.472
1.48659
1.50043
1.51307
1.5248
1.53494
1.54426
1.55228
1.55916
1.56377
1.56706
1.56821
1.56824
1.56729
1.5659
1.56351
1.5608
1.55811
1.55655
1.55583
1.55643
1.55754
1.55936
1.56201
1.5658
1.57016
1.57505
1.58026
1.58576
1.59155
1.59748
1.60367
1.60989
1.61622
1.62251
1.62867
1.63472
1.64039
1.64578
1.65054
1.65473
1.65797
1.66028
1.66183
1.66244
1.66211
1.6597
1.65478
1.64806
1.63982
1.63079
1.62151
1.61274
1.60506
1.59873
1.59419
1.59109
1.58965
1.58932
1.5898
1.59043
1.59155
1.59311
1.59551
1.59701
1.59951
0.542208
0.613167
0.663386
0.707785
0.749667
0.788911
0.825354
0.859195
0.890787
0.920459
0.948554
0.975225
1.00085
1.02532
1.04914
1.07209
1.09471
1.11679
1.13867
1.16022
1.18154
1.20272
1.22345
1.24389
1.26401
1.28387
1.30357
1.32286
1.34207
1.36065
1.37905
1.39674
1.41405
1.43073
1.44674
1.46227
1.47671
1.49072
1.50325
1.51519
1.52536
1.535
1.54322
1.55049
1.55553
1.55934
1.56112
1.5615
1.56083
1.55938
1.55778
1.55505
1.55252
1.55064
1.54988
1.55043
1.55182
1.55382
1.55671
1.56069
1.56565
1.57099
1.57668
1.58266
1.58875
1.5951
1.60138
1.60782
1.61411
1.62022
1.62614
1.63146
1.63646
1.64054
1.64386
1.64613
1.64787
1.64848
1.64761
1.64434
1.639
1.6321
1.62371
1.61481
1.60587
1.59769
1.59072
1.58524
1.58135
1.57899
1.57791
1.57812
1.57878
1.57969
1.58094
1.58301
1.58516
1.58797
1.5897
1.59242
0.514905
0.573204
0.614415
0.653872
0.693429
0.731678
0.767995
0.802339
0.834964
0.865898
0.895471
0.92354
0.950659
0.976482
1.00168
1.02594
1.04967
1.07288
1.09553
1.11793
1.13984
1.16171
1.18312
1.20431
1.22517
1.24581
1.26621
1.2862
1.30596
1.32513
1.34397
1.36223
1.38003
1.39729
1.41391
1.43007
1.44522
1.46005
1.47356
1.48664
1.49841
1.50929
1.51916
1.52818
1.53573
1.54151
1.54576
1.54809
1.54892
1.54861
1.54742
1.54583
1.54376
1.54134
1.53974
1.53927
1.53986
1.54175
1.54418
1.54751
1.55178
1.55708
1.56286
1.56898
1.5752
1.58159
1.58785
1.59423
1.60024
1.60617
1.61153
1.61643
1.62058
1.62374
1.62641
1.62802
1.62831
1.62672
1.62285
1.61706
1.60982
1.60156
1.59292
1.58453
1.57698
1.57071
1.56603
1.56274
1.56107
1.56043
1.56097
1.56195
1.56299
1.56454
1.56639
1.56902
1.57146
1.57452
1.57639
1.57922
0.501797
0.550203
0.582735
0.615345
0.649408
0.683633
0.717067
0.749625
0.78109
0.811529
0.840848
0.869139
0.896487
0.922948
0.948566
0.973619
0.997843
1.02181
1.04511
1.06828
1.09108
1.11371
1.13626
1.15844
1.18038
1.20181
1.22301
1.24356
1.26386
1.28352
1.30281
1.32167
1.33993
1.35795
1.37524
1.39218
1.4085
1.42419
1.43939
1.45359
1.46736
1.47966
1.49135
1.50161
1.51108
1.51893
1.52526
1.52985
1.53313
1.53451
1.53474
1.53443
1.53405
1.53326
1.53195
1.53078
1.53047
1.53105
1.5332
1.53554
1.53897
1.54269
1.54772
1.5532
1.55894
1.56479
1.57049
1.57608
1.58141
1.58629
1.59067
1.59444
1.59737
1.59995
1.60095
1.60066
1.59826
1.59373
1.58768
1.58008
1.57194
1.56344
1.55559
1.54864
1.5431
1.53904
1.53636
1.53509
1.53481
1.53566
1.5368
1.5382
1.53974
1.54208
1.54446
1.54763
1.55034
1.55383
1.55596
1.5592
0.494776
0.538181
0.56519
0.591805
0.619964
0.648838
0.678079
0.707072
0.73576
0.763933
0.791479
0.818427
0.844812
0.870666
0.895973
0.921032
0.945567
0.96998
0.994108
1.01794
1.04173
1.06502
1.08838
1.11108
1.13361
1.15548
1.1771
1.1982
1.21899
1.23942
1.25944
1.27926
1.29849
1.31759
1.33599
1.35412
1.37159
1.38854
1.40478
1.4203
1.43496
1.44865
1.46145
1.47309
1.48397
1.49392
1.5025
1.50999
1.5161
1.521
1.52432
1.52624
1.52673
1.52754
1.52751
1.52647
1.52519
1.52454
1.5247
1.52598
1.52799
1.53045
1.53347
1.53698
1.54132
1.54581
1.5505
1.55473
1.55877
1.56221
1.56522
1.56786
1.56915
1.56947
1.56831
1.56478
1.55977
1.55281
1.5451
1.53649
1.52811
1.52027
1.51354
1.50821
1.50427
1.5018
1.50051
1.50046
1.50145
1.50274
1.50442
1.50619
1.50864
1.51164
1.51466
1.51849
1.52172
1.52612
1.52871
1.53288
0.489365
0.53089
0.555929
0.578757
0.60244
0.626882
0.651969
0.677219
0.702346
0.727409
0.752128
0.776762
0.801327
0.825759
0.850338
0.87481
0.899417
0.92383
0.948277
0.972381
0.996364
1.01998
1.04337
1.0665
1.08926
1.11182
1.13391
1.15598
1.17746
1.199
1.21985
1.24075
1.26082
1.28089
1.30008
1.31902
1.33726
1.35481
1.37189
1.38804
1.4037
1.41852
1.43272
1.44621
1.45897
1.47129
1.48268
1.49321
1.50227
1.51012
1.51617
1.52033
1.52273
1.52379
1.52404
1.52355
1.52203
1.51963
1.51794
1.51681
1.51701
1.51803
1.51967
1.52197
1.52467
1.52777
1.53095
1.53405
1.53683
1.5393
1.54052
1.54076
1.53996
1.53712
1.5327
1.52603
1.51838
1.50926
1.5002
1.49112
1.483
1.47631
1.47085
1.46733
1.46482
1.46375
1.46384
1.46483
1.46659
1.46825
1.47078
1.47327
1.47709
1.48044
1.48479
1.48872
1.49306
1.4974
1.50049
1.50452
0.483603
0.525072
0.550371
0.571411
0.592157
0.613797
0.635955
0.658324
0.680446
0.70251
0.724618
0.746872
0.769665
0.792722
0.81624
0.840094
0.863991
0.888156
0.912099
0.936093
0.959887
0.983542
1.00706
1.03048
1.0537
1.07677
1.09953
1.12206
1.14432
1.16618
1.18783
1.20887
1.22975
1.24987
1.26974
1.28887
1.30765
1.32568
1.34345
1.36046
1.37732
1.39353
1.4095
1.42494
1.43979
1.45425
1.46773
1.48042
1.49173
1.50141
1.50941
1.51529
1.51915
1.52088
1.52133
1.52143
1.52089
1.51896
1.5164
1.51398
1.51282
1.5119
1.5122
1.51288
1.51394
1.5152
1.5165
1.51754
1.51809
1.51762
1.51645
1.51364
1.50936
1.50313
1.49533
1.4863
1.47641
1.46656
1.45699
1.44888
1.44187
1.43691
1.43326
1.43115
1.43043
1.43053
1.43177
1.4336
1.43605
1.43832
1.44134
1.44432
1.44822
1.45161
1.45585
1.45928
1.46348
1.46673
1.46965
1.47238
0.475806
0.520021
0.546446
0.566437
0.585415
0.60533
0.625887
0.646448
0.666843
0.687082
0.707624
0.728593
0.75018
0.772464
0.79509
0.818293
0.841536
0.865097
0.888618
0.912223
0.935801
0.95936
0.98285
1.00633
1.02962
1.05282
1.07564
1.09832
1.12058
1.14258
1.16418
1.18538
1.20614
1.22647
1.24629
1.26575
1.28473
1.30346
1.32183
1.34
1.35796
1.37566
1.39299
1.41007
1.42624
1.44208
1.45674
1.47062
1.48309
1.49409
1.50392
1.51171
1.51796
1.52207
1.52415
1.52486
1.52515
1.52468
1.52255
1.51932
1.51629
1.51356
1.5115
1.50988
1.5086
1.50737
1.50594
1.5042
1.50159
1.49826
1.49351
1.48767
1.47968
1.47071
1.46036
1.44976
1.43908
1.42928
1.4208
1.41379
1.40879
1.40513
1.40327
1.4023
1.40233
1.403
1.40483
1.40676
1.40887
1.41089
1.41349
1.4162
1.41934
1.42229
1.4257
1.42866
1.43224
1.43505
1.43772
1.4399
0.467835
0.515542
0.543091
0.562127
0.579867
0.598732
0.618455
0.638334
0.658088
0.677918
0.698061
0.718824
0.740137
0.762073
0.784479
0.807199
0.830223
0.853296
0.876557
0.899771
0.923038
0.946265
0.969391
0.992535
1.01545
1.03831
1.06089
1.08324
1.10537
1.12706
1.14853
1.16948
1.19012
1.21034
1.23023
1.24988
1.26929
1.28854
1.30773
1.32668
1.3456
1.36411
1.38243
1.40014
1.41739
1.43372
1.4495
1.46415
1.47823
1.4907
1.50239
1.51214
1.52062
1.52697
1.53126
1.53336
1.53396
1.53412
1.53316
1.53019
1.52557
1.52104
1.51627
1.5121
1.50779
1.50391
1.4992
1.4946
1.48851
1.48212
1.47391
1.4646
1.4539
1.44249
1.4308
1.41943
1.40916
1.40012
1.39296
1.3874
1.38348
1.38099
1.37955
1.37889
1.37907
1.37966
1.3811
1.3825
1.38398
1.38566
1.38778
1.3901
1.3928
1.39548
1.39851
1.40142
1.40453
1.40733
1.40958
1.41155
0.461032
0.511359
0.539753
0.557883
0.574512
0.592546
0.611802
0.631658
0.65168
0.67199
0.69269
0.713899
0.735629
0.757716
0.780192
0.802803
0.825689
0.848548
0.87157
0.894422
0.917311
0.940012
0.962684
0.985215
1.00773
1.03002
1.0523
1.07418
1.09599
1.11733
1.13844
1.15918
1.17961
1.19984
1.21984
1.23978
1.25959
1.27941
1.29909
1.31873
1.3381
1.35728
1.37604
1.39436
1.41224
1.4293
1.44603
1.46152
1.47673
1.49049
1.50344
1.51507
1.52501
1.53355
1.53968
1.54389
1.54535
1.54577
1.54547
1.54347
1.53881
1.53261
1.52553
1.51856
1.51114
1.50409
1.4961
1.48808
1.47875
1.46896
1.45742
1.44529
1.43247
1.41955
1.40748
1.39621
1.3868
1.37885
1.37276
1.36816
1.36491
1.36285
1.36152
1.36087
1.36093
1.36133
1.36244
1.36345
1.36463
1.36609
1.36794
1.37013
1.37258
1.37514
1.37787
1.3806
1.3835
1.38596
1.38774
1.38954
0.455818
0.507989
0.536492
0.553603
0.568967
0.586193
0.605229
0.625466
0.646287
0.667523
0.689168
0.711113
0.73342
0.755875
0.778551
0.801263
0.824107
0.846841
0.869634
0.892179
0.914703
0.936934
0.959176
0.981149
1.00323
1.02497
1.04679
1.0682
1.08953
1.11053
1.13126
1.15189
1.17224
1.19262
1.21291
1.23319
1.25354
1.27377
1.29398
1.31407
1.33383
1.3535
1.37258
1.39151
1.40966
1.4276
1.44456
1.46128
1.4768
1.49196
1.50562
1.51878
1.52987
1.54021
1.54799
1.55411
1.55723
1.55806
1.5581
1.55689
1.55285
1.54614
1.53735
1.52779
1.51728
1.5067
1.49529
1.4837
1.4709
1.45768
1.4434
1.42926
1.41507
1.40184
1.38998
1.37955
1.37122
1.36436
1.35922
1.35538
1.3526
1.35076
1.34955
1.3489
1.34894
1.34928
1.35017
1.35104
1.35208
1.35342
1.35519
1.35728
1.35953
1.36185
1.36431
1.36681
1.36927
1.37143
1.37299
1.37446
0.452676
0.5054
0.533266
0.549106
0.563347
0.579713
0.598782
0.619629
0.641488
0.663711
0.686354
0.709072
0.731935
0.754799
0.777652
0.800532
0.823291
0.846022
0.868529
0.89091
0.913049
0.935023
0.956866
0.978497
1.0001
1.02141
1.04265
1.06363
1.08439
1.10512
1.12553
1.14618
1.16661
1.18726
1.20797
1.2286
1.24952
1.27002
1.29082
1.31101
1.33135
1.35104
1.37068
1.38971
1.40844
1.42664
1.44428
1.46142
1.47767
1.49354
1.50798
1.52209
1.53435
1.54573
1.55519
1.56261
1.56776
1.56936
1.5696
1.56885
1.56594
1.5591
1.54941
1.53762
1.52437
1.51024
1.49525
1.4799
1.46383
1.44768
1.43137
1.41599
1.40144
1.38878
1.37774
1.36865
1.36139
1.35562
1.35125
1.34796
1.34561
1.34392
1.34283
1.34232
1.34235
1.34272
1.34352
1.3443
1.34524
1.34654
1.34826
1.35022
1.35229
1.35441
1.35668
1.3589
1.36109
1.3631
1.36438
1.36549
0.450988
0.503051
0.529794
0.544671
0.558022
0.573707
0.592724
0.614443
0.63729
0.660446
0.68394
0.707391
0.730705
0.753954
0.776929
0.800011
0.822666
0.84546
0.867632
0.889962
0.911676
0.933547
0.954953
0.976407
0.997469
1.01848
1.03908
1.05974
1.07997
1.10054
1.12079
1.14154
1.16216
1.18317
1.2042
1.22534
1.24649
1.26747
1.28842
1.30893
1.32951
1.34929
1.36937
1.38838
1.40772
1.42599
1.44424
1.46162
1.47858
1.49471
1.51014
1.52455
1.53798
1.54997
1.56072
1.56902
1.57589
1.57837
1.57893
1.57832
1.57605
1.56997
1.5601
1.54674
1.53105
1.51373
1.49526
1.47634
1.45723
1.43873
1.42117
1.40534
1.39124
1.37949
1.36956
1.36171
1.35542
1.35052
1.34679
1.34394
1.3419
1.34041
1.33947
1.33908
1.33916
1.3396
1.34042
1.34118
1.34213
1.34344
1.34515
1.34701
1.34894
1.35088
1.35295
1.35496
1.357
1.35872
1.35981
1.36069
0.450226
0.501365
0.527251
0.541019
0.553612
0.568886
0.587994
0.610571
0.634142
0.658079
0.682131
0.706129
0.729841
0.753361
0.776507
0.799591
0.822316
0.845035
0.867148
0.88928
0.910753
0.932377
0.953503
0.974725
0.995463
1.01618
1.03638
1.05671
1.07664
1.09701
1.11724
1.13802
1.15889
1.18012
1.20148
1.22296
1.24431
1.26568
1.28668
1.30755
1.32809
1.3482
1.36832
1.38756
1.40714
1.42553
1.4442
1.46175
1.47912
1.49553
1.51145
1.52611
1.54028
1.55256
1.56423
1.57312
1.58096
1.58458
1.58556
1.58504
1.58303
1.57765
1.56765
1.55355
1.53629
1.51657
1.49524
1.47335
1.45184
1.4317
1.41351
1.39773
1.38433
1.37348
1.36457
1.35761
1.35205
1.34773
1.34438
1.3419
1.34003
1.33868
1.33789
1.33758
1.33775
1.33825
1.3391
1.33989
1.34082
1.34214
1.34385
1.34567
1.34751
1.34935
1.35129
1.35323
1.35511
1.35659
1.35758
1.35834
0.44974
0.500364
0.525667
0.538676
0.550741
0.565796
0.584981
0.608115
0.632237
0.656715
0.681158
0.705485
0.729455
0.753163
0.77643
0.799482
0.822214
0.844832
0.866919
0.888889
0.910209
0.931626
0.952564
0.973635
0.994201
1.01476
1.03477
1.05491
1.07471
1.09495
1.11518
1.13596
1.15696
1.1783
1.19983
1.2215
1.24298
1.26456
1.28564
1.30672
1.32729
1.34763
1.36775
1.38722
1.40685
1.42542
1.44424
1.46189
1.47949
1.496
1.51215
1.52695
1.54144
1.55385
1.56595
1.57519
1.58337
1.58774
1.58901
1.58859
1.58649
1.58166
1.57166
1.55728
1.53921
1.51808
1.49506
1.47147
1.44863
1.42767
1.40924
1.39362
1.38071
1.37038
1.36204
1.35556
1.35037
1.34638
1.34322
1.34094
1.33917
1.33792
1.33723
1.33695
1.33717
1.33768
1.33856
1.33937
1.3403
1.34163
1.34334
1.34514
1.34696
1.34876
1.35065
1.35254
1.35435
1.35571
1.35668
1.35738
)
;

boundaryField
{
    inlet
    {
        type            calculated;
        value           uniform 3.00001;
    }
    outlet
    {
        type            calculated;
        value           nonuniform List<scalar> 
40
(
0.998063
1.09652
1.19079
1.27853
1.35021
1.40888
1.45585
1.49882
1.52927
1.54852
1.56838
1.57833
1.58538
1.58557
1.58108
1.57581
1.57148
1.56967
1.57099
1.57509
1.58129
1.58848
1.59486
1.59938
1.60145
1.59951
1.59242
1.57922
1.5592
1.53288
1.50452
1.47238
1.4399
1.41155
1.38954
1.37446
1.36549
1.36069
1.35834
1.35738
)
;
    }
    top
    {
        type            symmetryPlane;
    }
    bottom
    {
        type            symmetryPlane;
    }
    obstacle
    {
        type            calculated;
        value           nonuniform List<scalar> 
110
(
0.0278855
0.0582849
0.0996108
0.142669
0.187417
0.236872
0.294168
0.364763
0.458559
0.616775
0.72765
0.630838
0.0460466
0.242628
0.317122
0.400996
0.433209
0.461403
0.498457
0.533846
0.561835
0.584502
0.601518
0.608801
0.608144
0.600441
0.58452
0.56136
0.532806
0.502043
0.470451
0.439082
0.408071
0.377524
0.347349
0.317364
0.287658
0.258012
0.228142
0.198037
0.168324
0.139284
0.110874
0.0829785
0.0554305
0.0284141
0.00139607
0.02808
0.053758
0.0790822
0.103632
0.127224
0.149946
0.171414
0.192671
0.214919
0.236993
0.258355
0.278998
0.299278
0.319048
0.338634
0.357762
0.376708
0.39527
0.413617
0.43164
0.449498
0.466974
0.484369
0.501369
0.518341
0.534853
0.551416
0.567519
0.583645
0.599427
0.61511
0.63056
0.645849
0.66091
0.675845
0.690498
0.705063
0.719304
0.733494
0.747305
0.761143
0.774519
0.788019
0.800995
0.814137
0.826774
0.839511
0.851865
0.864163
0.876222
0.888094
0.899796
0.911235
0.92247
0.93343
0.944051
0.954333
0.964085
0.97328
0.98154
0.988698
0.993924
0.998063
)
;
    }
    frontAndBack
    {
        type            empty;
    }
}


// ************************************************************************* //
