/*--------------------------------*- C++ -*----------------------------------*\
  =========                 |
  \\      /  F ield         | OpenFOAM: The Open Source CFD Toolbox
   \\    /   O peration     | Website:  https://openfoam.org
    \\  /    A nd           | Version:  13
     \\/     M anipulation  |
\*---------------------------------------------------------------------------*/
FoamFile
{
    format      ascii;
    class       volScalarField;
    location    "7";
    object      Ma;
}
// * * * * * * * * * * * * * * * * * * * * * * * * * * * * * * * * * * * * * //

dimensions      [];

internalField   nonuniform List<scalar> 
5250
(
3
2.99996
2.9999
2.99971
2.99933
2.99819
2.9958
2.98914
2.97396
2.93454
2.83848
2.59788
2.05995
1.12164
0.468453
0.303679
0.33237
0.336262
0.303979
0.250864
0.200759
0.159728
0.119168
0.0743403
0.0408471
3
2.99996
2.9999
2.99971
2.99934
2.99817
2.99598
2.98895
2.97497
2.93445
2.84168
2.60219
2.07068
1.13607
0.476727
0.304191
0.333906
0.338613
0.306637
0.254359
0.205501
0.165881
0.127502
0.0878064
0.0638143
3
2.99997
2.9999
2.99974
2.99932
2.99833
2.99587
2.9897
2.97495
2.93724
2.84517
2.61367
2.09334
1.16852
0.495829
0.306866
0.338936
0.34572
0.314811
0.264695
0.218743
0.182513
0.148996
0.117599
0.101686
3
2.99997
2.9999
2.99976
2.99932
2.99848
2.99588
2.99053
2.97535
2.94109
2.85072
2.63137
2.12803
1.22029
0.525265
0.311399
0.347353
0.3575
0.328294
0.281274
0.239059
0.2071
0.179029
0.154508
0.143079
3
2.99997
2.99991
2.99977
2.99937
2.99854
2.99619
2.99094
2.97716
2.94417
2.86048
2.65324
2.17579
1.29294
0.564911
0.318707
0.359523
0.373923
0.346688
0.303334
0.265055
0.23747
0.214495
0.195413
0.186971
3
2.99997
2.99992
2.99978
2.99945
2.99859
2.99665
2.99131
2.97961
2.94758
2.87298
2.68001
2.23642
1.38943
0.615692
0.331431
0.376821
0.395654
0.370429
0.330787
0.296588
0.273311
0.255395
0.241371
0.236103
3
2.99998
2.99992
2.99981
2.99947
2.9988
2.99681
2.99254
2.98091
2.95392
2.88429
2.7133
2.30747
1.51041
0.678433
0.35481
0.4023
0.424319
0.400639
0.364577
0.334018
0.315119
0.302368
0.294198
0.293898
3
2.99998
2.99994
2.99981
2.99958
2.99884
2.99736
2.99304
2.98366
2.95842
2.89902
2.74683
2.38718
1.65672
0.754196
0.394922
0.44017
0.461598
0.438842
0.406029
0.378593
0.363806
0.356942
0.356441
0.366271
3
2.99999
2.99994
2.99986
2.99958
2.99908
2.99742
2.99429
2.98469
2.96447
2.90889
2.77763
2.4536
1.78051
0.828675
0.431413
0.474846
0.494329
0.477922
0.45105
0.428865
0.419386
0.419845
0.432501
0.464403
3
2.99999
2.99995
2.99986
2.99966
2.99908
2.99794
2.99438
2.9874
2.96663
2.92122
2.79959
2.511
1.88611
0.923714
0.486458
0.499831
0.514696
0.5123
0.494935
0.481565
0.479451
0.493065
0.532542
0.63183
3
2.99999
2.99996
2.99988
2.99968
2.99926
2.998
2.99551
2.98787
2.97232
2.9279
2.82565
2.56417
1.99555
1.05207
0.559134
0.516002
0.532685
0.541211
0.535373
0.53254
0.541824
0.575225
0.653021
0.811881
3
2.99999
2.99997
2.99989
2.99974
2.9993
2.99841
2.99571
2.99033
2.97433
2.93978
2.84606
2.62217
2.10995
1.20859
0.645416
0.532338
0.550514
0.56723
0.572317
0.57993
0.60215
0.652285
0.749427
0.909689
3
2.99999
2.99997
2.99992
2.99977
2.99945
2.99858
2.99654
2.9915
2.97879
2.94834
2.87075
2.67982
2.23448
1.39924
0.747879
0.557759
0.574498
0.594837
0.608036
0.624423
0.65683
0.71499
0.809941
0.94351
3
3
2.99998
2.99993
2.99981
2.99955
2.99881
2.99726
2.99271
2.98339
2.95641
2.89653
2.7378
2.37014
1.63023
0.868994
0.604026
0.612406
0.629512
0.646713
0.667312
0.703517
0.762033
0.84743
0.958927
3.00001
3
2.99998
2.99995
2.99985
2.99963
2.99908
2.99768
2.99451
2.9859
2.96682
2.91571
2.79501
2.49723
1.87426
1.00596
0.667221
0.658037
0.671094
0.689308
0.709971
0.744875
0.799391
0.874616
0.970625
3.00001
3
2.99999
2.99996
2.99988
2.9997
2.99925
2.99817
2.99541
2.98905
2.97215
2.93332
2.83215
2.58925
2.04933
1.16398
0.741221
0.693962
0.707934
0.726448
0.74907
0.782002
0.831683
0.897874
0.98106
3.00001
3
2.99999
2.99997
2.99991
2.99975
2.99943
2.99849
2.99645
2.99104
2.9782
2.94616
2.86679
2.67004
2.21781
1.39069
0.851296
0.726119
0.73709
0.755902
0.781916
0.814643
0.860064
0.918903
0.991026
3.00001
3
3
2.99998
2.99993
2.99982
2.99954
2.99886
2.99724
2.99301
2.98345
2.95781
2.89863
2.74539
2.38874
1.67085
0.988469
0.773565
0.769371
0.784471
0.812039
0.844944
0.886291
0.938542
1.00156
3.00001
3
3
2.99998
2.99995
2.99986
2.99966
2.99913
2.99795
2.99469
2.9878
2.96822
2.92543
2.81153
2.54568
1.96994
1.15668
0.841609
0.809441
0.820484
0.844573
0.875491
0.912215
0.957974
1.01304
3.00001
3.00001
3
2.99999
2.99996
2.9999
2.99975
2.99933
2.99847
2.99594
2.99083
2.97583
2.9437
2.85679
2.65188
2.18228
1.36817
0.930411
0.845207
0.853417
0.874047
0.903186
0.936988
0.977609
1.02575
3.00001
3.00001
3
3
2.99997
2.99993
2.9998
2.99955
2.99878
2.99721
2.9928
2.98287
2.95725
2.89559
2.74116
2.3791
1.6631
1.06574
0.892566
0.886158
0.900098
0.927145
0.960979
0.997731
1.04004
3.00001
3.00001
3
3
2.99998
2.99995
2.99986
2.99968
2.99912
2.99806
2.99472
2.9882
2.96918
2.92765
2.8183
2.56333
2.00827
1.24795
0.96314
0.924343
0.931933
0.95449
0.98557
1.01882
1.05581
3.00001
3.00001
3.00001
3
2.99999
2.99996
2.99991
2.99975
2.99943
2.99847
2.9965
2.991
2.97865
2.94681
2.87033
2.68071
2.25035
1.48533
1.05752
0.961994
0.963231
0.980766
1.00895
1.03998
1.0731
3.00001
3.00001
3.00001
3
3
2.99998
2.99994
2.99983
2.99958
2.99897
2.99745
2.9939
2.98461
2.96358
2.90859
2.77817
2.46411
1.82406
1.20744
1.01618
0.997251
1.00806
1.03143
1.06098
1.09153
3.00001
3.00001
3.00001
3
3
2.99999
2.99996
2.99988
2.99973
2.99925
2.99836
2.99557
2.99002
2.97419
2.93935
2.84821
2.63419
2.15375
1.41656
1.09558
1.03489
1.03825
1.05571
1.08183
1.11069
3.00001
3.00001
3.00001
3.00001
3
3
2.99997
2.99993
2.9998
2.99953
2.99881
2.9971
2.993
2.98256
2.95844
2.89641
2.74856
2.39904
1.72277
1.22241
1.08119
1.06904
1.07892
1.10147
1.12983
3.00001
3.00001
3.00001
3.00001
3
3
2.99998
2.99996
2.99987
2.9997
2.99918
2.99817
2.99522
2.98898
2.97215
2.93376
2.83625
2.60719
2.10182
1.41665
1.15326
1.10608
1.1079
1.1241
1.14826
3.00001
3.00001
3.00001
3.00001
3.00001
3
2.99999
2.99997
2.99992
2.9998
2.99948
2.99878
2.99682
2.9928
2.98115
2.95679
2.89015
2.73707
2.37372
1.70023
1.26524
1.14778
1.13656
1.14475
1.16462
3.00001
3.00001
3.00001
3.00001
3.00001
3
3
2.99998
2.99995
2.99986
2.99969
2.99916
2.99812
2.99508
2.98872
2.97149
2.93248
2.83349
2.60272
2.09602
1.4519
1.21279
1.1708
1.17075
1.18497
3.00001
3.00001
3.00001
3.00001
3.00001
3.00001
3
2.99999
2.99997
2.99992
2.9998
2.99947
2.99874
2.99692
2.99247
2.98197
2.9554
2.89294
2.73727
2.38195
1.7249
1.31669
1.2089
1.19703
1.20401
3.00001
3.00001
3.00001
3.00001
3.00001
3.00001
3
3
2.99998
2.99995
2.99987
2.99968
2.99922
2.99803
2.99549
2.98833
2.97352
2.93242
2.8412
2.61421
2.12588
1.50516
1.27261
1.23037
1.22865
3.00001
3.00001
3.00001
3.00001
3.00001
3.00001
3.00001
3
2.99999
2.99997
2.99992
2.99979
2.99953
2.99873
2.99721
2.99251
2.98342
2.957
2.89967
2.75148
2.41704
1.78862
1.37912
1.26781
1.25318
3.00001
3.00001
3.00001
3.00001
3.00001
3.00001
3.00001
3
3
2.99999
2.99995
2.99989
2.99969
2.99928
2.99818
2.99568
2.98954
2.97449
2.93902
2.85108
2.64481
2.18577
1.57822
1.33658
1.28789
3.00001
3.00001
3.00001
3.00001
3.00001
3.00001
3.00001
3.00001
3
2.99999
2.99997
2.99993
2.99981
2.99957
2.99885
2.99748
2.99325
2.98504
2.96139
2.91013
2.77788
2.47801
1.89351
1.45735
1.32724
3.00001
3.00001
3.00001
3.00001
3.00001
3.00001
3.00001
3.00001
3
3
2.99999
2.99996
2.9999
2.99972
2.99938
2.99832
2.99636
2.99027
2.97841
2.9447
2.87068
2.68524
2.27467
1.67582
1.40629
3.00001
3.00001
3.00001
3.00001
3.00001
3.00001
3.00001
3.00001
3.00001
3
3
2.99998
2.99994
2.99985
2.99959
2.99911
2.99763
2.99471
2.98648
2.96864
2.92261
2.81562
2.56067
2.0422
1.55432
3.00001
3.00001
3.00001
3.00001
3.00001
3.00001
3.00001
3.00001
3.00001
3.00001
3
2.99999
2.99997
2.99991
2.99977
2.99946
2.99864
2.99676
2.9922
2.98095
2.9549
2.88956
2.73708
2.38337
1.79923
3.00001
3.00001
3.00001
3.00001
3.00001
3.00001
3.00001
3.00001
3.00001
3.00001
3
3
2.99998
2.99995
2.99986
2.99969
2.99919
2.99811
2.9954
2.98892
2.97366
2.93571
2.84736
2.63534
2.18268
3.00001
3.00001
3.00001
3.00001
3.00001
3.00001
3.00001
3.00001
3.00001
3.00001
3.00001
3
2.99999
2.99997
2.99993
2.99979
2.99954
2.99876
2.99724
2.99289
2.98371
2.95935
2.90404
2.76685
2.45666
3.00001
3.00001
3.00001
3.00001
3.00001
3.00001
3.00001
3.00001
3.00001
3.00001
3.00001
3
3
2.99998
2.99995
2.99986
2.99967
2.9991
2.99803
2.99462
2.98812
2.96856
2.92678
2.8149
2.55598
3.00001
3.00001
3.00001
3.00001
3.00001
3.00001
3.00001
3.00001
3.00001
3.00001
3.00001
3
3
2.99999
2.99996
2.99989
2.99972
2.99926
2.99829
2.99542
2.98953
2.9721
2.93416
2.83036
2.58251
3.00001
3.00001
3.00001
3.00001
3.00001
3.00001
3.00001
3.00001
3.00001
3.00001
3.00001
3.00001
3
2.99999
2.99996
2.9999
2.99973
2.99935
2.99832
2.99584
2.98971
2.97395
2.93581
2.83702
2.59186
3.00001
3.00001
3.00001
3.00001
3.00001
3.00001
3.00001
3.00001
3.00001
3.00001
3.00001
3.00001
3
2.99999
2.99997
2.9999
2.99976
2.99931
2.99848
2.99573
2.99028
2.97397
2.93759
2.83877
2.59682
3.00001
3.00001
3.00001
3.00001
3.00001
3.00001
3.00001
3.00001
3.00001
3.00001
3.00001
3.00001
3
2.99999
2.99996
2.99991
2.99973
2.99941
2.9983
2.99619
2.9896
2.97552
2.93617
2.8418
2.59735
3.00001
3.00001
3.00001
3.00001
3.00001
3.00001
3.00001
3.00001
3.00001
3.00001
3.00001
3.00001
3
2.99999
2.99997
2.99991
2.99974
2.99939
2.99839
2.99609
2.99004
2.97519
2.93764
2.8423
2.60122
3.00001
3.00001
3.00001
3.00001
3.00001
3.00001
3.00001
3.00001
3.00001
3.00001
3.00001
3.00001
3
2.99999
2.99997
2.99991
2.99975
2.99939
2.99843
2.99608
2.99026
2.97526
2.9386
2.84351
2.60488
3.00001
3.00001
3.00001
3.00001
3.00001
3.00001
3.00001
3.00001
3.00001
3.00001
3.00001
3.00001
3
2.99999
2.99997
2.99992
2.99975
2.99942
2.9984
2.99628
2.99008
2.97613
2.93836
2.84592
2.60744
3.00001
3.00001
3.00001
3.00001
3.00001
3.00001
3.00001
3.00001
3.00001
3.00001
3.00001
3.00001
3
2.99999
2.99997
2.99992
2.99975
2.99944
2.99839
2.99637
2.99007
2.97654
2.93863
2.84738
2.60983
3.00001
3.00001
3.00001
3.00001
3.00001
3.00001
3.00001
3.00001
3.00001
3.00001
3.00001
3.00001
3
2.99999
2.99997
2.99991
2.99977
2.99941
2.99846
2.99633
2.9902
2.97671
2.93888
2.84842
2.61134
3.00001
3.00001
3.00001
3.00001
3.00001
3.00001
3.00001
3.00001
3.00001
3.00001
3.00001
3.00001
3
2.99999
2.99997
2.99991
2.99978
2.99939
2.99854
2.99619
2.99058
2.97616
2.94006
2.8477
2.61298
1.01531
0.86997
0.418908
0.283834
0.23864
0.371082
0.413905
0.438923
0.469548
0.509122
0.547183
0.580543
0.612615
0.645713
0.679133
0.710108
0.737896
0.763705
0.789558
0.808726
0.817437
0.820166
0.815347
0.797579
0.764635
0.720457
0.669238
0.615823
0.562538
0.511011
0.461471
0.414319
0.370181
0.328443
0.289168
0.251785
0.215884
0.180486
0.14667
0.114166
0.083094
0.0533581
0.0271572
0.0194018
0.0423461
0.0672414
0.0930069
0.117588
0.140893
0.162883
0.185179
0.207761
0.229802
0.251061
0.271682
0.291709
0.311319
0.33046
0.349249
0.367635
0.385694
0.403409
0.420827
0.437962
0.454831
0.471454
0.487833
0.503999
0.519951
0.535717
0.551285
0.566689
0.581902
0.596975
0.61187
0.626644
0.641247
0.655733
0.670057
0.684255
0.698316
0.712219
0.726026
0.739622
0.753167
0.766458
0.779709
0.792718
0.805619
0.818335
0.83081
0.843123
0.855061
0.86671
0.877834
0.888296
0.897865
0.90603
0.912301
0.916748
1.00136
0.899121
0.674165
0.415974
0.334671
0.200556
0.0811935
0.104742
0.187341
0.259254
0.308111
0.342854
0.375553
0.412107
0.450433
0.486494
0.518099
0.54678
0.574653
0.597849
0.60863
0.610041
0.6024
0.580416
0.543784
0.494991
0.441096
0.386515
0.333603
0.283648
0.236453
0.192295
0.152108
0.115143
0.0821789
0.0552324
0.0422237
0.0524339
0.0743099
0.0995835
0.125506
0.150929
0.175741
0.199184
0.221723
0.244159
0.266367
0.288127
0.308883
0.328669
0.348514
0.368711
0.388482
0.407545
0.425982
0.44401
0.461622
0.478943
0.495874
0.51255
0.528868
0.544975
0.560758
0.576363
0.591677
0.606837
0.621738
0.636509
0.65105
0.665474
0.679706
0.693816
0.707771
0.72159
0.735295
0.748833
0.762309
0.775569
0.788836
0.801811
0.814882
0.827562
0.840438
0.852826
0.865479
0.877596
0.889977
0.901844
0.9139
0.925492
0.937169
0.948374
0.959577
0.970162
0.980634
0.990169
0.999324
1.00682
1.01282
1.01665
1.01242
0.990532
0.898455
0.78056
0.680523
0.568813
0.456679
0.35041
0.259005
0.177472
0.106704
0.0615001
0.100508
0.150287
0.195953
0.23636
0.271176
0.30058
0.327624
0.352675
0.365882
0.364213
0.350898
0.328475
0.290657
0.241225
0.193582
0.149449
0.113533
0.0910069
0.0860091
0.0982112
0.119198
0.144233
0.170595
0.19676
0.22216
0.246312
0.269861
0.29306
0.315775
0.337792
0.359134
0.379541
0.399316
0.418599
0.437635
0.456279
0.474188
0.49118
0.508064
0.525353
0.542582
0.559145
0.575201
0.590841
0.606216
0.621281
0.636163
0.650732
0.665174
0.679273
0.693309
0.706985
0.720679
0.733993
0.747408
0.760396
0.773568
0.786256
0.799213
0.811631
0.824399
0.836578
0.849174
0.861144
0.873574
0.885354
0.897618
0.909207
0.921296
0.932689
0.944592
0.955802
0.967483
0.978564
0.989959
1.00095
1.01202
1.02288
1.03358
1.04419
1.05449
1.06471
1.07446
1.08391
1.09242
1.10004
1.10561
1.10967
1.03624
1.05809
1.03272
0.97429
0.906223
0.827014
0.741482
0.656428
0.576847
0.500946
0.425564
0.353658
0.28804
0.23038
0.176814
0.128357
0.0856038
0.0549692
0.0546605
0.0737064
0.0982573
0.103175
0.0752782
0.0666723
0.0826807
0.122809
0.156159
0.191204
0.224522
0.254928
0.282313
0.307674
0.331915
0.355401
0.378244
0.400145
0.421269
0.441371
0.460907
0.479923
0.498531
0.516567
0.534107
0.550977
0.567436
0.58344
0.599315
0.614831
0.629968
0.644148
0.658172
0.6724
0.687136
0.701236
0.715089
0.728346
0.741649
0.754485
0.76748
0.779979
0.792675
0.804863
0.8173
0.82923
0.841434
0.85314
0.865124
0.876643
0.888424
0.899793
0.911381
0.922628
0.934025
0.945166
0.956374
0.967414
0.978436
0.989369
1.00021
1.01102
1.02167
1.03236
1.04278
1.05336
1.06354
1.074
1.08393
1.09427
1.10398
1.11413
1.12367
1.13365
1.14306
1.15263
1.16158
1.17026
1.17819
1.18511
1.19048
1.19382
1.05127
1.09706
1.10564
1.08564
1.04816
0.999295
0.941103
0.879104
0.817767
0.756472
0.694676
0.6321
0.573403
0.519285
0.4677
0.418033
0.369844
0.323949
0.281415
0.245296
0.217297
0.2074
0.226789
0.261407
0.308136
0.355606
0.396435
0.430503
0.459032
0.482989
0.503733
0.522467
0.539971
0.556905
0.573321
0.58933
0.604824
0.619842
0.634471
0.648847
0.662936
0.67673
0.69018
0.703265
0.716059
0.728585
0.741038
0.753344
0.765449
0.776875
0.788041
0.799305
0.811243
0.823058
0.834647
0.845799
0.856894
0.867741
0.878626
0.889327
0.90007
0.910667
0.921288
0.9318
0.942302
0.95274
0.963137
0.973515
0.983828
0.994149
1.0044
1.01466
1.02488
1.03508
1.0453
1.05542
1.06565
1.07567
1.08588
1.09579
1.10596
1.11575
1.12584
1.13553
1.1455
1.15509
1.16494
1.1745
1.18433
1.19388
1.20363
1.21295
1.22242
1.23134
1.24033
1.24856
1.25656
1.26333
1.26887
1.27221
1.05949
1.11542
1.14525
1.15003
1.13769
1.1121
1.07731
1.03617
0.992334
0.947285
0.900373
0.85323
0.805739
0.759618
0.714261
0.669792
0.625112
0.581377
0.540447
0.50504
0.479119
0.469721
0.480099
0.507621
0.545769
0.588282
0.627113
0.657928
0.67993
0.695756
0.707962
0.718439
0.728361
0.738117
0.748049
0.757844
0.767685
0.777216
0.786747
0.796048
0.805477
0.814759
0.82413
0.833315
0.842575
0.85169
0.860983
0.870226
0.879615
0.888512
0.897183
0.905794
0.915189
0.924828
0.934516
0.943835
0.953206
0.962327
0.971626
0.98073
0.990049
0.999159
1.00851
1.01763
1.02701
1.03616
1.04557
1.05474
1.06416
1.07337
1.0828
1.09204
1.10148
1.11075
1.12019
1.12947
1.13888
1.14814
1.15749
1.16673
1.17598
1.1852
1.19433
1.20354
1.21255
1.22189
1.23087
1.24027
1.24908
1.25844
1.26708
1.27632
1.28474
1.29371
1.30176
1.31017
1.31747
1.3246
1.32986
1.33362
1.06397
1.12381
1.16473
1.18695
1.1924
1.18556
1.16871
1.1452
1.11699
1.08642
1.05378
1.01964
0.984414
0.94827
0.911647
0.873496
0.833975
0.792487
0.752063
0.715733
0.688219
0.67243
0.675027
0.69981
0.73934
0.783202
0.822127
0.854015
0.875007
0.885274
0.888399
0.889275
0.889671
0.89128
0.893925
0.897498
0.901614
0.906088
0.910872
0.915868
0.92121
0.926694
0.932502
0.938415
0.944656
0.950981
0.957654
0.964405
0.971573
0.978489
0.985225
0.991852
0.999174
1.00704
1.01523
1.02324
1.0313
1.03925
1.04732
1.05538
1.06353
1.07174
1.07996
1.08832
1.09661
1.10511
1.11348
1.1221
1.13055
1.13926
1.14778
1.15656
1.16519
1.17404
1.18279
1.1917
1.20054
1.2095
1.21838
1.22736
1.23622
1.24524
1.25412
1.26324
1.2721
1.2812
1.28996
1.29897
1.30764
1.3165
1.32508
1.33371
1.34214
1.35044
1.35857
1.36632
1.37377
1.38036
1.38593
1.38918
1.06768
1.1271
1.17382
1.20601
1.22472
1.23138
1.22891
1.21919
1.20465
1.18637
1.16554
1.1427
1.11759
1.09144
1.06281
1.03156
0.995944
0.956303
0.917098
0.879945
0.845045
0.819748
0.819354
0.844513
0.884491
0.930427
0.972049
1.00411
1.02692
1.03897
1.03921
1.0326
1.024
1.01702
1.01243
1.01036
1.00989
1.01067
1.01212
1.01406
1.01653
1.01931
1.02257
1.02614
1.03015
1.03446
1.03918
1.04419
1.04965
1.0552
1.06059
1.06588
1.07153
1.07786
1.0847
1.0916
1.09851
1.10548
1.11246
1.11959
1.12674
1.13407
1.14142
1.14892
1.15645
1.16409
1.17181
1.17958
1.18749
1.1954
1.20349
1.21154
1.21978
1.22796
1.23634
1.24463
1.25309
1.26146
1.26997
1.27841
1.28703
1.29552
1.30414
1.31262
1.32119
1.32969
1.33821
1.34671
1.35515
1.36365
1.372
1.38043
1.38864
1.3969
1.40487
1.41275
1.42014
1.42706
1.43276
1.43644
1.07247
1.12914
1.17764
1.21561
1.2426
1.25932
1.26746
1.26848
1.26444
1.25685
1.24554
1.23225
1.21615
1.19754
1.17615
1.14873
1.11544
1.07818
1.03952
0.995496
0.946898
0.9183
0.922956
0.949565
0.988942
1.03606
1.08186
1.11556
1.13952
1.15511
1.16126
1.15759
1.14626
1.13249
1.12034
1.11127
1.10508
1.10136
1.0993
1.09839
1.09823
1.09862
1.09959
1.10092
1.10283
1.10503
1.10779
1.1109
1.11462
1.11863
1.12278
1.12671
1.13087
1.13563
1.14115
1.14693
1.15294
1.15902
1.16526
1.17152
1.17798
1.18447
1.19121
1.19797
1.20498
1.212
1.21925
1.22649
1.23393
1.24138
1.249
1.25664
1.26447
1.27227
1.28029
1.28823
1.29639
1.30447
1.3128
1.32099
1.3293
1.33756
1.34583
1.35418
1.36238
1.37081
1.37894
1.3874
1.39545
1.40386
1.41184
1.42014
1.42803
1.43614
1.44386
1.45162
1.45889
1.4658
1.47159
1.47531
1.07868
1.13136
1.17949
1.21972
1.25194
1.27527
1.29119
1.30049
1.30456
1.30476
1.30167
1.29567
1.28683
1.27427
1.25661
1.23105
1.19927
1.16435
1.12034
1.06144
1.00537
0.984568
0.994343
1.02107
1.06194
1.11193
1.15945
1.19578
1.22015
1.23655
1.24693
1.24978
1.24537
1.23312
1.21642
1.20035
1.18671
1.17668
1.16956
1.16487
1.16178
1.15986
1.15884
1.15833
1.15849
1.15914
1.16031
1.16206
1.16436
1.16717
1.17034
1.17341
1.17661
1.18016
1.18452
1.18941
1.19463
1.19999
1.20553
1.21121
1.21702
1.22301
1.2291
1.23542
1.24181
1.24845
1.25513
1.26204
1.26901
1.27617
1.28343
1.29082
1.29836
1.30598
1.31372
1.32156
1.32949
1.33751
1.34548
1.35362
1.36161
1.36985
1.37787
1.38618
1.39422
1.40256
1.41059
1.41894
1.42696
1.43527
1.44324
1.45148
1.45937
1.46747
1.4752
1.48302
1.49034
1.4974
1.50333
1.50725
1.08701
1.13508
1.18113
1.22202
1.25634
1.28421
1.30507
1.3206
1.33069
1.3373
1.33997
1.33979
1.33588
1.3271
1.30956
1.28485
1.25549
1.21571
1.15883
1.08605
1.03559
1.02705
1.04168
1.07038
1.11442
1.16518
1.21087
1.24799
1.27519
1.29356
1.30566
1.31347
1.31576
1.31212
1.30144
1.28495
1.26676
1.25019
1.23674
1.22669
1.21967
1.21505
1.21207
1.21023
1.20911
1.20863
1.20865
1.20925
1.21039
1.21208
1.21431
1.2168
1.21924
1.22191
1.22517
1.22928
1.23381
1.23866
1.24362
1.24888
1.25421
1.25983
1.2655
1.27145
1.27747
1.28374
1.29011
1.29668
1.30339
1.31024
1.31728
1.3244
1.33173
1.33907
1.34665
1.35422
1.36192
1.36958
1.37736
1.38514
1.39301
1.4009
1.40884
1.41681
1.42478
1.43283
1.4408
1.44888
1.45683
1.46491
1.47281
1.48084
1.48868
1.49659
1.50429
1.51197
1.51931
1.52631
1.53237
1.53629
1.09741
1.1409
1.18377
1.22386
1.25893
1.28884
1.31317
1.33247
1.34713
1.35795
1.36526
1.36854
1.36743
1.35808
1.34039
1.31623
1.28363
1.23222
1.1551
1.08239
1.05281
1.0558
1.07316
1.10644
1.15236
1.20034
1.24276
1.27861
1.30741
1.32966
1.34515
1.35558
1.36276
1.36505
1.36265
1.35474
1.34032
1.32162
1.303
1.28656
1.27363
1.26422
1.25783
1.25359
1.25088
1.24913
1.24817
1.24771
1.24788
1.24858
1.24988
1.25169
1.25377
1.25587
1.25837
1.26154
1.26552
1.2698
1.27441
1.27917
1.28418
1.28934
1.29473
1.30028
1.30607
1.312
1.31816
1.32444
1.33098
1.33759
1.34448
1.35141
1.35862
1.36586
1.3733
1.3807
1.38825
1.39582
1.40345
1.4112
1.41889
1.4268
1.43453
1.44257
1.45035
1.45846
1.46627
1.47441
1.48224
1.49035
1.49817
1.50621
1.51398
1.52191
1.52954
1.53726
1.54456
1.55165
1.55777
1.56183
1.10972
1.14905
1.1884
1.22629
1.26114
1.29176
1.31784
1.33966
1.35716
1.37076
1.38071
1.38571
1.38346
1.37186
1.35341
1.32608
1.28237
1.20901
1.12364
1.07299
1.0634
1.07293
1.09581
1.13402
1.17924
1.22209
1.26016
1.29375
1.32256
1.34721
1.36695
1.38215
1.3924
1.39921
1.40244
1.40216
1.39708
1.38563
1.36875
1.34947
1.33141
1.31622
1.30461
1.29629
1.29069
1.28714
1.28495
1.2837
1.28312
1.28307
1.28363
1.28476
1.28635
1.28814
1.28998
1.2923
1.29532
1.29911
1.30319
1.30762
1.31221
1.31711
1.32214
1.32744
1.33287
1.33857
1.34441
1.35048
1.35672
1.36315
1.36976
1.37656
1.38351
1.39054
1.39766
1.40489
1.41217
1.4196
1.42703
1.43463
1.44219
1.44992
1.45759
1.46543
1.47318
1.4811
1.48889
1.49687
1.50466
1.51266
1.52042
1.52839
1.53608
1.54396
1.55152
1.5592
1.56646
1.57354
1.57968
1.58377
1.12421
1.15911
1.19509
1.23025
1.26353
1.29398
1.32071
1.34356
1.36297
1.37759
1.3883
1.39157
1.38521
1.37133
1.34934
1.31133
1.2456
1.15672
1.08892
1.06713
1.07104
1.08507
1.11399
1.15435
1.1952
1.23292
1.26709
1.29841
1.32671
1.35243
1.37485
1.39412
1.40958
1.42098
1.42809
1.43255
1.43379
1.4315
1.42377
1.4099
1.39188
1.37333
1.35624
1.34221
1.33175
1.32454
1.32003
1.3173
1.31583
1.31512
1.31507
1.31561
1.31669
1.31821
1.3198
1.32157
1.32378
1.32682
1.3305
1.33459
1.33895
1.34359
1.34845
1.35352
1.35881
1.36425
1.36994
1.37577
1.38188
1.3881
1.39463
1.40124
1.40805
1.4149
1.4219
1.42899
1.43617
1.44348
1.45081
1.45831
1.46577
1.47342
1.48097
1.48874
1.49638
1.50423
1.51192
1.5198
1.52751
1.53539
1.54308
1.55092
1.55854
1.56629
1.57378
1.58134
1.58853
1.59553
1.60166
1.60573
1.14037
1.17146
1.20365
1.23621
1.26728
1.2966
1.3231
1.34614
1.36562
1.38039
1.38862
1.38647
1.37568
1.35798
1.32537
1.26631
1.17813
1.10126
1.0686
1.06616
1.07489
1.09638
1.12985
1.16736
1.20281
1.23588
1.26689
1.29624
1.32401
1.35011
1.37422
1.39605
1.41514
1.43127
1.44395
1.45263
1.45777
1.46093
1.46113
1.45709
1.44737
1.43188
1.41361
1.39536
1.3794
1.36669
1.3577
1.35176
1.34828
1.34641
1.34571
1.34575
1.34634
1.34747
1.34883
1.35029
1.35184
1.35399
1.35693
1.36057
1.36455
1.36887
1.37343
1.37823
1.38324
1.38847
1.39389
1.39952
1.40538
1.41145
1.41774
1.42413
1.43068
1.43734
1.44413
1.45104
1.45804
1.46518
1.47235
1.4797
1.48703
1.49454
1.50199
1.50963
1.51718
1.52492
1.53251
1.54031
1.54792
1.55574
1.56333
1.57112
1.57864
1.58634
1.59373
1.60123
1.60833
1.61526
1.62132
1.62539
1.15703
1.18483
1.21356
1.2432
1.27221
1.29986
1.32538
1.34762
1.36571
1.37827
1.37965
1.37174
1.35676
1.32836
1.27516
1.18964
1.10769
1.0668
1.05905
1.06483
1.08085
1.10871
1.14196
1.17415
1.20464
1.23392
1.26254
1.2905
1.31777
1.34396
1.36895
1.39225
1.41373
1.43302
1.44981
1.46381
1.4744
1.48108
1.48554
1.48789
1.48724
1.48145
1.46952
1.45308
1.43494
1.41764
1.40296
1.3918
1.38411
1.37947
1.37701
1.3761
1.37611
1.3768
1.37791
1.37927
1.38058
1.38215
1.3843
1.38732
1.39092
1.39491
1.39919
1.40375
1.40854
1.41353
1.41876
1.42416
1.42986
1.43571
1.4418
1.44795
1.45433
1.46078
1.46742
1.47416
1.48102
1.48802
1.49506
1.5023
1.50949
1.5169
1.52421
1.53175
1.53914
1.54676
1.5542
1.56185
1.56931
1.57696
1.5844
1.592
1.59936
1.60688
1.61409
1.62141
1.62833
1.63508
1.64099
1.64495
1.17351
1.19909
1.2251
1.25181
1.2787
1.30425
1.32809
1.34834
1.36323
1.3683
1.36273
1.34936
1.32409
1.27537
1.19349
1.10944
1.06291
1.05138
1.05494
1.06668
1.08972
1.11932
1.14836
1.17602
1.20294
1.22976
1.25668
1.28352
1.31018
1.33615
1.36154
1.38561
1.40865
1.43
1.44969
1.46734
1.4825
1.49489
1.50365
1.50935
1.51371
1.51528
1.51337
1.50561
1.4922
1.47515
1.45738
1.44094
1.42763
1.41793
1.4118
1.40833
1.40692
1.40669
1.40737
1.40854
1.40973
1.411
1.41251
1.41476
1.41773
1.42124
1.42512
1.42933
1.43384
1.43858
1.4436
1.44879
1.45431
1.45992
1.46578
1.47172
1.47789
1.48415
1.49058
1.49715
1.5038
1.51065
1.51749
1.52458
1.53159
1.53885
1.54599
1.55338
1.56062
1.56807
1.57537
1.58285
1.59018
1.59766
1.60496
1.6124
1.61962
1.62697
1.63403
1.64115
1.64789
1.65442
1.66013
1.66397
1.18998
1.214
1.23786
1.26204
1.28629
1.3096
1.33037
1.3471
1.35473
1.35111
1.33872
1.31558
1.27041
1.19204
1.10762
1.05755
1.04328
1.04538
1.0541
1.07342
1.10007
1.1264
1.15122
1.17559
1.20001
1.22519
1.25074
1.27668
1.30264
1.32841
1.35375
1.3784
1.40222
1.42499
1.44649
1.46667
1.48493
1.50136
1.51513
1.52585
1.53357
1.53911
1.54294
1.5438
1.54047
1.53103
1.51616
1.49873
1.4812
1.46582
1.45382
1.44558
1.4406
1.43829
1.43763
1.43826
1.43933
1.44051
1.44172
1.44338
1.44571
1.4487
1.45214
1.45596
1.46014
1.46458
1.46935
1.47435
1.47964
1.48501
1.49065
1.49635
1.50228
1.5083
1.51451
1.52086
1.52731
1.53397
1.54064
1.54754
1.55439
1.56148
1.56848
1.57569
1.58279
1.59006
1.59721
1.60449
1.61164
1.61891
1.62601
1.63323
1.64024
1.64735
1.65417
1.66104
1.66749
1.67374
1.67911
1.68276
1.20655
1.22942
1.25171
1.27364
1.29542
1.31548
1.33214
1.34112
1.33862
1.32662
1.30481
1.26229
1.18712
1.10345
1.05127
1.03511
1.03625
1.04341
1.06069
1.08514
1.10885
1.13118
1.15278
1.17491
1.19776
1.22162
1.24611
1.27128
1.29657
1.32203
1.34712
1.37199
1.39617
1.41984
1.44252
1.46427
1.48463
1.50359
1.52069
1.53577
1.5482
1.55768
1.56508
1.57057
1.57351
1.57353
1.56848
1.5571
1.54122
1.52356
1.50658
1.49206
1.48132
1.47429
1.4706
1.46922
1.46958
1.47062
1.47169
1.47297
1.47472
1.47711
1.48
1.48332
1.48706
1.49111
1.49559
1.5003
1.50532
1.51044
1.51584
1.52131
1.52702
1.53285
1.53885
1.54502
1.55129
1.55775
1.56422
1.57092
1.57756
1.58442
1.59121
1.5982
1.6051
1.61217
1.61913
1.62622
1.63319
1.64027
1.64718
1.65417
1.66095
1.66779
1.67431
1.68086
1.68692
1.69276
1.69764
1.70099
1.22189
1.2451
1.26616
1.28609
1.30445
1.32026
1.32949
1.32721
1.31497
1.29364
1.25257
1.1794
1.09686
1.04417
1.02724
1.02782
1.03453
1.05129
1.0743
1.09618
1.11599
1.13516
1.15471
1.17537
1.19714
1.22002
1.24374
1.2681
1.29281
1.31772
1.34257
1.3674
1.39169
1.41581
1.43893
1.46165
1.48311
1.50383
1.52308
1.54107
1.55717
1.57119
1.5824
1.59135
1.59838
1.60342
1.60544
1.60428
1.59737
1.58416
1.56744
1.54938
1.53285
1.51944
1.50998
1.50437
1.50184
1.50147
1.50229
1.5033
1.50456
1.50641
1.50888
1.51173
1.515
1.51858
1.52267
1.52699
1.53172
1.53656
1.54173
1.54698
1.55248
1.55807
1.56385
1.56977
1.57581
1.58205
1.58831
1.59481
1.60125
1.60792
1.61449
1.62129
1.62796
1.63482
1.64156
1.64842
1.65517
1.66199
1.66867
1.67538
1.68188
1.68838
1.69454
1.70064
1.70617
1.71142
1.71556
1.71842
1.24048
1.25968
1.28086
1.29841
1.31304
1.32126
1.31843
1.30546
1.28369
1.24257
1.16987
1.08815
1.0361
1.01919
1.01985
1.02698
1.04396
1.06648
1.08703
1.10527
1.1223
1.13967
1.15803
1.17776
1.19871
1.22079
1.24377
1.26735
1.29146
1.31576
1.3403
1.36467
1.38901
1.41291
1.43649
1.45948
1.48185
1.5035
1.52421
1.54399
1.56244
1.5794
1.59459
1.60744
1.61774
1.62641
1.6331
1.63737
1.63841
1.63572
1.62668
1.61187
1.5943
1.5762
1.56026
1.54801
1.53985
1.53548
1.53406
1.53442
1.53528
1.53649
1.53838
1.54088
1.54376
1.54693
1.55057
1.55446
1.55877
1.56328
1.56812
1.5731
1.57832
1.58368
1.58921
1.59492
1.6007
1.60674
1.61275
1.61905
1.62526
1.63174
1.63811
1.64468
1.65117
1.65776
1.66431
1.67088
1.67741
1.68392
1.69034
1.6967
1.70287
1.70895
1.71466
1.72018
1.72503
1.72944
1.73253
1.73473
1.25876
1.27421
1.29321
1.30858
1.31693
1.31318
1.2989
1.27572
1.23329
1.15932
1.07756
1.02659
1.01045
1.01194
1.02071
1.03865
1.061
1.08097
1.098
1.11359
1.12909
1.14552
1.16321
1.18226
1.20257
1.2239
1.24617
1.26902
1.2925
1.3162
1.34028
1.36421
1.38832
1.41198
1.43565
1.45862
1.48151
1.50351
1.52527
1.54587
1.56594
1.58469
1.60242
1.61835
1.63272
1.64436
1.65439
1.6627
1.66859
1.67149
1.67169
1.6672
1.65595
1.63983
1.62143
1.60368
1.58841
1.57731
1.57053
1.5674
1.56693
1.56761
1.56864
1.57029
1.57282
1.57573
1.57906
1.58252
1.58641
1.59046
1.59493
1.59957
1.60451
1.60963
1.61491
1.62041
1.62596
1.63177
1.63755
1.64359
1.64957
1.65577
1.6619
1.66821
1.67446
1.68084
1.68715
1.69351
1.69979
1.70604
1.71215
1.71817
1.72391
1.72949
1.73453
1.73925
1.74302
1.74618
1.74797
1.74959
1.28256
1.28933
1.3026
1.31447
1.31151
1.29569
1.27057
1.22541
1.14814
1.06548
1.01626
1.00118
1.00365
1.01509
1.03514
1.05767
1.07726
1.09365
1.1082
1.12238
1.13726
1.15324
1.1706
1.18911
1.20889
1.2295
1.2511
1.2732
1.296
1.31904
1.3425
1.36589
1.38955
1.41282
1.43631
1.45916
1.48217
1.50434
1.5265
1.5477
1.56867
1.58853
1.60785
1.62576
1.64278
1.65779
1.67119
1.6821
1.69179
1.6994
1.70441
1.70607
1.70492
1.69832
1.68523
1.66783
1.6488
1.63113
1.61685
1.60703
1.60154
1.59964
1.59982
1.60048
1.60184
1.60425
1.60741
1.61073
1.61433
1.61803
1.62211
1.62637
1.63097
1.63573
1.64075
1.64591
1.65125
1.65675
1.66233
1.66813
1.67389
1.6799
1.6858
1.69192
1.69792
1.70402
1.71007
1.71608
1.72205
1.72789
1.73363
1.73912
1.74434
1.74918
1.75338
1.75691
1.75927
1.76111
1.76162
1.76248
1.30573
1.30398
1.30988
1.31011
1.29507
1.26727
1.21769
1.13586
1.05119
1.00393
0.990616
0.994342
1.00919
1.03251
1.05584
1.07531
1.0913
1.10501
1.11829
1.13184
1.14663
1.16247
1.17967
1.19786
1.21713
1.2372
1.25804
1.27957
1.30153
1.32409
1.34669
1.36981
1.39264
1.41587
1.43866
1.46165
1.48417
1.50665
1.52861
1.55038
1.57148
1.59224
1.6122
1.63159
1.64986
1.66735
1.68312
1.69762
1.7097
1.72034
1.72948
1.7362
1.73997
1.74045
1.73749
1.72841
1.71334
1.69471
1.6754
1.65814
1.64497
1.63649
1.63241
1.63146
1.63187
1.63291
1.63513
1.63812
1.64153
1.64507
1.64893
1.65293
1.65719
1.66173
1.66638
1.67142
1.67638
1.6818
1.687
1.69266
1.69809
1.70386
1.70951
1.71532
1.72113
1.72691
1.73274
1.73839
1.74407
1.74946
1.75474
1.7596
1.76406
1.76787
1.77071
1.77258
1.77351
1.77336
1.772
1.77206
1.33853
1.32151
1.31253
1.29603
1.26397
1.20642
1.11957
1.03455
0.990828
0.98
0.9852
1.00366
1.03017
1.05455
1.07427
1.0899
1.10332
1.11593
1.12891
1.1427
1.15764
1.17355
1.19057
1.20845
1.22724
1.24679
1.26702
1.28795
1.30928
1.33119
1.35322
1.37566
1.39798
1.42065
1.44294
1.46561
1.48764
1.51011
1.53169
1.5537
1.57466
1.59596
1.61613
1.63633
1.65547
1.67415
1.69165
1.70833
1.72313
1.73674
1.74774
1.75821
1.76611
1.77166
1.77316
1.77272
1.76786
1.75609
1.73896
1.71919
1.69983
1.68337
1.67159
1.66452
1.66192
1.66184
1.66238
1.66399
1.66697
1.67049
1.67436
1.67826
1.68227
1.68654
1.69086
1.69562
1.70035
1.70552
1.71061
1.71603
1.72141
1.72697
1.73253
1.73815
1.74379
1.74934
1.7549
1.76025
1.76548
1.77043
1.77493
1.77904
1.7822
1.78454
1.78554
1.78569
1.78448
1.78199
1.77771
1.77581
1.38072
1.33625
1.30569
1.26138
1.18948
1.09634
1.01631
0.977886
0.97087
0.978238
1.00038
1.02946
1.05475
1.07465
1.09011
1.10308
1.11518
1.12762
1.14076
1.15494
1.17002
1.18609
1.20294
1.22069
1.23909
1.25824
1.27797
1.29824
1.31905
1.34015
1.3617
1.38333
1.40523
1.42713
1.44911
1.47105
1.49294
1.51468
1.53634
1.55766
1.57894
1.5997
1.62036
1.64039
1.66016
1.67914
1.69771
1.71524
1.73206
1.74739
1.76148
1.77332
1.78421
1.79321
1.80022
1.80355
1.80381
1.80138
1.79384
1.77979
1.76085
1.7403
1.72106
1.70582
1.6955
1.69036
1.68892
1.68924
1.69048
1.6931
1.69684
1.70073
1.70489
1.70907
1.71345
1.71792
1.72263
1.72747
1.73253
1.73769
1.74298
1.74832
1.75372
1.75911
1.76454
1.76984
1.77507
1.78007
1.78476
1.78907
1.79268
1.79554
1.79704
1.79749
1.79678
1.79471
1.79124
1.78473
1.77371
1.76778
1.46309
1.34685
1.27144
1.17555
1.06482
0.986113
0.956732
0.956682
0.971326
0.998408
1.02867
1.05468
1.07501
1.09036
1.10296
1.1147
1.12674
1.13963
1.15349
1.16828
1.18384
1.20016
1.21703
1.23453
1.25255
1.27113
1.29021
1.30981
1.32988
1.35043
1.37135
1.3925
1.41378
1.43504
1.45644
1.47775
1.49911
1.52034
1.54146
1.56237
1.58315
1.60356
1.62395
1.6438
1.66356
1.68272
1.70149
1.71965
1.737
1.75363
1.76901
1.78325
1.79571
1.80662
1.81642
1.82416
1.82918
1.83024
1.82912
1.82454
1.81416
1.79755
1.77712
1.75626
1.73778
1.72434
1.71605
1.71305
1.71291
1.71377
1.71596
1.71956
1.7239
1.72839
1.73292
1.73748
1.74216
1.74697
1.7519
1.75704
1.76222
1.76756
1.77287
1.77817
1.78343
1.78854
1.79347
1.79801
1.80208
1.80541
1.80765
1.80861
1.80825
1.80679
1.80412
1.79875
1.79
1.77653
1.75702
1.74615
1.62476
1.35441
1.18382
1.03193
0.94497
0.923104
0.932008
0.959632
0.99576
1.02707
1.05348
1.07406
1.08922
1.10147
1.11301
1.12495
1.13787
1.15171
1.16645
1.18183
1.19785
1.21437
1.23132
1.24864
1.26644
1.28469
1.30342
1.32264
1.34225
1.36218
1.38224
1.40255
1.42285
1.44334
1.4638
1.48436
1.50488
1.52535
1.54581
1.56609
1.58637
1.60632
1.62623
1.64567
1.66503
1.68388
1.7024
1.72048
1.73785
1.75483
1.77073
1.78602
1.7999
1.81262
1.82355
1.83359
1.84191
1.84835
1.85049
1.84982
1.84695
1.83999
1.82681
1.80766
1.78639
1.7657
1.74905
1.7379
1.73274
1.73148
1.73236
1.7343
1.73769
1.74239
1.74714
1.75225
1.75719
1.76235
1.76734
1.77257
1.77774
1.78307
1.78836
1.79361
1.79873
1.80351
1.80804
1.81184
1.81499
1.81675
1.81718
1.81636
1.81442
1.81045
1.80366
1.79157
1.77455
1.75384
1.72877
1.71602
1.88173
1.31335
1.00707
0.880719
0.871373
0.893178
0.935201
0.98197
1.01855
1.04622
1.0672
1.08251
1.09461
1.10618
1.11839
1.13162
1.14583
1.16082
1.17639
1.19241
1.20881
1.22561
1.24282
1.2604
1.27828
1.29644
1.31484
1.33344
1.35222
1.37123
1.3904
1.40982
1.42944
1.44929
1.46909
1.48896
1.50878
1.52849
1.54821
1.56766
1.58715
1.60626
1.62539
1.64412
1.66273
1.68099
1.6989
1.71655
1.73354
1.75034
1.76623
1.78176
1.79628
1.80998
1.82241
1.83346
1.84325
1.85205
1.85877
1.86239
1.86266
1.86037
1.85528
1.84585
1.8297
1.80919
1.78724
1.76828
1.75427
1.74673
1.74413
1.74496
1.74682
1.75008
1.75489
1.76033
1.76603
1.77157
1.77714
1.7826
1.78806
1.7935
1.79885
1.80406
1.809
1.8134
1.81718
1.81993
1.82138
1.82122
1.82023
1.81768
1.81253
1.80287
1.78861
1.7685
1.74472
1.72037
1.69557
1.68474
1.99923
1.2223
0.765342
0.698053
0.760429
0.835889
0.911537
0.967837
1.00614
1.03322
1.05267
1.0677
1.08179
1.09627
1.11146
1.12738
1.1438
1.16061
1.17765
1.1949
1.21232
1.22995
1.24778
1.2658
1.28392
1.30211
1.32042
1.33882
1.3573
1.37587
1.39448
1.41319
1.4319
1.45067
1.46947
1.48821
1.50703
1.52567
1.54442
1.56293
1.58145
1.59978
1.61796
1.63597
1.65372
1.67125
1.68849
1.70541
1.72198
1.73816
1.75389
1.7691
1.78384
1.79765
1.81104
1.82292
1.83406
1.84361
1.85269
1.85972
1.86489
1.86586
1.86428
1.86077
1.85371
1.84106
1.82229
1.80046
1.77969
1.76333
1.75374
1.74962
1.74988
1.75221
1.75555
1.76051
1.76667
1.77314
1.7796
1.78588
1.79198
1.79783
1.80355
1.80877
1.81355
1.81741
1.82006
1.82125
1.82111
1.81963
1.81587
1.80838
1.79676
1.77877
1.75662
1.73134
1.70603
1.68425
1.66588
1.65936
2.01466
1.14985
0.559974
0.497161
0.608393
0.733078
0.830966
0.895531
0.939817
0.971656
0.996438
1.01859
1.03964
1.06029
1.08048
1.10042
1.12007
1.13957
1.15883
1.17797
1.19699
1.21592
1.23483
1.25367
1.27261
1.29131
1.31
1.32855
1.34713
1.36557
1.38405
1.40235
1.42073
1.43888
1.45717
1.47521
1.49341
1.5114
1.52941
1.54736
1.56506
1.5829
1.6002
1.61779
1.63465
1.65182
1.6682
1.68483
1.70062
1.71665
1.73168
1.74703
1.76114
1.77554
1.78859
1.80157
1.81324
1.82429
1.83393
1.84333
1.85076
1.85693
1.85909
1.8588
1.85572
1.85053
1.8411
1.825
1.80367
1.78257
1.76474
1.75324
1.74782
1.74756
1.75022
1.75432
1.75955
1.76628
1.77355
1.78071
1.78758
1.79394
1.79989
1.80488
1.809
1.81164
1.81303
1.81321
1.81123
1.8061
1.79717
1.78196
1.76186
1.73755
1.7119
1.68771
1.66753
1.65322
1.64331
1.64105
2.03454
1.09537
0.443727
0.336221
0.470147
0.611355
0.709388
0.778108
0.828978
0.869553
0.904737
0.936671
0.966101
0.993597
1.01946
1.0442
1.06784
1.09079
1.11307
1.13478
1.15594
1.17652
1.19675
1.21667
1.23653
1.25636
1.27603
1.29547
1.31478
1.33384
1.35278
1.37141
1.38999
1.40824
1.42653
1.44456
1.46265
1.48059
1.49846
1.51631
1.53391
1.55157
1.56885
1.58614
1.60303
1.61982
1.63621
1.65241
1.66823
1.68377
1.69897
1.71381
1.72819
1.7423
1.75574
1.76889
1.78148
1.79311
1.80448
1.81428
1.82405
1.83208
1.83862
1.84215
1.84262
1.84004
1.83626
1.82884
1.81668
1.79762
1.77684
1.75798
1.74526
1.73891
1.73803
1.74082
1.74597
1.75189
1.75889
1.76664
1.77443
1.78122
1.78721
1.79152
1.79462
1.79658
1.79635
1.79351
1.78718
1.77527
1.75796
1.73516
1.71003
1.68468
1.66267
1.64544
1.63365
1.62722
1.62343
1.62374
2.04102
1.09277
0.435462
0.289867
0.395393
0.510943
0.593805
0.656526
0.709138
0.755986
0.798402
0.837054
0.872327
0.904877
0.935108
0.963664
0.990828
1.01686
1.04194
1.06602
1.08936
1.11186
1.13385
1.15533
1.17653
1.19754
1.21837
1.23898
1.25919
1.27919
1.29876
1.31822
1.33732
1.35649
1.37537
1.39441
1.41316
1.43208
1.45064
1.46934
1.4876
1.50589
1.52374
1.54137
1.55877
1.57552
1.59243
1.60832
1.62462
1.63978
1.65537
1.66987
1.68482
1.69857
1.71301
1.72597
1.73983
1.75173
1.7647
1.7751
1.78658
1.79571
1.80478
1.81161
1.8166
1.81808
1.81718
1.814
1.80896
1.79998
1.78439
1.76499
1.74639
1.73321
1.726
1.72451
1.72651
1.73204
1.73831
1.74547
1.75248
1.75932
1.76456
1.76849
1.77071
1.77023
1.7665
1.75823
1.74382
1.72378
1.6995
1.67416
1.65025
1.63095
1.61656
1.60777
1.60275
1.60108
1.60003
1.60135
2.04307
1.09051
0.431255
0.284513
0.371561
0.461179
0.520841
0.568399
0.614111
0.658566
0.701037
0.740586
0.7774
0.81179
0.844175
0.874956
0.90435
0.932404
0.959363
0.985067
1.00994
1.03379
1.05708
1.07965
1.10187
1.12366
1.14526
1.16658
1.18766
1.20862
1.22948
1.2503
1.27106
1.29178
1.3124
1.3329
1.35321
1.37333
1.39317
1.41272
1.43192
1.45075
1.46917
1.48718
1.50477
1.52196
1.53873
1.55519
1.57122
1.58712
1.60248
1.61806
1.63287
1.64803
1.6625
1.67699
1.69108
1.70447
1.71776
1.73018
1.74218
1.75339
1.76353
1.77384
1.78142
1.78938
1.79331
1.79592
1.79517
1.79252
1.78644
1.77441
1.75617
1.73804
1.72356
1.71439
1.71143
1.71166
1.71529
1.72016
1.72584
1.7306
1.73367
1.73508
1.73416
1.72945
1.71906
1.70235
1.68001
1.6553
1.63035
1.60886
1.59184
1.58041
1.57331
1.56988
1.56842
1.56823
1.56786
1.56958
2.04871
1.09912
0.438338
0.292003
0.374178
0.452187
0.494966
0.52664
0.559586
0.595337
0.631518
0.667325
0.701631
0.734911
0.766636
0.797298
0.826568
0.854739
0.881687
0.90766
0.932651
0.956961
0.98054
1.00378
1.02651
1.0492
1.07154
1.09402
1.11628
1.1386
1.16078
1.18292
1.20493
1.22677
1.24845
1.26982
1.29095
1.31165
1.33205
1.35193
1.37152
1.39052
1.40934
1.42757
1.44576
1.46342
1.48116
1.49841
1.51575
1.5327
1.54959
1.56612
1.58237
1.59838
1.6139
1.62917
1.6439
1.65839
1.67265
1.68644
1.70028
1.71394
1.72753
1.74113
1.75354
1.76516
1.77498
1.78143
1.78582
1.78595
1.78483
1.78015
1.77
1.75271
1.73399
1.71596
1.70457
1.69741
1.69527
1.69535
1.69675
1.69705
1.69591
1.69263
1.68511
1.67185
1.65241
1.62883
1.60335
1.5796
1.5597
1.54513
1.5354
1.52987
1.5269
1.52584
1.52533
1.52534
1.52498
1.52673
2.05487
1.109
0.444405
0.297281
0.380937
0.457966
0.494042
0.515695
0.538943
0.566264
0.595906
0.626264
0.656612
0.68659
0.715966
0.744378
0.771941
0.798321
0.82398
0.848647
0.872823
0.896358
0.919616
0.942571
0.965432
0.9882
1.01098
1.03374
1.0565
1.07917
1.1017
1.1241
1.14626
1.16823
1.18991
1.21133
1.23245
1.25329
1.27385
1.29416
1.31427
1.33415
1.35388
1.37341
1.39277
1.41194
1.43083
1.44948
1.46767
1.48561
1.50299
1.52025
1.537
1.55379
1.57008
1.58659
1.60289
1.61956
1.63606
1.65264
1.66902
1.68529
1.7011
1.71668
1.73127
1.74535
1.75746
1.76825
1.77573
1.77976
1.78007
1.77839
1.77396
1.76406
1.7465
1.72494
1.70445
1.68825
1.67656
1.66875
1.66268
1.65642
1.64847
1.63676
1.61947
1.59761
1.57254
1.54744
1.52485
1.50698
1.49409
1.48584
1.48098
1.47841
1.47725
1.47669
1.47677
1.4769
1.47678
1.47869
2.0607
1.11797
0.447837
0.298895
0.385916
0.46513
0.49959
0.516798
0.534948
0.557615
0.583228
0.610128
0.637362
0.664461
0.691393
0.717672
0.743439
0.76814
0.792172
0.815267
0.837948
0.860144
0.882289
0.904278
0.926446
0.948516
0.970829
0.992977
1.01527
1.03731
1.0593
1.08107
1.10271
1.1242
1.14557
1.16685
1.18807
1.20923
1.23034
1.2514
1.27236
1.29323
1.31389
1.33438
1.35455
1.37443
1.39394
1.4131
1.43201
1.45055
1.46896
1.48703
1.50507
1.52288
1.54077
1.55861
1.57652
1.59436
1.61222
1.62986
1.64743
1.6645
1.68133
1.69733
1.71297
1.7273
1.74091
1.7525
1.76261
1.76937
1.77268
1.77197
1.77011
1.76526
1.75453
1.73528
1.71136
1.68703
1.66506
1.6465
1.62975
1.61363
1.59514
1.5729
1.54725
1.52045
1.49504
1.47369
1.45733
1.44608
1.43881
1.43449
1.43194
1.43052
1.42986
1.42951
1.42974
1.42999
1.43007
1.43209
2.06517
1.12487
0.449014
0.298113
0.388727
0.47063
0.505103
0.520297
0.535951
0.556406
0.580168
0.605477
0.631313
0.657071
0.682602
0.707791
0.732479
0.756446
0.779473
0.801709
0.823249
0.844508
0.865635
0.886831
0.908168
0.929549
0.951062
0.972517
0.993982
1.01534
1.0366
1.05784
1.07895
1.10014
1.12126
1.14252
1.16376
1.18513
1.2065
1.22792
1.24928
1.27058
1.2917
1.31264
1.3333
1.35365
1.3737
1.39334
1.41277
1.43171
1.45064
1.46906
1.48765
1.50581
1.52419
1.5423
1.56049
1.57862
1.59654
1.61457
1.63203
1.64964
1.66635
1.68308
1.69874
1.714
1.72815
1.74112
1.75271
1.76211
1.76849
1.77096
1.77
1.7675
1.76149
1.74886
1.7266
1.69835
1.66727
1.63639
1.6058
1.57556
1.54426
1.51258
1.48204
1.45526
1.4337
1.41797
1.40721
1.40039
1.39608
1.39345
1.3917
1.39066
1.39008
1.38978
1.39002
1.3903
1.39047
1.39254
2.0683
1.12922
0.44911
0.296474
0.390222
0.474218
0.50905
0.523211
0.537453
0.556763
0.579743
0.604409
0.629744
0.655061
0.680114
0.70485
0.729145
0.752893
0.775619
0.797611
0.818666
0.839613
0.860215
0.881202
0.902084
0.923294
0.94436
0.965529
0.986559
1.00758
1.02852
1.04947
1.07041
1.0914
1.11244
1.13358
1.1548
1.17613
1.19751
1.21898
1.2404
1.26185
1.28306
1.30424
1.32496
1.34561
1.36566
1.3856
1.40497
1.42418
1.44303
1.46163
1.48023
1.49843
1.51695
1.53494
1.55345
1.57132
1.58966
1.60741
1.62527
1.64277
1.65972
1.67668
1.69236
1.70831
1.7224
1.73659
1.74848
1.75968
1.76792
1.77278
1.77338
1.7719
1.76809
1.75956
1.74212
1.71451
1.6782
1.63646
1.59161
1.54666
1.50382
1.46597
1.43471
1.41109
1.39427
1.38308
1.37569
1.37094
1.36767
1.3655
1.36393
1.36297
1.36242
1.3622
1.36246
1.36278
1.36293
1.36502
2.0695
1.13111
0.448799
0.295239
0.390758
0.475959
0.511076
0.524764
0.538316
0.55708
0.579725
0.604171
0.629326
0.654513
0.679441
0.704033
0.728214
0.751907
0.774592
0.796536
0.817477
0.83834
0.858811
0.879777
0.900567
0.921798
0.942768
0.963929
0.984847
1.00582
1.02669
1.04758
1.0685
1.08946
1.1105
1.13161
1.15281
1.17411
1.19548
1.21693
1.23835
1.25981
1.28103
1.30225
1.32299
1.34369
1.36372
1.38374
1.40303
1.42233
1.44105
1.45976
1.47821
1.49648
1.51492
1.53292
1.55142
1.56924
1.58768
1.60527
1.62337
1.64061
1.65794
1.67464
1.69071
1.70657
1.72098
1.73535
1.74768
1.7594
1.76853
1.77493
1.77666
1.77549
1.77248
1.76567
1.75142
1.72593
1.688
1.63977
1.5849
1.52972
1.47985
1.43963
1.40976
1.38915
1.37535
1.36643
1.36046
1.35649
1.35359
1.35159
1.35009
1.34916
1.34864
1.34841
1.34867
1.34899
1.34917
1.35128
)
;

boundaryField
{
    inlet
    {
        type            calculated;
        value           uniform 3.00001;
    }
    outlet
    {
        type            calculated;
        value           nonuniform List<scalar> 
40
(
0.916748
1.01665
1.10967
1.19382
1.27221
1.33362
1.38918
1.43644
1.47531
1.50725
1.53629
1.56183
1.58377
1.60573
1.62539
1.64495
1.66397
1.68276
1.70099
1.71842
1.73473
1.74959
1.76248
1.77206
1.77581
1.76778
1.74615
1.71602
1.68474
1.65936
1.64105
1.62374
1.60135
1.56958
1.52673
1.47869
1.43209
1.39254
1.36502
1.35128
)
;
    }
    top
    {
        type            symmetryPlane;
    }
    bottom
    {
        type            symmetryPlane;
    }
    obstacle
    {
        type            calculated;
        value           nonuniform List<scalar> 
110
(
0.0272668
0.0570823
0.0976259
0.139967
0.184191
0.233308
0.29072
0.362083
0.457797
0.619743
0.764132
0.735836
0.288789
0.275733
0.238485
0.370928
0.413717
0.438922
0.46943
0.508972
0.54709
0.580504
0.612597
0.645699
0.679121
0.7101
0.737892
0.763704
0.789557
0.808723
0.817434
0.820165
0.815347
0.797577
0.764623
0.720422
0.669169
0.615718
0.562401
0.510847
0.461283
0.414109
0.369951
0.328196
0.288896
0.251468
0.215489
0.179944
0.145946
0.11321
0.0817523
0.0511423
0.0219472
0.00899499
0.0394057
0.0657464
0.0920218
0.116879
0.140355
0.162458
0.18482
0.207444
0.229531
0.250832
0.271487
0.291541
0.311173
0.330333
0.349137
0.367536
0.385607
0.403332
0.420758
0.437901
0.454777
0.471405
0.48779
0.50396
0.519916
0.535685
0.551256
0.566664
0.581879
0.596954
0.611852
0.626627
0.641232
0.655719
0.670045
0.684245
0.698306
0.712211
0.726018
0.739615
0.753161
0.766453
0.779704
0.792714
0.805616
0.818332
0.830808
0.843122
0.85506
0.866709
0.877833
0.888295
0.897865
0.90603
0.912301
0.916747
)
;
    }
    frontAndBack
    {
        type            empty;
    }
}


// ************************************************************************* //
