/*--------------------------------*- C++ -*----------------------------------*\
  =========                 |
  \\      /  F ield         | OpenFOAM: The Open Source CFD Toolbox
   \\    /   O peration     | Website:  https://openfoam.org
    \\  /    A nd           | Version:  13
     \\/     M anipulation  |
\*---------------------------------------------------------------------------*/
FoamFile
{
    format      ascii;
    class       volScalarField;
    location    "7";
    object      p;
}
// * * * * * * * * * * * * * * * * * * * * * * * * * * * * * * * * * * * * * //

dimensions      [1 -1 -2 0 0 0 0];

internalField   nonuniform List<scalar> 
5250
(
1.00001
1.00003
1.0001
1.00024
1.00062
1.0015
1.00383
1.00909
1.02335
1.05612
1.14374
1.36853
2.0104
3.89332
9.18643
11.3989
11.1928
11.0713
11.154
11.3738
11.5962
11.7356
11.8429
11.9264
11.9913
1.00001
1.00003
1.00009
1.00025
1.00058
1.00155
1.0036
1.00937
1.02225
1.05659
1.14019
1.36506
1.99416
3.85064
9.08413
11.4041
11.191
11.062
11.1453
11.3657
11.5878
11.7275
11.8362
11.9212
11.9874
1.00001
1.00003
1.00009
1.00024
1.00057
1.00151
1.00347
1.00922
1.02128
1.0557
1.1351
1.35548
1.9611
3.75848
8.85475
11.4153
11.1831
11.033
11.1147
11.3327
11.5519
11.6894
11.7974
11.8815
11.9476
1.00001
1.00003
1.00009
1.00022
1.00057
1.00139
1.00344
1.00858
1.02079
1.05248
1.13007
1.33777
1.91435
3.61609
8.49524
11.4387
11.1724
10.9848
11.0625
11.2741
11.4887
11.6216
11.7264
11.8082
11.875
1.00001
1.00003
1.00008
1.00021
1.00053
1.00133
1.00318
1.00817
1.01931
1.04968
1.12137
1.31654
1.85099
3.4286
8.00345
11.4762
11.1605
10.9197
10.991
11.1927
11.4009
11.5271
11.6265
11.7047
11.773
1
1.00003
1.00007
1.0002
1.00047
1.00126
1.00286
1.00766
1.01756
1.04609
1.11097
1.29022
1.7742
3.19897
7.37596
11.5223
11.1476
10.8369
10.8994
11.0862
11.2854
11.4008
11.4901
11.5608
11.6298
1
1.00002
1.00007
1.00018
1.00044
1.0011
1.00265
1.00677
1.01606
1.04121
1.10014
1.25945
1.68751
2.93971
6.63291
11.555
11.1317
10.7394
10.7889
10.9525
11.1376
11.236
11.307
11.3611
11.4249
1
1.00002
1.00006
1.00016
1.00039
1.00097
1.00242
1.0058
1.01477
1.0354
1.08988
1.2255
1.59878
2.66336
5.80117
11.5044
11.0882
10.6294
10.6616
10.7902
10.9536
11.0253
11.0647
11.0834
11.1219
1
1.00002
1.00006
1.00013
1.00036
1.00084
1.00217
1.00516
1.01295
1.03173
1.07889
1.19931
1.52237
2.44525
5.16164
11.2011
10.9431
10.5053
10.5123
10.5933
10.7243
10.7565
10.7451
10.6917
10.6411
1
1.00002
1.00005
1.00013
1.0003
1.0008
1.00182
1.00481
1.01116
1.02878
1.06939
1.17765
1.4603
2.26989
4.6507
10.5151
10.6255
10.4202
10.3367
10.3731
10.4449
10.4269
10.3386
10.1259
9.80217
1
1.00001
1.00004
1.0001
1.00029
1.00065
1.00174
1.00395
1.01046
1.02433
1.06279
1.15428
1.4046
2.10315
4.15591
9.55848
10.4313
10.3026
10.1429
10.1398
10.1299
10.0504
9.81047
9.24405
7.78024
1
1.00001
1.00004
1.0001
1.00023
1.00061
1.00139
1.0037
1.00851
1.02217
1.05291
1.13544
1.3459
1.94154
3.67206
8.4476
10.3072
10.1969
9.96764
9.8975
9.82431
9.65222
9.27089
8.50344
6.99438
1
1.00001
1.00003
1.00008
1.0002
1.00051
1.00119
1.00314
1.00715
1.01898
1.04425
1.11485
1.28835
1.78
3.18857
7.19217
10.2206
10.0989
9.81424
9.65797
9.52925
9.27789
8.80378
8.02656
6.84294
1
1.00001
1.00003
1.00006
1.00017
1.00039
1.00105
1.00238
1.00635
1.01452
1.03803
1.09082
1.23558
1.61662
2.71274
5.83418
10.0782
9.98366
9.69191
9.43429
9.24351
8.95087
8.46566
7.75641
6.82721
1
1.00001
1.00002
1.00006
1.00013
1.00034
1.00078
1.00208
1.00469
1.01248
1.0287
1.07456
1.182
1.47903
2.29616
4.61223
9.66691
9.7793
9.57977
9.23564
8.98805
8.67861
8.21692
7.5851
6.81137
1
1.00001
1.00002
1.00004
1.00011
1.00026
1.00068
1.00155
1.00412
1.00934
1.02472
1.05779
1.14958
1.37938
2.03291
3.89122
8.63413
9.51365
9.3778
9.0659
8.77031
8.45109
8.0195
7.45493
6.78551
1
1
1.00001
1.00003
1.00009
1.00021
1.00053
1.00126
1.00324
1.00752
1.0196
1.04614
1.11868
1.29849
1.80393
3.23445
7.12035
9.26209
9.18271
8.93726
8.59576
8.26051
7.85439
7.34641
6.75649
1
1
1.00001
1.00003
1.00006
1.00017
1.00039
1.00103
1.00235
1.00623
1.0142
1.03734
1.08841
1.2296
1.5962
2.63935
5.52013
9.02527
9.02411
8.85275
8.48081
8.1061
7.71455
7.25366
6.72792
1
1
1.00001
1.00002
1.00005
1.00013
1.00029
1.00078
1.00176
1.0047
1.01059
1.02796
1.06532
1.16854
1.42728
2.14871
4.11521
8.44846
8.89836
8.74677
8.38968
7.98186
7.59804
7.17456
6.70068
1
1
1.00001
1.00002
1.00004
1.0001
1.00022
1.00059
1.00133
1.00354
1.00806
1.02102
1.04958
1.12654
1.31887
1.85247
3.34022
7.15911
8.64652
8.56237
8.30372
7.8873
7.50247
7.10559
6.6738
1
1
1
1.00001
1.00003
1.00007
1.00017
1.00042
1.00102
1.00257
1.00603
1.01549
1.03656
1.09323
1.23144
1.61112
2.65553
5.47943
8.35457
8.37315
8.21956
7.85749
7.43547
7.04643
6.64738
1
1
1
1.00001
1.00002
1.00005
1.00013
1.00029
1.00076
1.00175
1.00449
1.01064
1.02646
1.06465
1.16113
1.41188
2.08657
3.88218
7.72502
8.26107
8.13956
7.82842
7.38833
6.99972
6.62386
1
1
1
1.00001
1.00001
1.00004
1.00009
1.00022
1.00053
1.00128
1.00322
1.00755
1.01935
1.04566
1.11625
1.29003
1.76827
3.06834
6.37278
8.03284
7.98527
7.78551
7.37292
6.97014
6.60486
1
1
1
1
1.00001
1.00003
1.00006
1.00015
1.00039
1.00088
1.00231
1.00521
1.01375
1.03154
1.08136
1.19816
1.51802
2.37091
4.61532
7.60896
7.8351
7.70771
7.38116
6.96736
6.59811
1
1
1
1
1.00001
1.00002
1.00004
1.00011
1.00025
1.00064
1.0015
1.00375
1.00907
1.02205
1.05447
1.13384
1.34022
1.88632
3.33389
6.67263
7.66505
7.59617
7.37304
6.97736
6.60113
1
1
1
1
1.00001
1.00001
1.00003
1.00007
1.00017
1.00044
1.00101
1.00263
1.00595
1.01565
1.03595
1.09256
1.22595
1.59129
2.55854
5.04563
7.32692
7.4397
7.3282
7.02453
6.61621
1
1
1
1
1
1.00001
1.00002
1.00005
1.00012
1.00028
1.0007
1.00168
1.00404
1.01006
1.02381
1.05973
1.14476
1.36916
1.94838
3.43236
6.60544
7.30666
7.24226
7.03637
6.6542
1
1
1
1
1
1.00001
1.00001
1.00003
1.00008
1.00018
1.00048
1.00107
1.00282
1.00632
1.01655
1.03815
1.09737
1.23852
1.61949
2.61832
5.12192
7.01847
7.10854
7.0101
6.74422
1
1
1
1
1
1
1.00001
1.00002
1.00005
1.00013
1.00029
1.00072
1.00173
1.00416
1.01032
1.02439
1.06106
1.14745
1.37468
1.95229
3.39502
6.37817
6.99308
6.94617
6.7758
1
1
1
1
1
1
1.00001
1.00001
1.00003
1.00008
1.00019
1.00045
1.00116
1.00262
1.00682
1.01549
1.04006
1.09397
1.24047
1.608
2.58475
4.99139
6.71466
6.83392
6.75128
1
1
1
1
1
1
1
1.00001
1.00002
1.00005
1.00012
1.0003
1.00068
1.00176
1.00395
1.01031
1.02336
1.06002
1.142
1.36225
1.9114
3.26733
6.06982
6.7089
6.68074
1
1
1
1
1
1
1
1.00001
1.00001
1.00003
1.00007
1.00019
1.00043
1.00111
1.00251
1.00645
1.01495
1.03743
1.08995
1.22518
1.57053
2.46625
4.66757
6.39506
6.58252
1
1
1
1
1
1
1
1
1.00001
1.00002
1.00005
1.00011
1.00027
1.00067
1.00155
1.00396
1.00894
1.02313
1.05313
1.1349
1.32931
1.83559
3.06262
5.67102
6.43193
1
1
1
1
1
1
1
1
1.00001
1.00001
1.00003
1.00007
1.00017
1.00039
1.00101
1.00229
1.0058
1.01359
1.03347
1.08108
1.2001
1.50446
2.27769
4.16074
6.04774
1
1
1
1
1
1
1
1
1
1.00001
1.00002
1.00004
1.0001
1.00025
1.00057
1.00145
1.00331
1.00838
1.01957
1.04837
1.11664
1.29038
1.72678
2.79924
5.17674
1
1
1
1
1
1
1
1
1
1
1.00001
1.00002
1.00006
1.00014
1.00036
1.00083
1.00202
1.0049
1.01151
1.02874
1.06755
1.16861
1.41459
2.03732
3.51108
1
1
1
1
1
1
1
1
1
1
1.00001
1.00001
1.00004
1.00009
1.0002
1.00051
1.00117
1.00298
1.0067
1.01729
1.03939
1.09993
1.23969
1.6075
2.5039
1
1
1
1
1
1
1
1
1
1
1
1.00001
1.00002
1.00005
1.00012
1.0003
1.00069
1.00174
1.00395
1.01012
1.0229
1.05841
1.13651
1.34455
1.84534
1
1
1
1
1
1
1
1
1
1
1
1.00001
1.00001
1.00003
1.00007
1.00019
1.00043
1.00107
1.00256
1.00611
1.01503
1.03548
1.08792
1.21365
1.5406
1
1
1
1
1
1
1
1
1
1
1
1
1.00001
1.00002
1.00005
1.00013
1.0003
1.00079
1.0018
1.00469
1.01088
1.02763
1.06671
1.16849
1.43255
1
1
1
1
1
1
1
1
1
1
1
1
1.00001
1.00002
1.00004
1.00011
1.00025
1.00067
1.00152
1.0041
1.00935
1.02487
1.05912
1.1539
1.39892
1
1
1
1
1
1
1
1
1
1
1
1
1.00001
1.00002
1.00004
1.0001
1.00024
1.00062
1.00143
1.00385
1.00882
1.02378
1.05624
1.14808
1.38277
1
1
1
1
1
1
1
1
1
1
1
1
1.00001
1.00002
1.00004
1.0001
1.00022
1.0006
1.00141
1.00366
1.00892
1.02256
1.05641
1.14392
1.37884
1
1
1
1
1
1
1
1
1
1
1
1
1.00001
1.00001
1.00004
1.00009
1.00024
1.00056
1.00144
1.00355
1.00885
1.02244
1.05575
1.14321
1.37601
1
1
1
1
1
1
1
1
1
1
1
1
1.00001
1.00001
1.00004
1.00009
1.00022
1.00057
1.00137
1.00363
1.00851
1.02266
1.05453
1.14284
1.37195
1
1
1
1
1
1
1
1
1
1
1
1
1.00001
1.00001
1.00004
1.00009
1.00022
1.00057
1.00133
1.00362
1.00835
1.02256
1.0538
1.14183
1.3686
1
1
1
1
1
1
1
1
1
1
1
1
1.00001
1.00001
1.00004
1.00009
1.00022
1.00055
1.00135
1.00349
1.00843
1.02201
1.05383
1.13998
1.3665
1
1
1
1
1
1
1
1
1
1
1
1
1.00001
1.00001
1.00004
1.00008
1.00022
1.00053
1.00137
1.00339
1.00851
1.02154
1.05389
1.13846
1.36493
1
1
1
1
1
1
1
1
1
1
1
1
1.00001
1.00001
1.00004
1.00008
1.00022
1.00051
1.0014
1.00322
1.00883
1.02059
1.05502
1.13593
1.36557
1
1
1
1
1
1
1
1
1
1
1
1
1.00001
1.00001
1.00003
1.00008
1.00022
1.00052
1.00138
1.00325
1.00872
1.02067
1.05465
1.13592
1.36466
3.63556
2.78905
3.72739
4.18096
3.85733
3.75742
3.70362
3.65873
3.57787
3.48696
3.40507
3.33001
3.25078
3.16668
3.08407
3.00939
2.94296
2.87635
2.81142
2.77965
2.76766
2.76542
2.79227
2.8614
2.97169
3.11378
3.27273
3.43626
3.59686
3.74999
3.89403
4.02692
4.14721
4.25575
4.35322
4.4412
4.52089
4.59333
4.6579
4.71353
4.76108
4.80158
4.83468
4.86441
4.88865
4.9054
4.91505
4.91947
4.91909
4.916
4.90799
4.89427
4.87713
4.85744
4.83533
4.81099
4.78439
4.75582
4.72545
4.69353
4.66019
4.62559
4.58983
4.55304
4.5153
4.4767
4.43731
4.39718
4.35638
4.31494
4.27291
4.23032
4.18721
4.14361
4.09955
4.05507
4.01022
3.96503
3.91956
3.87387
3.828
3.78204
3.73604
3.69006
3.64415
3.5984
3.55286
3.50758
3.46266
3.41815
3.37418
3.33087
3.28839
3.24697
3.20695
3.16881
3.13327
3.1015
3.07512
3.05746
4.49384
3.8125
4.09612
4.06654
3.85518
3.75498
3.74695
3.70005
3.58452
3.47744
3.39035
3.32192
3.24817
3.16505
3.08148
3.00442
2.93715
2.87617
2.8171
2.77904
2.76299
2.75954
2.78314
2.84891
2.95674
3.09937
3.2598
3.42446
3.58569
3.73873
3.88268
4.01538
4.13578
4.24388
4.34079
4.42816
4.50757
4.58117
4.64706
4.70326
4.75131
4.79233
4.82659
4.8558
4.88003
4.89742
4.90799
4.91284
4.91273
4.91055
4.90399
4.89048
4.87289
4.85327
4.83161
4.80764
4.78138
4.75303
4.72285
4.69106
4.65784
4.62333
4.58766
4.55093
4.51324
4.47468
4.43531
4.39522
4.35443
4.31302
4.27101
4.22845
4.18535
4.14178
4.09775
4.0533
4.00848
3.96333
3.91789
3.87224
3.82642
3.7805
3.73455
3.68861
3.64276
3.59705
3.55155
3.50631
3.46142
3.41692
3.37296
3.32963
3.28709
3.2456
3.20545
3.16707
3.13132
3.09921
3.07229
3.05411
5.31105
4.45638
4.26393
4.08939
3.88946
3.77374
3.72294
3.65819
3.56645
3.46979
3.39154
3.32823
3.24829
3.16005
3.07251
2.99189
2.92268
2.86609
2.81842
2.77824
2.75704
2.75107
2.76993
2.82897
2.93158
3.07395
3.23637
3.40074
3.5618
3.714
3.86082
3.99555
4.11783
4.2276
4.32627
4.41528
4.49595
4.56953
4.63499
4.69175
4.74045
4.78207
4.81699
4.84633
4.87011
4.88772
4.8989
4.90434
4.90445
4.90294
4.89776
4.88605
4.86786
4.84805
4.8266
4.80303
4.77716
4.74914
4.71919
4.68759
4.6545
4.62011
4.58451
4.54786
4.5102
4.47168
4.43234
4.39226
4.35148
4.31008
4.26807
4.22552
4.18245
4.13889
4.09488
4.05045
4.00566
3.96053
3.91514
3.86952
3.82377
3.77789
3.73201
3.68612
3.64035
3.5947
3.54926
3.50407
3.45921
3.41473
3.37078
3.32745
3.28477
3.24319
3.20291
3.16439
3.12821
3.09548
3.06761
3.04828
5.69394
4.83177
4.39806
4.15105
3.96094
3.81961
3.73366
3.65684
3.56175
3.4661
3.38333
3.31206
3.23459
3.14866
3.06394
2.98531
2.91737
2.86219
2.81452
2.77605
2.74638
2.73241
2.75211
2.81205
2.90816
3.04708
3.20866
3.37338
3.53536
3.68945
3.83488
3.96952
4.09213
4.20282
4.3025
4.39257
4.47395
4.54777
4.61374
4.67147
4.72115
4.76359
4.79932
4.82912
4.85319
4.8714
4.88349
4.88985
4.89065
4.88962
4.88583
4.87669
4.85914
4.83918
4.81769
4.79449
4.76915
4.74168
4.71218
4.68094
4.64813
4.61398
4.57857
4.54207
4.50455
4.46613
4.42687
4.38687
4.34616
4.30481
4.26286
4.22036
4.17734
4.13383
4.08987
4.0455
4.00077
3.95571
3.91038
3.86485
3.81917
3.7734
3.72761
3.68185
3.63618
3.59067
3.54532
3.50027
3.45547
3.41099
3.36711
3.32387
3.28138
3.2397
3.19919
3.1603
3.12359
3.09005
3.06104
3.04034
5.89444
5.10084
4.5824
4.26831
4.05237
3.8901
3.76842
3.67265
3.57417
3.47588
3.38875
3.31028
3.22696
3.14174
3.05897
2.98288
2.91635
2.86065
2.8137
2.77731
2.7542
2.74937
2.76415
2.81538
2.91251
3.03724
3.18215
3.3384
3.49579
3.64807
3.79274
3.92787
4.05213
4.16515
4.26747
4.35997
4.44343
4.51865
4.58575
4.64469
4.69563
4.73919
4.77593
4.80651
4.83123
4.85019
4.86326
4.87068
4.87244
4.87175
4.86901
4.8621
4.84767
4.82769
4.80605
4.78305
4.75824
4.73142
4.70255
4.67186
4.6395
4.6057
4.5706
4.53435
4.49704
4.4588
4.41969
4.37981
4.33921
4.29796
4.2561
4.21368
4.17074
4.1273
4.08342
4.03911
3.99445
3.94947
3.90424
3.8588
3.81324
3.7676
3.72197
3.67633
3.63085
3.5855
3.54027
3.49532
3.45071
3.40659
3.36273
3.31943
3.27684
3.23506
3.19435
3.15506
3.11776
3.08334
3.0531
3.03074
6.01959
5.31071
4.77576
4.41151
4.15813
3.97086
3.82842
3.71104
3.605
3.50218
3.40638
3.31907
3.23334
3.14814
3.06603
2.99129
2.92768
2.87615
2.8362
2.80918
2.79741
2.80068
2.81876
2.86663
2.9522
3.05221
3.17043
3.29447
3.43532
3.58217
3.7291
3.86927
3.99893
4.11649
4.22233
4.31757
4.40321
4.48018
4.54884
4.60941
4.66199
4.70711
4.74523
4.77699
4.80275
4.8228
4.83713
4.84589
4.84903
4.84862
4.84678
4.84185
4.83108
4.81245
4.79108
4.76822
4.74383
4.71766
4.68955
4.65956
4.62783
4.59455
4.55989
4.524
4.48701
4.44902
4.41015
4.37045
4.33002
4.28891
4.24719
4.20489
4.16205
4.11871
4.07492
4.03071
3.98614
3.94125
3.89613
3.85083
3.80541
3.75994
3.7145
3.66896
3.62369
3.57861
3.53374
3.48911
3.44469
3.40069
3.35697
3.31377
3.27112
3.22929
3.18837
3.14876
3.11088
3.07563
3.04423
3.02009
6.10165
5.4718
4.95082
4.55991
4.27452
4.06112
3.89745
3.76507
3.6493
3.54101
3.43902
3.3424
3.25246
3.16684
3.08607
3.01412
2.95612
2.91442
2.89032
2.8829
2.88735
2.90598
2.9493
3.00175
3.05339
3.11096
3.18095
3.26556
3.35617
3.4796
3.62556
3.77608
3.91939
4.04886
4.16312
4.26342
4.35211
4.43114
4.50176
4.56441
4.61927
4.66665
4.70687
4.74048
4.76786
4.78943
4.80532
4.81571
4.82066
4.82058
4.81956
4.81631
4.80873
4.79329
4.77286
4.75042
4.72648
4.70093
4.67358
4.64438
4.61342
4.58082
4.54674
4.51135
4.47477
4.43714
4.39856
4.35913
4.31892
4.27801
4.23646
4.19432
4.15161
4.1084
4.06471
4.02061
3.97614
3.93138
3.88639
3.84127
3.79603
3.75078
3.70559
3.6607
3.61569
3.57088
3.52621
3.48177
3.4375
3.39358
3.34997
3.30684
3.26421
3.22229
3.18122
3.1413
3.10295
3.06693
3.03451
3.00882
6.15579
5.59326
5.09937
4.70123
4.39409
4.15852
3.97448
3.8265
3.69979
3.58493
3.47795
3.37811
3.28538
3.19914
3.12031
3.05337
3.00599
2.98211
2.98273
2.99177
3.02178
3.08909
3.16501
3.19826
3.21383
3.22407
3.23455
3.25925
3.31224
3.37811
3.48607
3.63495
3.79318
3.94455
4.07827
4.19225
4.2893
4.37281
4.44618
4.51088
4.56792
4.61771
4.66049
4.69654
4.72617
4.7498
4.76769
4.78003
4.78698
4.78836
4.78777
4.78562
4.78029
4.76904
4.75062
4.7293
4.7061
4.68119
4.65456
4.62616
4.59603
4.56423
4.53087
4.4961
4.46006
4.42288
4.38469
4.34559
4.30568
4.26503
4.2237
4.18174
4.13921
4.09612
4.05257
4.00857
3.96424
3.91963
3.87479
3.82988
3.78504
3.74024
3.69548
3.6508
3.60614
3.56157
3.5171
3.47283
3.42875
3.38498
3.34152
3.29851
3.25595
3.21405
3.17289
3.13278
3.09404
3.05739
3.02412
2.99697
6.19167
5.68477
5.22195
4.82895
4.51074
4.25815
4.05723
3.89457
3.75648
3.63482
3.52322
3.42026
3.32533
3.23916
3.16427
3.10712
3.08033
3.08256
3.09716
3.14037
3.23871
3.37565
3.44409
3.44292
3.4308
3.39678
3.32936
3.29795
3.30551
3.33466
3.39517
3.48935
3.62567
3.78818
3.94514
4.08393
4.20117
4.29845
4.37976
4.44881
4.50854
4.56047
4.60564
4.64421
4.67644
4.70272
4.72321
4.73803
4.74737
4.75126
4.75105
4.74984
4.74643
4.73886
4.72369
4.70435
4.68238
4.65835
4.63251
4.60495
4.57569
4.54475
4.51222
4.47819
4.44281
4.40619
4.36848
4.3298
4.29025
4.24991
4.20886
4.16712
4.12478
4.08186
4.03844
3.9946
3.95044
3.90603
3.86164
3.8172
3.77278
3.72835
3.68389
3.63946
3.59503
3.5507
3.50645
3.46241
3.41854
3.37499
3.33171
3.28886
3.24643
3.2046
3.16344
3.12321
3.08421
3.04708
3.01316
2.9848
6.2148
5.75408
5.32224
4.94121
4.62029
4.35688
4.14253
3.9668
3.81885
3.69001
3.57393
3.46846
3.37282
3.2892
3.22184
3.18535
3.18735
3.20265
3.24952
3.35756
3.57351
3.72845
3.75428
3.73941
3.69174
3.5867
3.4579
3.36854
3.33449
3.33999
3.36448
3.41892
3.49881
3.61159
3.76251
3.91775
4.06215
4.18619
4.28826
4.37096
4.43864
4.49507
4.54295
4.58397
4.6186
4.64777
4.67137
4.68928
4.70166
4.70868
4.71029
4.70973
4.70774
4.70285
4.69253
4.67568
4.65533
4.63255
4.60776
4.58115
4.55281
4.52278
4.49112
4.45792
4.42327
4.38732
4.35019
4.31202
4.27291
4.23295
4.1922
4.15073
4.10858
4.06583
4.02256
3.9789
3.93509
3.8912
3.84726
3.80325
3.75914
3.71499
3.67078
3.62659
3.5824
3.53834
3.49434
3.45057
3.40694
3.36363
3.32057
3.27793
3.23567
3.19397
3.15287
3.11263
3.07349
3.03602
3.00164
2.97228
6.22911
5.80706
5.40403
5.03849
4.72053
4.4519
4.22802
4.04188
3.88478
3.74928
3.62954
3.52227
3.42818
3.35151
3.29963
3.3003
3.31357
3.35879
3.46983
3.70436
3.99046
4.10229
4.09346
4.05272
3.95338
3.77257
3.60964
3.48819
3.41209
3.38195
3.38532
3.40306
3.4467
3.50595
3.5965
3.72198
3.87056
4.01751
4.14876
4.25842
4.34653
4.41626
4.47177
4.517
4.55461
4.5862
4.6126
4.63365
4.64942
4.6599
4.6652
4.66525
4.66445
4.6618
4.65556
4.64279
4.62455
4.60339
4.57997
4.55452
4.5272
4.49812
4.46735
4.435
4.40116
4.36595
4.3295
4.29193
4.25334
4.21382
4.17344
4.13225
4.09035
4.04779
4.00485
3.96168
3.91836
3.87491
3.83132
3.78761
3.74379
3.69991
3.65597
3.61206
3.56817
3.52439
3.4807
3.4372
3.39387
3.35083
3.30804
3.26564
3.22362
3.18212
3.14117
3.10101
3.06187
3.02421
2.98956
2.95946
6.23824
5.84858
5.47126
5.12244
4.81123
4.54166
4.31212
4.11826
3.95371
3.81245
3.68963
3.58315
3.49445
3.4309
3.4191
3.43045
3.47221
3.57779
3.80591
4.19095
4.43872
4.45962
4.43297
4.3513
4.17621
3.96206
3.78126
3.64142
3.53965
3.47309
3.43599
3.43493
3.44228
3.46678
3.51501
3.58039
3.67672
3.8106
3.95278
4.08897
4.20783
4.30444
4.37952
4.43727
4.48224
4.51813
4.54744
4.5714
4.59024
4.60426
4.6133
4.61702
4.61683
4.61562
4.6122
4.6046
4.58969
4.57075
4.54902
4.52497
4.49882
4.47078
4.44096
4.40951
4.37654
4.34215
4.30646
4.26958
4.23159
4.19256
4.15258
4.11168
4.07005
4.02793
3.98553
3.94287
3.89999
3.8569
3.81363
3.77023
3.7267
3.68313
3.6395
3.59592
3.55233
3.50888
3.4655
3.42233
3.37931
3.33658
3.2941
3.252
3.21026
3.16902
3.12831
3.08832
3.04928
3.01159
2.97684
2.94622
6.24373
5.88133
5.52782
5.19528
4.89309
4.62585
4.39393
4.19506
4.02509
3.87965
3.75567
3.65359
3.57645
3.5505
3.55955
3.59649
3.69357
3.90632
4.3332
4.71331
4.82822
4.81087
4.7461
4.59729
4.36378
4.14656
3.96431
3.81645
3.69824
3.60673
3.53909
3.49575
3.47401
3.47611
3.48858
3.51728
3.56292
3.63416
3.74263
3.87527
4.01266
4.13834
4.2442
4.32811
4.39188
4.43962
4.47574
4.50376
4.52576
4.5428
4.55513
4.56286
4.56553
4.56519
4.56361
4.55946
4.55046
4.53454
4.51484
4.4924
4.46763
4.44076
4.41199
4.38152
4.34949
4.31599
4.28114
4.24501
4.20767
4.16918
4.1296
4.08911
4.04802
4.0065
3.96462
3.92243
3.87994
3.83722
3.79428
3.75122
3.70803
3.6648
3.62151
3.57826
3.53502
3.49191
3.44889
3.40606
3.3634
3.32103
3.2789
3.23715
3.19575
3.15483
3.11442
3.07469
3.03588
2.99829
2.96361
2.93267
6.24924
5.90806
5.57553
5.25945
4.96755
4.70512
4.47352
4.27215
4.09915
3.95204
3.83105
3.73897
3.69574
3.70243
3.73456
3.82442
4.02739
4.44304
4.92806
5.16577
5.15981
5.11723
5.00541
4.77951
4.54138
4.33265
4.15503
4.00401
3.87494
3.7654
3.67412
3.60108
3.5469
3.51085
3.49875
3.50287
3.51688
3.54634
3.59605
3.67611
3.79413
3.92279
4.05162
4.16732
4.26224
4.33507
4.38852
4.42712
4.45522
4.4761
4.49161
4.50249
4.50893
4.51075
4.51027
4.50839
4.50364
4.49355
4.47684
4.45643
4.43326
4.40775
4.38019
4.35081
4.3198
4.28727
4.2533
4.21797
4.18131
4.14335
4.1043
4.06445
4.02403
3.98309
3.94172
3.89997
3.8579
3.81557
3.77302
3.73032
3.6875
3.64463
3.60171
3.55884
3.51599
3.47326
3.43063
3.3882
3.34594
3.30397
3.26224
3.22089
3.17989
3.13937
3.09934
3.05998
3.02151
2.98417
2.94973
2.91869
6.25682
5.93207
5.6181
5.31783
5.03706
4.78064
4.55133
4.34996
4.17685
4.03267
3.92134
3.85696
3.86079
3.88774
3.96972
4.16161
4.56141
5.10819
5.44107
5.48016
5.45278
5.36551
5.17816
4.93637
4.71498
4.52085
4.34979
4.19715
4.0599
3.9368
3.82766
3.73295
3.65344
3.58937
3.54321
3.51229
3.50957
3.51378
3.52792
3.55983
3.6168
3.70679
3.82589
3.95369
4.07593
4.18184
4.2658
4.32788
4.37168
4.402
4.423
4.43745
4.44691
4.45221
4.45299
4.45239
4.45025
4.44499
4.43399
4.41661
4.39552
4.37168
4.34555
4.31744
4.28756
4.25605
4.22301
4.18849
4.1525
4.11519
4.07689
4.0378
3.99805
3.95771
3.91687
3.87561
3.834
3.79211
3.74998
3.70771
3.66529
3.62284
3.58033
3.53787
3.49544
3.45314
3.41094
3.36895
3.32714
3.28562
3.24435
3.20345
3.16291
3.12285
3.08329
3.04439
3.00639
2.96946
2.93542
2.90451
6.27125
5.95854
5.65995
5.3736
5.10332
4.85372
4.62844
4.43002
4.2607
4.12813
4.03735
4.0361
4.05733
4.13109
4.31175
4.6939
5.28009
5.68246
5.78464
5.76394
5.69246
5.53325
5.30339
5.08395
4.88689
4.70817
4.54318
4.38929
4.24563
4.11225
3.98982
3.87901
3.78065
3.69534
3.62409
3.56723
3.52771
3.50638
3.50668
3.51053
3.52571
3.56113
3.62793
3.72848
3.84781
3.97205
4.08688
4.18283
4.25622
4.3084
4.34342
4.36607
4.38017
4.38869
4.39254
4.39248
4.39173
4.38928
4.3835
4.37155
4.35348
4.33196
4.30772
4.28115
4.25254
4.22211
4.19002
4.15629
4.12105
4.08457
4.04713
4.00884
3.9698
3.9301
3.88986
3.84914
3.80804
3.76664
3.72498
3.68316
3.6412
3.59919
3.55714
3.51514
3.47317
3.43135
3.38963
3.34813
3.30682
3.2658
3.22504
3.18467
3.14467
3.10516
3.06617
3.02785
2.99047
2.95414
2.92071
2.89023
6.30072
5.99146
5.70336
5.42835
5.16775
4.92553
4.70639
4.51495
4.35921
4.24761
4.22269
4.24143
4.30982
4.48123
4.84741
5.4548
5.90913
6.06005
6.04657
5.9909
5.85965
5.64101
5.42777
5.23523
5.05831
4.89099
4.73019
4.57527
4.4269
4.28607
4.15399
4.03141
3.91923
3.81796
3.72828
3.65084
3.58654
3.53691
3.50395
3.49191
3.48895
3.49344
3.51196
3.5541
3.63214
3.73827
3.85852
3.97871
4.08614
4.17263
4.23573
4.2781
4.30449
4.31988
4.32768
4.33016
4.32991
4.32879
4.32578
4.31913
4.30572
4.28753
4.26591
4.2414
4.21441
4.18526
4.15419
4.12131
4.08696
4.05144
4.01492
3.97746
3.93921
3.90023
3.86064
3.82054
3.78
3.73915
3.69801
3.6567
3.61524
3.57374
3.53219
3.49071
3.44927
3.40797
3.3668
3.32584
3.28509
3.24464
3.20447
3.16469
3.12531
3.08645
3.04815
3.01057
2.97397
2.93849
2.9059
2.87626
6.35783
6.03466
5.74963
5.48297
5.23127
4.99775
4.78829
4.61172
4.48005
4.43166
4.44675
4.50877
4.67072
5.0213
5.63958
6.13248
6.32175
6.3137
6.2693
6.15924
5.95197
5.74703
5.56158
5.39104
5.22776
5.06752
4.90905
4.7532
4.60146
4.45538
4.3163
4.18517
4.06276
3.94963
3.84624
3.75311
3.67079
3.6001
3.54254
3.4991
3.47621
3.46235
3.46126
3.46746
3.49056
3.54139
3.62961
3.73948
3.86027
3.97615
4.07521
4.15147
4.2044
4.23747
4.25585
4.26421
4.26571
4.26523
4.2636
4.25971
4.25153
4.23719
4.21887
4.19714
4.17238
4.14497
4.11519
4.08342
4.05018
4.01567
3.98009
3.94353
3.90612
3.86793
3.82907
3.78965
3.74976
3.7095
3.66894
3.62821
3.58731
3.54637
3.50539
3.46448
3.42362
3.38292
3.34234
3.302
3.26188
3.22207
3.18257
3.14349
3.10484
3.06676
3.0293
2.99265
2.95708
2.92277
2.89136
2.86314
6.42671
6.08872
5.79919
5.5376
5.29497
5.07313
4.88104
4.73178
4.66128
4.67288
4.72904
4.88279
5.22036
5.84417
6.36241
6.57974
6.5751
6.5366
6.43663
6.2365
6.04105
5.86542
5.70424
5.54881
5.39356
5.23685
5.07919
4.92242
4.76832
4.61861
4.47456
4.33721
4.2072
4.0852
3.97148
3.86654
3.77066
3.68464
3.60888
3.54436
3.49339
3.45678
3.43955
3.42326
3.42412
3.43372
3.46254
3.52377
3.62029
3.73386
3.85291
3.96341
4.05424
4.1205
4.16338
4.18741
4.19786
4.19909
4.19836
4.19609
4.19102
4.18075
4.16584
4.14729
4.1254
4.10038
4.07252
4.04236
4.01044
3.97708
3.94252
3.90691
3.8704
3.83306
3.795
3.75634
3.71716
3.67759
3.63769
3.5976
3.55734
3.51704
3.4767
3.43644
3.39624
3.3562
3.3163
3.27665
3.23724
3.19817
3.15944
3.12117
3.08339
3.04626
3.00985
2.9744
2.94018
2.90755
2.87776
2.8519
6.52839
6.16364
5.85664
5.59505
5.36242
5.15879
4.99663
4.90836
4.91705
4.96894
5.11767
5.44869
6.07876
6.61178
6.84608
6.84227
6.80298
6.7002
6.50275
6.3124
6.14653
5.99642
5.8511
5.70395
5.55259
5.39748
5.2403
5.08305
4.92752
4.7754
4.62772
4.48581
4.35009
4.22136
4.09975
3.98576
3.87967
3.78178
3.69252
3.61252
3.54266
3.48442
3.43855
3.40983
3.38951
3.37782
3.38059
3.3949
3.43056
3.50345
3.60409
3.7214
3.8386
3.94242
4.0238
4.07962
4.11225
4.12747
4.12955
4.12866
4.12584
4.11959
4.10762
4.09182
4.07285
4.05065
4.02536
3.99742
3.96731
3.93538
3.90203
3.86746
3.8319
3.79545
3.75825
3.72041
3.68203
3.64325
3.60411
3.56477
3.52525
3.48568
3.44608
3.40655
3.36709
3.32779
3.28867
3.2498
3.21121
3.17298
3.13516
3.09785
3.06113
3.02518
2.99011
2.95626
2.92386
2.89365
2.86618
2.8441
6.54511
6.25251
5.92764
5.66141
5.4419
5.26869
5.16735
5.17424
5.2245
5.37367
5.70867
6.35173
6.89375
7.13129
7.1261
7.08081
6.965
6.75987
6.56927
6.40817
6.26655
6.13164
5.9944
5.85133
5.70222
5.54847
5.39204
5.23485
5.07873
4.92503
4.77516
4.62983
4.48993
4.35593
4.22826
4.10737
3.9933
3.88646
3.78696
3.69527
3.61189
3.53755
3.47326
3.42024
3.38155
3.35571
3.33396
3.32633
3.3313
3.35048
3.39405
3.48024
3.58471
3.70222
3.81585
3.9119
3.98295
4.02791
4.05068
4.05653
4.05568
4.05263
4.04561
4.03217
4.01541
3.99564
3.97303
3.94772
3.91993
3.88995
3.85818
3.8249
3.79042
3.75495
3.71867
3.68174
3.64426
3.60637
3.56811
3.52963
3.49096
3.45224
3.41347
3.37477
3.33616
3.29771
3.25947
3.2215
3.18386
3.14663
3.10988
3.07375
3.03835
3.0039
2.97061
2.93893
2.90912
2.88243
2.85844
2.8422
6.51713
6.33856
6.01523
5.74636
5.54709
5.43324
5.43969
5.49153
5.64783
5.99972
6.66816
7.21936
7.44783
7.43799
7.37812
7.23516
7.01837
6.82163
6.65998
6.52265
6.39498
6.26625
6.13184
5.9904
5.84265
5.69012
5.53471
5.37809
5.22194
5.06749
4.91601
4.76826
4.62524
4.48722
4.35503
4.2286
4.10841
3.99442
3.88721
3.78662
3.69317
3.60709
3.52915
3.45995
3.40099
3.3531
3.32001
3.29284
3.2724
3.2728
3.28059
3.30473
3.35709
3.44938
3.55893
3.67555
3.7839
3.87119
3.93147
3.96555
3.97894
3.97845
3.97568
3.96881
3.95482
3.93678
3.91607
3.89294
3.86752
3.83987
3.81018
3.77863
3.74556
3.7113
3.67611
3.64021
3.60374
3.56685
3.5296
3.49211
3.45443
3.41667
3.37886
3.34112
3.30346
3.266
3.22876
3.19185
3.15531
3.11927
3.08383
3.04916
3.01545
2.98301
2.95216
2.92357
2.89763
2.87601
2.85788
2.84643
6.4295
6.34629
6.14334
5.87426
5.70948
5.71435
5.76888
5.93845
6.32203
7.03359
7.59599
7.8067
7.78819
7.70507
7.51986
7.28311
7.07642
6.91047
6.77306
6.64875
6.52615
6.39847
6.26386
6.12233
5.97504
5.82335
5.66892
5.51307
5.35726
5.20259
5.05018
4.90086
4.75549
4.61453
4.47863
4.34788
4.22287
4.10343
3.99001
3.8825
3.78128
3.6864
3.59834
3.51741
3.44437
3.38017
3.32543
3.28406
3.2511
3.22544
3.20948
3.21178
3.22394
3.25493
3.3191
3.41473
3.52753
3.64214
3.7434
3.82062
3.86939
3.89388
3.89615
3.89422
3.88848
3.87583
3.85644
3.83427
3.81046
3.78492
3.75745
3.72798
3.69677
3.66412
3.63034
3.5957
3.56041
3.52466
3.48853
3.45216
3.41557
3.37891
3.34219
3.30554
3.269
3.23267
3.19662
3.16095
3.12576
3.09117
3.05738
3.02461
2.99316
2.9635
2.93616
2.91208
2.89222
2.87742
2.86411
2.85956
6.35213
6.32746
6.23562
6.04317
6.01358
6.06827
6.25411
6.67906
7.45553
8.03162
8.2136
8.18285
8.06815
7.82596
7.56178
7.33987
7.16581
7.02485
6.90029
6.77975
6.65635
6.52664
6.39023
6.24771
6.1003
5.94914
5.79547
5.64041
5.48504
5.33046
5.17748
5.02717
4.88003
4.73694
4.59811
4.46414
4.33511
4.21138
4.09292
3.98002
3.87261
3.771
3.6752
3.58557
3.50235
3.42621
3.35756
3.29797
3.24771
3.21095
3.17733
3.15256
3.14249
3.14675
3.16322
3.20126
3.27787
3.37678
3.49032
3.60108
3.69368
3.75956
3.79699
3.80933
3.80813
3.80344
3.79274
3.77293
3.75073
3.72634
3.70031
3.67267
3.64351
3.61288
3.58092
3.54792
3.51407
3.47966
3.44479
3.40967
3.37431
3.3389
3.30344
3.26806
3.23283
3.19785
3.16321
3.12904
3.0955
3.06277
3.03112
3.00091
2.97264
2.947
2.9249
2.90803
2.89545
2.88662
2.88432
2.88657
6.16476
6.31524
6.3111
6.31782
6.38901
6.61475
7.11447
7.9517
8.53288
8.67022
8.62221
8.46773
8.15558
7.85868
7.61787
7.43217
7.28447
7.15632
7.03447
6.91133
6.78363
6.65012
6.51111
6.36717
6.21928
6.06831
5.91513
5.76065
5.60569
5.45123
5.29801
5.14698
4.99866
4.85392
4.71292
4.57637
4.44419
4.31698
4.19447
4.07719
3.96484
3.85785
3.75599
3.65965
3.56883
3.48391
3.40515
3.33317
3.26888
3.21261
3.1682
3.13019
3.09928
3.07548
3.07583
3.0823
3.10243
3.14655
3.23168
3.33507
3.44743
3.5518
3.63453
3.68748
3.71571
3.7155
3.71283
3.70508
3.6887
3.66548
3.63983
3.61324
3.58578
3.55721
3.52737
3.49637
3.46435
3.43159
3.39824
3.36456
3.33063
3.29662
3.26262
3.22872
3.19503
3.16165
3.12874
3.09645
3.06501
3.03473
3.006
2.97945
2.95588
2.93619
2.92298
2.91296
2.9097
2.91189
2.91995
2.94073
5.69012
6.26529
6.44914
6.65861
7.04011
7.73194
8.573
9.11706
9.1764
9.10035
8.88625
8.51093
8.17729
7.91361
7.71397
7.55725
7.42301
7.29683
7.17068
7.04116
6.90735
6.76924
6.62712
6.48145
6.33272
6.18155
6.0285
5.87427
5.71959
5.56518
5.41186
5.2603
5.11122
4.96518
4.8226
4.6839
4.54931
4.41914
4.29346
4.17247
4.05623
3.94473
3.8381
3.73635
3.63971
3.54808
3.46179
3.38098
3.30631
3.23808
3.17764
3.12567
3.08457
3.04527
3.01696
2.999
3.001
3.01131
3.038
3.09376
3.18301
3.28928
3.39894
3.4947
3.56587
3.6071
3.62012
3.6187
3.61306
3.60018
3.57709
3.55193
3.52528
3.49786
3.46969
3.4407
3.41081
3.38008
3.34865
3.31676
3.28456
3.25224
3.21994
3.18779
3.15594
3.12452
3.09374
3.06387
3.03521
3.00834
2.98372
2.9628
2.94602
2.93689
2.93049
2.9316
2.93733
2.95261
2.98435
3.05052
4.60283
6.07881
6.73086
7.37526
8.35873
9.35745
9.82533
9.799
9.64527
9.29722
8.88162
8.51857
8.22785
8.01315
7.84697
7.70538
7.57267
7.44059
7.30593
7.16808
7.02734
6.88425
6.73856
6.59079
6.44085
6.289
6.13567
5.98139
5.82675
5.67238
5.5189
5.36696
5.21727
5.07032
4.92655
4.78623
4.64969
4.51717
4.38884
4.26491
4.14542
4.03024
3.91966
3.81353
3.71199
3.61506
3.52288
3.43558
3.35325
3.27637
3.20523
3.1408
3.08351
3.036
2.99363
2.95739
2.9304
2.9227
2.92641
2.94036
2.97316
3.04004
3.13326
3.24065
3.34495
3.43172
3.48778
3.5172
3.51849
3.5157
3.50711
3.48882
3.46362
3.43642
3.40897
3.38143
3.35349
3.32499
3.29587
3.26623
3.23618
3.20595
3.17571
3.14567
3.11603
3.08704
3.05899
3.03234
3.00755
2.98561
2.96713
2.95535
2.9481
2.94822
2.9515
2.96249
2.9876
3.03908
3.10156
3.22707
3.05093
5.57712
7.32316
8.88576
10.2277
10.6505
10.5693
10.2864
9.72423
9.26073
8.87413
8.56144
8.33148
8.15668
8.00776
7.86712
7.72663
7.58374
7.43855
7.29176
7.14395
6.99549
6.84571
6.69549
6.5438
6.39076
6.2367
6.08203
5.92719
5.77275
5.61925
5.4673
5.3172
5.16955
5.02461
4.88297
4.74482
4.61039
4.4799
4.35332
4.23096
4.11283
3.99903
3.88935
3.78395
3.68273
3.58582
3.49329
3.4051
3.32165
3.24288
3.16951
3.10179
3.04059
2.9877
2.94135
2.89907
2.86677
2.84373
2.84436
2.85057
2.86885
2.90899
2.9872
3.08467
3.19101
3.28805
3.36021
3.40173
3.41669
3.41538
3.40984
3.39699
3.373
3.34728
3.32057
3.29381
3.26709
3.24024
3.21311
3.18565
3.15799
3.13031
3.1029
3.07606
3.05023
3.02584
3.00379
2.98456
2.96999
2.96183
2.96069
2.96268
2.9706
2.99007
3.02973
3.09249
3.19354
3.28827
3.45144
2.36409
4.37856
8.52322
11.2299
11.6101
11.4361
10.9403
10.2332
9.66092
9.23287
8.90981
8.66767
8.48846
8.33311
8.1837
8.03284
7.87915
7.72367
7.56776
7.41227
7.25749
7.10334
6.94994
6.79573
6.64141
6.48672
6.33158
6.1762
6.02089
5.86611
5.71226
5.55986
5.4093
5.26106
5.11552
4.97293
4.83361
4.69772
4.56553
4.43701
4.31243
4.1917
4.07502
3.96227
3.85353
3.74875
3.64792
3.55115
3.45833
3.36974
3.28526
3.20532
3.13003
3.05995
2.9957
2.9383
2.88839
2.84222
2.80258
2.77435
2.76223
2.76455
2.77419
2.79938
2.85161
2.9368
3.03868
3.14066
3.22469
3.27978
3.30927
3.31196
3.30934
3.30145
3.2842
3.25981
3.23401
3.20833
3.18313
3.15824
3.13349
3.10883
3.08433
3.06032
3.03718
3.0158
2.99653
2.98156
2.96995
2.96888
2.97014
2.97606
2.9913
3.02272
3.07656
3.1622
3.26844
3.40534
3.52225
3.67822
2.16452
4.20762
9.35017
12.3903
12.2108
11.6166
10.7788
10.0786
9.59898
9.26611
9.01807
8.84063
8.68138
8.52256
8.35973
8.1935
8.02581
7.8586
7.69295
7.52931
7.36757
7.20741
7.04865
6.89057
6.73328
6.57647
6.41986
6.26343
6.10742
5.95213
5.79794
5.64525
5.49441
5.34574
5.19964
5.05629
4.91603
4.77892
4.64527
4.51507
4.38851
4.26563
4.14646
4.03111
3.91947
3.81166
3.70753
3.60724
3.51063
3.4179
3.32893
3.244
3.16311
3.08661
3.01478
2.94826
2.88739
2.83436
2.78447
2.74069
2.70698
2.68346
2.68268
2.68694
2.70106
2.73418
2.80121
2.89337
2.99573
3.08744
3.15545
3.19485
3.21077
3.20983
3.20545
3.19482
3.17364
3.15055
3.12672
3.10351
3.08115
3.05957
3.03875
3.01911
3.00113
2.98629
2.97464
2.9705
2.97179
2.97682
2.98944
3.01547
3.06037
3.13306
3.23418
3.36133
3.49809
3.63946
3.74416
3.85514
2.10225
4.17518
9.82505
12.3436
12.0362
11.2958
10.4801
9.96492
9.63268
9.38582
9.2106
9.04704
8.87791
8.70215
8.52275
8.34271
8.16383
7.98726
7.81339
7.64225
7.47364
7.30729
7.14298
6.98024
6.81889
6.65919
6.50059
6.34279
6.18585
6.02991
5.8753
5.72223
5.5711
5.42205
5.27553
5.13159
4.99058
4.85251
4.71766
4.5861
4.45788
4.33324
4.21197
4.09444
3.9803
3.86993
3.76297
3.65975
3.55996
3.46391
3.37131
3.28253
3.19731
3.1161
3.03881
2.96596
2.89782
2.83486
2.77878
2.72638
2.67972
2.64036
2.6136
2.60077
2.60258
2.61095
2.63295
2.67951
2.76191
2.85862
2.95326
3.03011
3.08079
3.10789
3.11358
3.1118
3.10565
3.09218
3.07197
3.05131
3.03122
3.01261
2.99589
2.98189
2.97132
2.96607
2.967
2.97148
2.98219
3.00415
3.04265
3.10429
3.19708
3.31657
3.45489
3.59935
3.72912
3.83592
3.9017
3.9565
2.07137
4.14698
10.0118
12.0238
11.5955
10.8172
10.3008
9.98771
9.75729
9.58213
9.41075
9.23033
9.04264
8.85209
8.66192
8.47365
8.28793
8.10484
7.92443
7.74672
7.57178
7.39949
7.22978
7.06236
6.89683
6.73326
6.57193
6.41233
6.25422
6.09755
5.94246
5.7891
5.63774
5.48851
5.34172
5.19744
5.05591
4.91722
4.7815
4.64892
4.51943
4.39333
4.27041
4.151
4.03488
3.92227
3.81306
3.7073
3.605
3.50613
3.41072
3.31878
3.23033
3.14546
3.06423
2.9868
2.91351
2.84444
2.7804
2.72209
2.668
2.61875
2.57661
2.54627
2.52422
2.52446
2.52873
2.54264
2.57481
2.64056
2.72986
2.82618
2.91002
2.97104
3.00681
3.02449
3.02426
3.02179
3.01511
3.00141
2.9857
2.97091
2.95964
2.95337
2.9541
2.95791
2.96793
2.98801
3.02085
3.07294
3.1549
3.267
3.40265
3.55033
3.69223
3.81276
3.90061
3.95883
3.9821
4.00415
2.05526
4.11852
9.98197
11.8921
11.3927
10.6931
10.3072
10.0825
9.91112
9.73713
9.55072
9.35688
9.16098
8.96593
8.77276
8.58155
8.39224
8.20486
8.01965
7.83689
7.6569
7.47977
7.30556
7.13407
6.96498
6.79799
6.6337
6.47196
6.31239
6.15486
5.99922
5.84562
5.69408
5.54482
5.39786
5.25345
5.11158
4.9725
4.83615
4.70281
4.57236
4.44509
4.32089
4.19994
4.08227
3.96781
3.85681
3.74897
3.64466
3.54352
3.44589
3.35146
3.26052
3.17282
3.0887
3.00788
2.93096
2.85752
2.78857
2.72371
2.66449
2.60905
2.55836
2.515
2.47993
2.45606
2.44861
2.45123
2.46096
2.48521
2.53591
2.61827
2.71167
2.79913
2.86649
2.91357
2.93792
2.9492
2.94901
2.94738
2.94338
2.93568
2.93592
2.93856
2.94684
2.96473
2.99209
3.03836
3.10907
3.2114
3.34099
3.48886
3.63922
3.77389
3.87976
3.9524
3.99472
4.01475
4.01844
4.02611
2.05126
4.10797
9.98702
11.8416
11.3263
10.66
10.3156
10.1335
9.97839
9.80679
9.62074
9.42896
9.23644
9.04439
8.85301
8.66205
8.47171
8.28233
8.09447
7.90864
7.72537
7.54491
7.36747
7.19297
7.02123
6.85177
6.68515
6.52128
6.36017
6.20163
6.04543
5.89154
5.73992
5.59062
5.44367
5.2992
5.15722
5.01788
4.8812
4.74732
4.61626
4.48814
4.36302
4.24096
4.12206
4.00628
3.8938
3.78448
3.6785
3.57574
3.47625
3.38006
3.28705
3.19737
3.11092
3.02774
2.94804
2.87165
2.79908
2.73023
2.66562
2.606
2.54992
2.49892
2.45415
2.41753
2.3906
2.37773
2.37937
2.38654
2.4051
2.44463
2.52015
2.61001
2.69795
2.77309
2.8269
2.86348
2.88299
2.89362
2.90077
2.90615
2.91697
2.9388
2.96278
3.00012
3.05796
3.14744
3.26892
3.41327
3.56808
3.71502
3.83836
3.92926
3.98799
4.02042
4.0347
4.03863
4.03905
4.04086
2.04353
4.08575
9.93753
11.8172
11.2889
10.617
10.2906
10.1304
9.99227
9.83208
9.65442
9.46951
9.28256
9.0946
8.90585
8.71637
8.52655
8.337
8.14836
7.96134
7.77646
7.59422
7.41484
7.23849
7.06502
6.89427
6.7258
6.56044
6.39799
6.23845
6.08164
5.92744
5.77575
5.62649
5.47967
5.33529
5.19339
5.05401
4.91723
4.78307
4.65167
4.52301
4.39728
4.27442
4.15464
4.03786
3.92428
3.81378
3.70652
3.60243
3.50154
3.40388
3.30937
3.21811
3.12997
3.04508
2.96341
2.885
2.81
2.73831
2.67041
2.60635
2.54667
2.49073
2.4397
2.39463
2.35706
2.32883
2.31276
2.31369
2.3191
2.33396
2.36645
2.43187
2.51935
2.61144
2.69263
2.75704
2.8037
2.83639
2.86235
2.88589
2.91939
2.95683
3.00857
3.08325
3.1902
3.32428
3.47751
3.63275
3.77207
3.88248
3.96022
4.00859
4.03497
4.0473
4.05171
4.05258
4.0531
4.0549
2.03552
4.06576
9.89809
11.8252
11.2792
10.5801
10.2531
10.1143
9.99357
9.84558
9.67517
9.49476
9.311
9.12555
8.93879
8.75084
8.56211
8.37324
8.18488
7.99773
7.81243
7.62948
7.44927
7.27198
7.09765
6.92614
6.7572
6.59088
6.42753
6.26723
6.10992
5.95545
5.80367
5.65448
5.50778
5.36355
5.22177
5.08246
4.94565
4.81137
4.6797
4.55068
4.42444
4.301
4.18049
4.06295
3.94848
3.83712
3.72892
3.62391
3.52204
3.42337
3.3278
3.23543
3.14607
3.05991
2.97675
2.89674
2.81983
2.7462
2.67597
2.60919
2.54624
2.48712
2.43193
2.38151
2.33669
2.29887
2.26997
2.25242
2.25304
2.2575
2.27047
2.29939
2.35827
2.44393
2.53909
2.62958
2.70762
2.77178
2.82613
2.87992
2.93801
3.00718
3.10356
3.22608
3.37174
3.52855
3.67963
3.80873
3.9073
3.9749
4.01701
4.04122
4.05423
4.0612
4.06387
4.06475
4.06543
4.06755
2.02781
4.04956
9.87134
11.8443
11.2765
10.5485
10.2169
10.0929
9.98993
9.85244
9.68754
9.5102
9.3284
9.14466
8.95939
8.77282
8.5852
8.39713
8.20924
8.02228
7.83693
7.65379
7.47327
7.29558
7.12087
6.94899
6.77978
6.61324
6.44958
6.2889
6.13126
5.97656
5.82468
5.6755
5.52888
5.38478
5.24312
5.10389
4.96709
4.83275
4.70092
4.57168
4.44508
4.32126
4.20027
4.08224
3.96719
3.85523
3.74634
3.64058
3.53797
3.43849
3.34215
3.24886
3.1587
3.07153
2.9874
2.90626
2.82818
2.75314
2.68128
2.61261
2.54735
2.48574
2.42767
2.3737
2.32435
2.28041
2.24326
2.21441
2.19753
2.19819
2.2025
2.21494
2.24327
2.3012
2.38924
2.49226
2.59775
2.69772
2.7916
2.88574
2.98423
3.10352
3.2445
3.40169
3.5617
3.70763
3.82703
3.9153
3.97533
4.01378
4.03788
4.05325
4.06304
4.06949
4.07237
4.07344
4.07412
4.07626
2.02159
4.03836
9.85746
11.8656
11.275
10.5226
10.1859
10.0719
9.98224
9.85454
9.69478
9.52012
9.34005
9.15767
8.97353
8.7879
8.60106
8.41358
8.22608
8.03931
7.85401
7.67082
7.49017
7.31234
7.13743
6.96543
6.79624
6.62963
6.4659
6.30508
6.14723
5.99232
5.84027
5.69101
5.54438
5.40034
5.25875
5.11959
4.98282
4.84846
4.71654
4.58713
4.4603
4.33618
4.21484
4.09638
3.9809
3.86843
3.75908
3.65278
3.54969
3.44963
3.35276
3.25887
3.1681
3.08026
2.99543
2.91354
2.83456
2.7586
2.68555
2.61566
2.54883
2.48541
2.42539
2.36907
2.31676
2.26901
2.22668
2.19108
2.16367
2.15035
2.15164
2.1573
2.17199
2.2041
2.26886
2.36627
2.48558
2.61758
2.75748
2.90314
3.06013
3.22911
3.40405
3.57126
3.71627
3.83021
3.91256
3.96848
4.00554
4.0305
4.04802
4.06076
4.06982
4.07633
4.07947
4.08049
4.08108
4.08301
2.01585
4.03289
9.85314
11.8808
11.2743
10.5049
10.1635
10.0556
9.97524
9.85476
9.69901
9.52638
9.34749
9.16597
8.98253
8.79741
8.61101
8.42386
8.23662
8.04998
7.86473
7.68154
7.50083
7.32296
7.14794
6.97589
6.80653
6.64017
6.4765
6.31564
6.15766
6.00259
5.85041
5.70106
5.55442
5.41041
5.26888
5.12979
4.99306
4.8587
4.72672
4.59724
4.47025
4.34597
4.22437
4.1057
3.98989
3.87718
3.76746
3.66088
3.5574
3.457
3.35976
3.26546
3.17433
3.086
3.0008
2.91833
2.83891
2.76227
2.68861
2.61791
2.55018
2.48578
2.42448
2.36684
2.31266
2.26279
2.21745
2.17767
2.14536
2.12088
2.11679
2.11931
2.12789
2.14817
2.19057
2.27334
2.39258
2.54571
2.72817
2.93089
3.14405
3.35249
3.54014
3.69425
3.8108
3.89343
3.94999
3.9887
4.01617
4.03655
4.05214
4.06414
4.07296
4.07932
4.08243
4.08373
4.08445
4.08663
2.01399
4.03041
9.85308
11.8889
11.2738
10.4965
10.1526
10.0476
9.97217
9.85565
9.70214
9.53058
9.35225
9.17111
8.98793
8.80297
8.61667
8.42958
8.24237
8.05571
7.87042
7.68718
7.50642
7.32849
7.1534
6.98131
6.81205
6.64561
6.48191
6.32105
6.16299
6.00783
5.85555
5.70612
5.55945
5.41543
5.27391
5.13483
4.99809
4.86371
4.73169
4.60212
4.47503
4.35063
4.22886
4.11005
3.99403
3.88115
3.7712
3.66446
3.56073
3.46015
3.36266
3.26816
3.17679
3.08823
3.0028
2.92004
2.8404
2.76339
2.68947
2.61832
2.55023
2.48525
2.42339
2.36507
2.31013
2.25929
2.2127
2.17109
2.13642
2.10816
2.09724
2.09894
2.10548
2.12149
2.15558
2.22426
2.33965
2.50384
2.71531
2.95921
3.20992
3.43743
3.62206
3.759
3.85486
3.9201
3.96503
3.9972
4.02134
4.04012
4.05495
4.06651
4.07509
4.08126
4.0844
4.08577
4.08656
4.08881
)
;

boundaryField
{
    inlet
    {
        type            fixedValue;
        value           uniform 1;
    }
    outlet
    {
        type            waveTransmissive;
        gamma           1.4;
        fieldInf        1;
        lInf            3;
        value           nonuniform List<scalar> 
40
(
3.04997
3.04661
3.04078
3.03284
3.02326
3.01262
3.00137
2.98954
2.97739
2.96489
2.9521
2.93888
2.92535
2.9114
2.89725
2.88299
2.86904
2.85594
2.84466
2.83679
2.83475
2.83882
2.85167
2.87825
2.9315
3.0395
3.21438
3.43738
3.66379
3.84126
3.94391
3.99214
4.01434
4.02916
4.04322
4.05591
4.06469
4.07147
4.07514
4.07732
)
;
    }
    top
    {
        type            symmetryPlane;
    }
    bottom
    {
        type            symmetryPlane;
    }
    obstacle
    {
        type            zeroGradient;
    }
    frontAndBack
    {
        type            empty;
    }
}


// ************************************************************************* //
