/*--------------------------------*- C++ -*----------------------------------*\
  =========                 |
  \\      /  F ield         | OpenFOAM: The Open Source CFD Toolbox
   \\    /   O peration     | Website:  https://openfoam.org
    \\  /    A nd           | Version:  13
     \\/     M anipulation  |
\*---------------------------------------------------------------------------*/
FoamFile
{
    format      ascii;
    class       volScalarField;
    location    "7";
    object      rho;
}
// * * * * * * * * * * * * * * * * * * * * * * * * * * * * * * * * * * * * * //

dimensions      [1 -3 0 0 0 0 0];

internalField   nonuniform List<scalar> 
5250
(
1.40001
1.40002
1.40008
1.40016
1.40047
1.401
1.40286
1.40612
1.41684
1.43743
1.49351
1.60772
1.85821
2.43714
4.79048
5.80063
5.71646
5.65742
5.67657
5.75503
5.84181
5.89408
5.93606
5.96377
5.9905
1.40001
1.40003
1.40007
1.40018
1.40044
1.40105
1.4027
1.40628
1.41617
1.43765
1.4914
1.60625
1.85244
2.42275
4.74423
5.80364
5.71669
5.65441
5.67396
5.75298
5.83983
5.89234
5.93515
5.9637
5.99144
1.40001
1.40003
1.40006
1.40018
1.40039
1.40112
1.40238
1.40665
1.4146
1.43848
1.4866
1.60347
1.84004
2.39301
4.64067
5.81117
5.71644
5.64492
5.66407
5.74212
5.8284
5.88024
5.922
5.95151
5.97972
1.40001
1.40003
1.40006
1.40017
1.40038
1.40106
1.40229
1.40638
1.41393
1.43688
1.48306
1.59547
1.82375
2.34741
4.47754
5.82626
5.71744
5.62937
5.64737
5.72259
5.80646
5.85711
5.89851
5.9254
5.955
1.40001
1.40002
1.40006
1.40016
1.40035
1.401
1.40214
1.406
1.41309
1.43477
1.47815
1.58511
1.80164
2.2883
4.25272
5.8506
5.72089
5.60914
5.6234
5.69727
5.77701
5.82561
5.86521
5.89114
5.92091
1.40001
1.40002
1.40005
1.40015
1.40033
1.40091
1.40202
1.4054
1.41237
1.43159
1.47291
1.57132
1.77475
2.21774
3.96341
5.88344
5.72838
5.58443
5.59528
5.66036
5.73933
5.78039
5.81873
5.84134
5.87274
1.40001
1.40002
1.40005
1.40014
1.4003
1.40084
1.40178
1.40502
1.41082
1.42923
1.46513
1.55708
1.74204
2.14154
3.61776
5.91868
5.74242
5.55991
5.56467
5.61829
5.69031
5.72608
5.7544
5.77401
5.80425
1.40001
1.40002
1.40005
1.40011
1.4003
1.40065
1.40183
1.40388
1.41085
1.42376
1.46113
1.5371
1.7106
2.06348
3.22743
5.92653
5.75422
5.53713
5.53215
5.56901
5.63096
5.65372
5.67174
5.67665
5.70336
1.40001
1.40002
1.40004
1.40011
1.40024
1.40064
1.40145
1.40387
1.40869
1.42284
1.45195
1.52542
1.67718
1.99828
2.93394
5.80509
5.7143
5.50545
5.49271
5.50769
5.55678
5.5638
5.5592
5.54159
5.54339
1.40001
1.40002
1.40004
1.40009
1.40022
1.40055
1.40135
1.40327
1.40818
1.41948
1.44774
1.51124
1.65136
1.94178
2.72206
5.50211
5.57372
5.48188
5.43547
5.43581
5.46089
5.44919
5.41693
5.34635
5.28524
1.40001
1.40001
1.40004
1.40008
1.4002
1.40047
1.4012
1.4029
1.40713
1.41746
1.44198
1.49937
1.62517
1.88944
2.53787
5.07426
5.48901
5.43928
5.36448
5.35626
5.34852
5.31668
5.22655
5.01214
4.3985
1.40001
1.40001
1.40003
1.40007
1.40017
1.40043
1.40102
1.40254
1.40622
1.41509
1.43684
1.48688
1.59887
1.83458
2.37295
4.57226
5.44144
5.40301
5.30006
5.26818
5.23797
5.17156
5.02546
4.72719
4.07141
1.40001
1.40001
1.40002
1.40007
1.40014
1.40039
1.40081
1.4023
1.40491
1.41357
1.43
1.47602
1.56954
1.77843
2.2192
3.99512
5.4245
5.37939
5.25076
5.18184
5.13188
5.03544
4.84837
4.53474
4.02969
1.40001
1.40001
1.40002
1.40005
1.40013
1.40028
1.40074
1.40173
1.40439
1.41047
1.42588
1.46118
1.54324
1.71694
2.07772
3.35493
5.4022
5.36185
5.22629
5.10762
5.02889
4.91265
4.72077
4.43007
4.03763
1.40001
1.40001
1.40002
1.40005
1.40009
1.40026
1.40055
1.4015
1.40331
1.40882
1.42005
1.45042
1.51484
1.66137
1.95496
2.77191
5.25989
5.30891
5.21708
5.05303
4.94427
4.81602
4.62966
4.36699
4.04288
1.40001
1.40001
1.40002
1.40003
1.40009
1.40018
1.40051
1.40107
1.40297
1.40654
1.41738
1.43935
1.49651
1.6148
1.86973
2.47285
4.78786
5.21045
5.15477
5.00516
4.87412
4.73694
4.5615
4.32319
4.04108
1.40001
1.40001
1.40002
1.40003
1.40007
1.40015
1.40041
1.40085
1.40242
1.40511
1.41415
1.43113
1.47869
1.57496
1.78904
2.2434
4.07255
5.11547
5.08755
4.97414
4.81989
4.67287
4.504
4.28887
4.03619
1.40001
1.40001
1.40001
1.40003
1.40005
1.40013
1.40027
1.40076
1.40164
1.40446
1.40998
1.42593
1.45908
1.5411
1.70919
2.05674
3.29705
5.04726
5.04198
4.9661
4.79643
4.62696
4.45868
4.26153
4.03443
1.40001
1.40001
1.40001
1.40002
1.40004
1.4001
1.40021
1.40057
1.40126
1.40332
1.4076
1.41934
1.44487
1.50735
1.63909
1.90777
2.60763
4.81878
5.02773
4.95754
4.78928
4.59785
4.42622
4.24032
4.03331
1.40001
1.40001
1.40001
1.40002
1.40003
1.40008
1.40016
1.40042
1.40097
1.40246
1.40588
1.41442
1.43471
1.48211
1.58747
1.8078
2.29595
4.1955
4.93669
4.90056
4.7822
4.58313
4.40536
4.22656
4.03348
1.40001
1.40001
1.40001
1.40001
1.40002
1.40006
1.40012
1.40033
1.40068
1.40194
1.40408
1.41133
1.42472
1.4633
1.54091
1.71741
2.06267
3.35951
4.83747
4.839
4.77133
4.59926
4.40073
4.22009
4.03761
1.40001
1.40001
1.40001
1.40001
1.40002
1.40004
1.40009
1.40022
1.40052
1.40133
1.40303
1.40791
1.4179
1.44523
1.5023
1.63408
1.88444
2.54503
4.57534
4.83147
4.7718
4.62228
4.40662
4.22226
4.04459
1.40001
1.40001
1.40001
1.40001
1.40002
1.40003
1.40007
1.40015
1.40041
1.40086
1.40243
1.40511
1.41414
1.43077
1.47787
1.57191
1.77947
2.21115
3.89574
4.75527
4.72895
4.63715
4.43211
4.23501
4.05844
1.40001
1.40001
1.40001
1.40001
1.40001
1.40002
1.40005
1.40011
1.40029
1.40061
1.40169
1.40366
1.4098
1.42196
1.45516
1.52422
1.68022
1.97503
2.97791
4.58489
4.69149
4.63193
4.47028
4.26307
4.0808
1.40001
1.40001
1.40001
1.40001
1.40001
1.40002
1.40004
1.40008
1.40019
1.40044
1.40114
1.40253
1.40678
1.41494
1.43856
1.48631
1.60046
1.81747
2.33575
4.13307
4.64855
4.61208
4.50401
4.30019
4.11077
1.40001
1.40001
1.40001
1.40001
1.40001
1.40001
1.40003
1.40006
1.40012
1.40033
1.4007
1.40194
1.40415
1.41122
1.42486
1.46254
1.53946
1.711
2.03915
3.274
4.51469
4.56453
4.51173
4.3591
4.14751
1.40001
1.40001
1.40001
1.40001
1.40001
1.40001
1.40002
1.40004
1.40009
1.40022
1.40048
1.40128
1.40274
1.40748
1.4162
1.44213
1.49299
1.61548
1.8346
2.40436
4.17772
4.54255
4.50534
4.40236
4.19991
1.40001
1.40001
1.40001
1.40001
1.40001
1.40001
1.40002
1.40003
1.40006
1.40013
1.40035
1.40077
1.40199
1.4046
1.41148
1.42709
1.46471
1.54776
1.72146
2.06675
3.37774
4.42886
4.46701
4.41812
4.28146
1.40001
1.40001
1.40001
1.40001
1.40001
1.40001
1.40001
1.40002
1.40004
1.40009
1.40022
1.40049
1.40132
1.40283
1.4077
1.41659
1.44316
1.49468
1.61882
1.83348
2.41252
4.12342
4.45065
4.42024
4.33491
1.40001
1.40001
1.40001
1.40001
1.40001
1.40001
1.40001
1.40001
1.40003
1.40006
1.40015
1.40031
1.40086
1.40183
1.40498
1.41081
1.42828
1.4628
1.5493
1.71652
2.06151
3.35787
4.33362
4.39052
4.34874
1.40001
1.40001
1.40001
1.40001
1.40001
1.40001
1.40001
1.40001
1.40002
1.40004
1.40009
1.40023
1.40049
1.40126
1.40287
1.40724
1.41682
1.44099
1.49358
1.6113
1.81988
2.37284
4.01435
4.36531
4.34383
1.40001
1.40001
1.40001
1.40001
1.40001
1.40001
1.40001
1.40001
1.40001
1.40003
1.40006
1.40014
1.40032
1.40077
1.4019
1.40441
1.41109
1.42545
1.46195
1.53942
1.70326
2.02197
3.21852
4.22046
4.31904
1.40001
1.40001
1.40001
1.40001
1.40001
1.40001
1.40001
1.40001
1.40001
1.40002
1.40004
1.40009
1.40019
1.40051
1.40107
1.40294
1.40623
1.41671
1.43638
1.48976
1.59458
1.79462
2.29335
3.84488
4.27825
1.40001
1.40001
1.40001
1.40001
1.40001
1.40001
1.40001
1.40001
1.40001
1.40001
1.40003
1.40005
1.40013
1.4003
1.4007
1.40174
1.40396
1.41014
1.42276
1.45653
1.52548
1.67648
1.95558
2.9609
4.08425
1.40001
1.40001
1.40001
1.40001
1.40001
1.40001
1.40001
1.40001
1.40001
1.40001
1.40002
1.40004
1.40008
1.40018
1.40043
1.401
1.40252
1.40572
1.4145
1.43282
1.47907
1.57491
1.75677
2.18533
3.60759
1.40001
1.40001
1.40001
1.40001
1.40001
1.40001
1.40001
1.40001
1.40001
1.40001
1.40001
1.40002
1.40005
1.40011
1.40025
1.40064
1.40137
1.40373
1.40785
1.4211
1.44542
1.51095
1.63436
1.86876
2.60141
1.40001
1.40001
1.40001
1.40001
1.40001
1.40001
1.40001
1.40001
1.40001
1.40001
1.40001
1.40002
1.40003
1.40007
1.40015
1.40039
1.40081
1.40221
1.4047
1.41253
1.42739
1.46804
1.54885
1.71621
2.06205
1.40001
1.40001
1.40001
1.40001
1.40001
1.40001
1.40001
1.40001
1.40001
1.40001
1.40001
1.40001
1.40002
1.40004
1.40009
1.40023
1.40048
1.40131
1.40277
1.40744
1.41606
1.44113
1.48992
1.60553
1.80127
1.40001
1.40001
1.40001
1.40001
1.40001
1.40001
1.40001
1.40001
1.40001
1.40001
1.40001
1.40001
1.40001
1.40003
1.40006
1.40014
1.40033
1.40074
1.40195
1.40421
1.41123
1.42439
1.46158
1.53529
1.69946
1.40001
1.40001
1.40001
1.40001
1.40001
1.40001
1.40001
1.40001
1.40001
1.40001
1.40001
1.40001
1.40001
1.40002
1.40004
1.4001
1.40023
1.40056
1.40137
1.40323
1.40821
1.41901
1.44744
1.50898
1.65133
1.40001
1.40001
1.40001
1.40001
1.40001
1.40001
1.40001
1.40001
1.40001
1.40001
1.40001
1.40001
1.40001
1.40002
1.40003
1.40009
1.40018
1.40049
1.40112
1.4029
1.40688
1.41736
1.44166
1.50019
1.63123
1.40001
1.40001
1.40001
1.40001
1.40001
1.40001
1.40001
1.40001
1.40001
1.40001
1.40001
1.40001
1.40001
1.40002
1.40003
1.40008
1.40016
1.40047
1.40099
1.40287
1.40615
1.41718
1.43846
1.4974
1.61897
1.40001
1.40001
1.40001
1.40001
1.40001
1.40001
1.40001
1.40001
1.40001
1.40001
1.40001
1.40001
1.40001
1.40002
1.40003
1.40007
1.40018
1.40041
1.40109
1.40247
1.40672
1.41538
1.43999
1.49284
1.61814
1.40001
1.40001
1.40001
1.40001
1.40001
1.40001
1.40001
1.40001
1.40001
1.40001
1.40001
1.40001
1.40001
1.40002
1.40003
1.40007
1.40016
1.40044
1.40097
1.40273
1.40598
1.41657
1.43756
1.49471
1.6144
1.40001
1.40001
1.40001
1.40001
1.40001
1.40001
1.40001
1.40001
1.40001
1.40001
1.40001
1.40001
1.40001
1.40002
1.40003
1.40008
1.40015
1.40044
1.40094
1.40273
1.40588
1.41647
1.43712
1.49415
1.61274
1.40001
1.40001
1.40001
1.40001
1.40001
1.40001
1.40001
1.40001
1.40001
1.40001
1.40001
1.40001
1.40001
1.40002
1.40003
1.40007
1.40015
1.40044
1.40092
1.40269
1.40582
1.4163
1.43682
1.49347
1.61147
1.40001
1.40001
1.40001
1.40001
1.40001
1.40001
1.40001
1.40001
1.40001
1.40001
1.40001
1.40001
1.40001
1.40002
1.40003
1.40007
1.40015
1.40043
1.40091
1.40268
1.40572
1.41626
1.43638
1.49297
1.61035
1.40001
1.40001
1.40001
1.40001
1.40001
1.40001
1.40001
1.40001
1.40001
1.40001
1.40001
1.40001
1.40001
1.40002
1.40003
1.40007
1.40015
1.40041
1.40093
1.4026
1.40578
1.41592
1.43652
1.49201
1.61
1.40001
1.40001
1.40001
1.40001
1.40001
1.40001
1.40001
1.40001
1.40001
1.40001
1.40001
1.40001
1.40001
1.40001
1.40003
1.40006
1.40017
1.40037
1.40102
1.40233
1.4063
1.41475
1.43813
1.48945
1.61165
1.40001
1.40001
1.40001
1.40001
1.40001
1.40001
1.40001
1.40001
1.40001
1.40001
1.40001
1.40001
1.40001
1.40001
1.40003
1.40006
1.40017
1.40036
1.40105
1.40225
1.40648
1.41432
1.43869
1.4885
1.61216
2.18877
1.60366
1.96341
2.01916
1.84049
1.81755
1.80189
1.78554
1.75398
1.72073
1.6923
1.66539
1.63651
1.60493
1.57512
1.54759
1.52398
1.49835
1.47416
1.46458
1.46152
1.46128
1.47276
1.5028
1.54704
1.60423
1.66588
1.72973
1.79176
1.85217
1.90866
1.96111
2.01118
2.05334
2.09356
2.13021
2.16308
2.19513
2.22414
2.25011
2.27301
2.29305
2.31012
2.32555
2.34046
2.35186
2.3612
2.36665
2.37244
2.3743
2.37666
2.37554
2.37341
2.3695
2.36543
2.35959
2.35327
2.34544
2.3374
2.32829
2.3187
2.30823
2.29722
2.2857
2.27368
2.26124
2.24826
2.23495
2.2212
2.20717
2.19269
2.17797
2.16275
2.14737
2.13153
2.11558
2.09919
2.0827
2.06585
2.04887
2.03172
2.01431
1.99703
1.97927
1.96192
1.94397
1.92654
1.90867
1.8911
1.87356
1.85593
1.83879
1.82148
1.8048
1.78838
1.77255
1.75781
1.744
1.73264
1.72462
2.69238
2.20567
2.25009
2.04253
1.88083
1.80183
1.78018
1.7512
1.69394
1.6464
1.61265
1.58368
1.5554
1.52187
1.48941
1.46054
1.43458
1.41261
1.39013
1.37823
1.37346
1.37217
1.38165
1.4089
1.45296
1.51199
1.57943
1.64868
1.71654
1.78204
1.84515
1.90276
1.95566
2.00517
2.05132
2.09353
2.13335
2.17058
2.20663
2.2378
2.26714
2.29104
2.31504
2.33663
2.35646
2.3742
2.38822
2.3997
2.409
2.41689
2.4229
2.42614
2.42748
2.42783
2.42663
2.42455
2.42074
2.41632
2.41031
2.40391
2.39611
2.38806
2.37871
2.3692
2.35855
2.34775
2.33595
2.32405
2.31128
2.29839
2.28481
2.27099
2.25668
2.24196
2.22696
2.21135
2.19575
2.17928
2.16322
2.14594
2.12956
2.11156
2.09499
2.07644
2.05966
2.04081
2.02372
2.00484
1.98742
1.96865
1.95108
1.9325
1.91514
1.89689
1.88026
1.86278
1.84777
1.8324
1.82046
1.81089
3.19443
2.65763
2.46674
2.29168
2.09951
1.95961
1.86412
1.78601
1.70803
1.64557
1.60628
1.58009
1.54188
1.49306
1.4503
1.4127
1.38527
1.36263
1.34457
1.33121
1.32383
1.32122
1.32883
1.35301
1.39696
1.45708
1.52739
1.60294
1.6796
1.75283
1.82493
1.89256
1.95678
2.01522
2.07099
2.12067
2.16712
2.21031
2.25016
2.28608
2.31912
2.34837
2.37548
2.39908
2.42092
2.43898
2.45479
2.46735
2.4777
2.48676
2.49437
2.49879
2.50035
2.5008
2.50042
2.49848
2.49546
2.49079
2.48548
2.47857
2.47145
2.46251
2.45371
2.44295
2.43279
2.42054
2.40933
2.39574
2.3836
2.36876
2.35578
2.33985
2.32612
2.30926
2.29485
2.27721
2.26217
2.24391
2.2283
2.20953
2.19344
2.17427
2.15778
2.13842
2.12153
2.10234
2.08491
2.0662
2.04827
2.03004
2.01191
1.99415
1.97609
1.95897
1.94168
1.92566
1.90975
1.89585
1.88278
1.87462
3.45635
2.94929
2.66029
2.46195
2.29727
2.15473
2.04477
1.94434
1.84005
1.7446
1.66151
1.61072
1.56241
1.50668
1.45369
1.41246
1.38247
1.36129
1.34294
1.32518
1.30783
1.29749
1.30145
1.32842
1.37467
1.4435
1.52558
1.61446
1.70347
1.78774
1.86784
1.94364
2.014
2.07839
2.13872
2.19348
2.24547
2.29299
2.33761
2.37775
2.41447
2.44715
2.47711
2.50339
2.52759
2.54795
2.56617
2.58019
2.59242
2.60185
2.61091
2.61582
2.6183
2.61771
2.61755
2.61441
2.61197
2.60625
2.60146
2.59327
2.58634
2.5761
2.56742
2.55555
2.54532
2.53204
2.52033
2.50586
2.49281
2.47737
2.46305
2.4468
2.43125
2.41427
2.39754
2.3799
2.3621
2.34385
2.32514
2.30639
2.28691
2.2678
2.24764
2.22832
2.20756
2.18822
2.16699
2.14772
2.12628
2.10698
2.08576
2.06673
2.04625
2.02737
2.00786
1.98957
1.97181
1.95523
1.94061
1.92934
3.59354
3.16112
2.84377
2.62979
2.46281
2.32489
2.20528
2.10212
2.00138
1.90275
1.81337
1.72538
1.64632
1.57876
1.51666
1.46199
1.41798
1.38654
1.36159
1.34167
1.32714
1.32415
1.33366
1.36342
1.41826
1.49036
1.57341
1.66213
1.75181
1.83913
1.92278
2.00243
2.0766
2.14607
2.21018
2.27001
2.32523
2.37647
2.4236
2.46678
2.50554
2.54026
2.57109
2.5983
2.62226
2.64262
2.66011
2.67392
2.68499
2.69369
2.70171
2.70668
2.70886
2.70703
2.7048
2.70066
2.69617
2.68962
2.68256
2.67368
2.66441
2.65375
2.64273
2.63063
2.61804
2.60471
2.59076
2.57635
2.56124
2.54585
2.52979
2.51347
2.49666
2.47947
2.4621
2.44404
2.42623
2.40735
2.38921
2.36964
2.3512
2.33116
2.31243
2.29212
2.27311
2.25273
2.23344
2.21308
2.19385
2.17374
2.15456
2.13441
2.11547
2.09555
2.07709
2.05786
2.04045
2.02298
2.00786
1.99551
3.68061
3.31071
3.00979
2.78168
2.6096
2.46779
2.34979
2.24276
2.14372
2.04875
1.95783
1.87442
1.79046
1.71146
1.63685
1.57174
1.51389
1.46666
1.43058
1.4065
1.39435
1.395
1.40741
1.4406
1.49715
1.56606
1.64561
1.7282
1.81749
1.90894
1.99936
2.08559
2.16621
2.23958
2.30726
2.36836
2.42502
2.47578
2.52247
2.56341
2.60072
2.63302
2.66223
2.6871
2.70946
2.72783
2.74392
2.75608
2.76597
2.77276
2.77926
2.78318
2.78532
2.78226
2.7786
2.77291
2.76732
2.75957
2.75178
2.74177
2.73188
2.71987
2.70828
2.69468
2.68172
2.66685
2.65269
2.63674
2.62147
2.60459
2.58831
2.5706
2.55339
2.53493
2.51682
2.49762
2.47867
2.45878
2.43907
2.41869
2.3983
2.37769
2.35671
2.336
2.31455
2.29422
2.27252
2.25253
2.23056
2.2109
2.18895
2.16958
2.14794
2.12899
2.10808
2.08985
2.07029
2.05369
2.03681
2.02476
3.73604
3.42159
3.1412
2.91716
2.73773
2.59396
2.47297
2.36811
2.26993
2.17736
2.0887
2.00386
1.92394
1.84611
1.77254
1.70398
1.64587
1.59603
1.56097
1.53702
1.52636
1.52957
1.55415
1.59391
1.64305
1.70111
1.76436
1.83535
1.90275
1.9837
2.07103
2.15993
2.24241
2.31809
2.38471
2.44386
2.49667
2.54447
2.58811
2.6273
2.66281
2.69368
2.72124
2.74473
2.76576
2.78316
2.7984
2.80988
2.81943
2.82517
2.83099
2.83492
2.83778
2.83594
2.83208
2.82634
2.82034
2.81291
2.80488
2.79552
2.78518
2.77392
2.76147
2.74864
2.73447
2.72039
2.70483
2.68967
2.67294
2.65675
2.63904
2.62185
2.60338
2.58529
2.56626
2.54744
2.52789
2.5085
2.48848
2.46866
2.44818
2.42814
2.40733
2.38739
2.36629
2.3461
2.32471
2.30429
2.28273
2.262
2.24049
2.21952
2.19829
2.17729
2.15662
2.13601
2.11637
2.09705
2.07965
2.06438
3.77396
3.50111
3.24611
3.02789
2.84977
2.7022
2.57981
2.474
2.37869
2.28787
2.20143
2.11986
2.04101
1.96808
1.89714
1.83365
1.77958
1.73808
1.7131
1.69355
1.69074
1.71225
1.75522
1.78849
1.82247
1.85897
1.8932
1.93102
1.9789
2.02761
2.09199
2.17566
2.26197
2.34576
2.42002
2.4852
2.54137
2.59138
2.6361
2.67617
2.71275
2.74504
2.77398
2.79903
2.82113
2.8399
2.85602
2.86895
2.87944
2.88642
2.89224
2.89684
2.90004
2.90012
2.89632
2.89076
2.88394
2.87621
2.86723
2.85754
2.84649
2.8348
2.82176
2.80814
2.79342
2.7781
2.76212
2.74541
2.72848
2.71067
2.69292
2.67418
2.6556
2.63605
2.61669
2.59643
2.57642
2.55558
2.53503
2.51378
2.49303
2.47164
2.45061
2.42901
2.40767
2.38595
2.3643
2.34264
2.32081
2.29933
2.27751
2.25628
2.23466
2.21377
2.19264
2.17233
2.1521
2.13307
2.11491
2.09953
3.80323
3.5619
3.32914
3.12183
2.94558
2.79751
2.6734
2.56613
2.47071
2.38407
2.2992
2.22089
2.14516
2.07393
2.00981
1.95116
1.90994
1.8827
1.86419
1.85927
1.88328
1.94235
1.98497
2.00159
2.02341
2.03554
2.03029
2.03621
2.06008
2.08982
2.13296
2.18916
2.26508
2.35464
2.44087
2.51825
2.58428
2.64048
2.68842
2.73011
2.76682
2.79921
2.82829
2.85316
2.87528
2.89335
2.90895
2.92104
2.93097
2.93747
2.94203
2.94532
2.94772
2.94794
2.94449
2.93861
2.93165
2.92325
2.91413
2.90357
2.89241
2.87979
2.86678
2.85235
2.83771
2.82177
2.80569
2.78849
2.77114
2.75287
2.73446
2.71523
2.69598
2.67586
2.65594
2.63507
2.61462
2.59327
2.57257
2.55111
2.52998
2.50846
2.48678
2.46525
2.44302
2.42152
2.39886
2.37736
2.35448
2.33295
2.31008
2.28853
2.26594
2.24452
2.22248
2.2015
2.18041
2.16057
2.1416
2.12499
3.82502
3.60771
3.39609
3.19874
3.02809
2.88001
2.75508
2.64714
2.55161
2.46526
2.38424
2.3079
2.23631
2.16948
2.11001
2.06549
2.03969
2.02263
2.01688
2.03838
2.12443
2.19809
2.22051
2.23244
2.23466
2.21194
2.17113
2.145
2.1432
2.15966
2.18419
2.22115
2.2689
2.33054
2.41106
2.49452
2.57184
2.63994
2.69619
2.74276
2.78125
2.81398
2.84261
2.86703
2.88872
2.90746
2.92333
2.93641
2.94675
2.95419
2.95877
2.96161
2.96398
2.96468
2.96312
2.95774
2.95074
2.94221
2.93271
2.92214
2.91053
2.8981
2.88447
2.8703
2.85487
2.83915
2.82227
2.80523
2.78726
2.76908
2.75027
2.73107
2.71152
2.69146
2.67116
2.65052
2.62975
2.60902
2.58783
2.56702
2.54538
2.52444
2.5024
2.48127
2.45894
2.43762
2.41511
2.39365
2.37107
2.34956
2.32703
2.30555
2.28321
2.26191
2.23996
2.21908
2.19787
2.17797
2.15868
2.14156
3.8456
3.64573
3.4504
3.26567
3.09837
2.9537
2.82677
2.71923
2.62282
2.53829
2.45861
2.38552
2.31783
2.25765
2.2065
2.18482
2.16823
2.16218
2.18622
2.26971
2.39751
2.45631
2.46328
2.46293
2.44041
2.37348
2.31169
2.26677
2.24084
2.23711
2.24905
2.26804
2.29854
2.33451
2.38456
2.45099
2.53043
2.60915
2.67987
2.73958
2.78832
2.82796
2.86018
2.88726
2.91007
2.92993
2.9469
2.96114
2.97259
2.98125
2.98704
2.98983
2.99195
2.99327
2.99292
2.98952
2.9828
2.97486
2.96526
2.95506
2.94331
2.93111
2.9174
2.90329
2.88784
2.87198
2.85513
2.83781
2.81987
2.80132
2.78241
2.76275
2.74291
2.72226
2.7017
2.68055
2.65953
2.638
2.61658
2.59476
2.57299
2.55095
2.52886
2.50669
2.48432
2.4621
2.4395
2.41728
2.39455
2.37236
2.34966
2.32754
2.30502
2.2831
2.26095
2.23945
2.21799
2.1974
2.1778
2.1597
3.8654
3.6798
3.49606
3.32292
3.16157
3.01851
2.89246
2.78311
2.6869
2.60182
2.52523
2.4546
2.39248
2.33958
2.31464
2.298
2.29673
2.31717
2.39262
2.56338
2.68265
2.69777
2.69807
2.67939
2.61554
2.5272
2.45212
2.39542
2.35482
2.33089
2.32041
2.32878
2.34045
2.35847
2.38873
2.42484
2.47548
2.54549
2.62018
2.69202
2.75563
2.80792
2.84948
2.88193
2.90791
2.9289
2.94678
2.96139
2.97369
2.98342
2.99065
2.99491
2.99727
2.99887
2.99984
2.99862
2.99376
2.98635
2.97765
2.96733
2.95608
2.94353
2.93023
2.91586
2.90089
2.88494
2.86855
2.85119
2.83356
2.81491
2.79617
2.77634
2.7566
2.73602
2.7157
2.69469
2.67377
2.65245
2.63092
2.60942
2.58734
2.56576
2.54328
2.52164
2.4989
2.47716
2.45429
2.43246
2.40957
2.38766
2.36485
2.34294
2.32032
2.29854
2.27623
2.25482
2.23313
2.21251
2.19263
2.1742
3.88537
3.71247
3.53879
3.3728
3.21886
3.0785
2.95313
2.84353
2.74667
2.66118
2.5867
2.52059
2.46484
2.43489
2.42186
2.41893
2.44112
2.50793
2.69025
2.86927
2.92867
2.92778
2.91152
2.86082
2.76181
2.6682
2.58879
2.52576
2.47514
2.43807
2.41083
2.39616
2.39041
2.3985
2.40943
2.42878
2.4548
2.4916
2.54793
2.61703
2.68989
2.75689
2.81419
2.86011
2.89544
2.92258
2.94359
2.96039
2.97401
2.98483
2.99347
2.99976
3.00325
3.00519
3.00613
3.00622
3.00363
2.99757
2.98905
2.97941
2.96811
2.95603
2.94255
2.92851
2.91333
2.89766
2.88105
2.8639
2.84596
2.8274
2.80816
2.78835
2.76815
2.74761
2.72673
2.70569
2.68426
2.66285
2.64098
2.6193
2.5971
2.57522
2.55281
2.53078
2.50822
2.48613
2.46345
2.44136
2.41862
2.39659
2.37386
2.35195
2.32934
2.30762
2.28528
2.26389
2.24215
2.22144
2.20146
2.18266
3.90918
3.74204
3.57852
3.41933
3.27017
3.13395
3.01016
2.89968
2.8042
2.71765
2.6463
2.58497
2.54812
2.53789
2.53638
2.55656
2.62366
2.79458
3.01876
3.13798
3.13821
3.12734
3.09052
2.99744
2.89279
2.80015
2.72087
2.6547
2.5977
2.55065
2.51096
2.4805
2.45821
2.44467
2.4425
2.44993
2.45998
2.47801
2.50416
2.54518
2.60702
2.67473
2.74302
2.80495
2.8564
2.89635
2.92666
2.9489
2.96569
2.97843
2.98844
2.99627
3.00174
3.00485
3.0064
3.00731
3.00668
3.00357
2.99661
2.9878
2.9774
2.96583
2.95316
2.93947
2.92498
2.90948
2.8934
2.87625
2.85868
2.84
2.82104
2.80125
2.78136
2.76083
2.74018
2.71913
2.69783
2.6764
2.65457
2.63288
2.61064
2.58876
2.56623
2.54422
2.52152
2.49941
2.47664
2.45447
2.43169
2.40949
2.38677
2.36464
2.34204
2.3201
2.29776
2.27618
2.2544
2.2335
2.21347
2.19431
3.93757
3.77532
3.61755
3.46666
3.32127
3.18781
3.066
2.95606
2.86023
2.77734
2.70849
2.66115
2.65113
2.64997
2.66928
2.73325
2.89228
3.1446
3.30723
3.32861
3.32222
3.29395
3.2181
3.11143
3.01192
2.92482
2.84815
2.78005
2.71887
2.66413
2.61552
2.57353
2.5381
2.51002
2.49021
2.47723
2.48001
2.48593
2.49583
2.51397
2.54373
2.58954
2.65232
2.71962
2.78493
2.84178
2.88796
2.92243
2.94766
2.96558
2.97885
2.98861
2.99565
3.00059
3.00254
3.00382
3.00388
3.00279
2.99858
2.99103
2.98127
2.97022
2.95785
2.94452
2.93019
2.91497
2.89891
2.88195
2.86422
2.84563
2.82659
2.80689
2.78689
2.76637
2.74559
2.72448
2.70306
2.68155
2.65965
2.63788
2.61563
2.59369
2.57122
2.54918
2.52657
2.50449
2.48181
2.45975
2.43705
2.41506
2.3924
2.37053
2.34802
2.32634
2.3041
2.28276
2.26109
2.24034
2.22041
2.20124
3.97016
3.81067
3.65729
3.51156
3.37142
3.24036
3.12068
3.0122
2.91728
2.84068
2.77813
2.76807
2.76415
2.78124
2.842
2.99012
3.25873
3.45319
3.50521
3.4996
3.475
3.41256
3.31131
3.21259
3.1237
3.04314
2.9694
2.90063
2.83653
2.77632
2.72104
2.67026
2.62527
2.58609
2.55344
2.52778
2.51072
2.50191
2.50699
2.51147
2.52144
2.54028
2.5745
2.62708
2.69022
2.75676
2.81874
2.87119
2.91184
2.94175
2.96252
2.97689
2.98648
2.99315
2.9969
2.99848
2.99932
2.99948
2.99797
2.99336
2.98516
2.97517
2.96371
2.95099
2.93717
2.92221
2.90641
2.8895
2.87193
2.8534
2.83457
2.81491
2.79508
2.77456
2.75389
2.73279
2.71143
2.68998
2.66809
2.64641
2.62413
2.60228
2.57972
2.55772
2.53501
2.51291
2.49012
2.46798
2.44519
2.42307
2.40036
2.37836
2.35581
2.33405
2.3118
2.29043
2.26881
2.2481
2.22827
2.20912
4.01312
3.85322
3.70273
3.55913
3.42345
3.29422
3.17717
3.07171
2.9822
2.91019
2.88598
2.88131
2.89747
2.95376
3.0931
3.36978
3.5868
3.66254
3.65866
3.63966
3.58917
3.49247
3.39677
3.31043
3.2313
3.15682
3.08528
3.0158
2.94913
2.88461
2.82453
2.76736
2.71578
2.6684
2.62687
2.59108
2.56133
2.53896
2.52437
2.52106
2.52367
2.52769
2.53884
2.56029
2.6015
2.65771
2.72237
2.7873
2.84649
2.89472
2.93107
2.95588
2.97241
2.98246
2.98856
2.99158
2.99257
2.99319
2.9927
2.9907
2.98476
2.97629
2.96593
2.95402
2.94076
2.92616
2.91063
2.89381
2.87647
2.85811
2.83948
2.81996
2.80024
2.77985
2.75919
2.73818
2.71674
2.69533
2.67333
2.65167
2.62931
2.60747
2.58488
2.56287
2.54017
2.51803
2.4953
2.47312
2.45044
2.42831
2.40576
2.38381
2.36145
2.33981
2.3178
2.29662
2.27529
2.25485
2.23534
2.21656
4.07315
3.9013
3.75069
3.60911
3.47512
3.34966
3.23437
3.13584
3.05408
3.01603
3.00936
3.02257
3.07348
3.20328
3.48294
3.71686
3.8104
3.80779
3.79187
3.74956
3.6588
3.56761
3.48391
3.40817
3.33532
3.26498
3.19416
3.12428
3.05545
2.98871
2.92478
2.86404
2.80721
2.75452
2.70616
2.66301
2.6242
2.59163
2.56459
2.54464
2.53576
2.53104
2.53425
2.53896
2.55209
2.57863
2.62554
2.68467
2.75058
2.8145
2.86979
2.91322
2.94387
2.96413
2.97574
2.98227
2.98432
2.98528
2.98535
2.9846
2.98164
2.9752
2.96655
2.95594
2.9437
2.92974
2.9146
2.89809
2.88106
2.8629
2.84447
2.82506
2.8054
2.78503
2.76435
2.74335
2.7219
2.70049
2.67851
2.65683
2.63454
2.61267
2.59021
2.56818
2.5456
2.52344
2.50081
2.47857
2.45595
2.43378
2.41127
2.38933
2.36706
2.34553
2.3237
2.30279
2.28175
2.26179
2.24269
2.22471
4.1439
3.95914
3.80322
3.66166
3.53091
3.4086
3.3004
3.20932
3.15765
3.14842
3.15811
3.20416
3.32634
3.60656
3.84922
3.95525
3.95323
3.93892
3.90091
3.81394
3.72586
3.64723
3.57497
3.50701
3.43835
3.36919
3.2982
3.22796
3.15763
3.08958
3.02291
2.95977
2.89915
2.84282
2.78966
2.74085
2.69558
2.65505
2.61882
2.58823
2.5641
2.54729
2.54234
2.53572
2.53917
2.54603
2.56161
2.59378
2.64657
2.7086
2.77458
2.83608
2.88757
2.92555
2.95124
2.96619
2.97395
2.97598
2.97653
2.97641
2.97485
2.97037
2.96324
2.95408
2.94313
2.93017
2.91582
2.89983
2.88318
2.86528
2.84705
2.82784
2.80838
2.78821
2.76772
2.74688
2.72557
2.70425
2.68232
2.66064
2.63831
2.61638
2.59386
2.57179
2.54923
2.52709
2.50455
2.48241
2.45995
2.43793
2.41562
2.39385
2.37181
2.3505
2.32896
2.30844
2.28786
2.26862
2.25014
2.23357
4.23322
4.03196
3.861
3.71708
3.5871
3.47226
3.37439
3.31098
3.29867
3.30496
3.34724
3.46356
3.74454
3.99184
4.10597
4.10317
4.08832
4.04977
3.9622
3.87631
3.80096
3.73421
3.66999
3.60558
3.53863
3.46975
3.39935
3.3285
3.25779
3.18839
3.12034
3.05547
2.99212
2.93307
2.87534
2.8223
2.77129
2.72509
2.68194
2.64388
2.61033
2.58263
2.56059
2.54879
2.54086
2.53764
2.5413
2.55062
2.56961
2.60834
2.66399
2.72875
2.79437
2.85308
2.8999
2.93289
2.95298
2.96301
2.96536
2.96589
2.96533
2.96306
2.95742
2.94947
2.93984
2.92807
2.91488
2.89978
2.88386
2.86645
2.84865
2.82971
2.81047
2.79043
2.77003
2.74924
2.72798
2.70672
2.68489
2.66332
2.64109
2.61929
2.59682
2.57487
2.55234
2.5303
2.50783
2.48578
2.46346
2.44153
2.41945
2.39786
2.37615
2.35517
2.33409
2.31415
2.29425
2.27612
2.25855
2.24432
4.27498
4.11285
3.93183
3.77914
3.6537
3.547
3.47422
3.45914
3.46257
3.50248
3.61745
3.90221
4.15294
4.2675
4.26326
4.24539
4.20008
4.10889
4.02178
3.94874
3.88483
3.82543
3.76499
3.70226
3.63621
3.56778
3.4977
3.42651
3.35578
3.28527
3.21684
3.14948
3.08493
3.02209
2.96224
2.90502
2.85069
2.79971
2.75173
2.70772
2.66731
2.63124
2.60019
2.57454
2.55646
2.54631
2.53676
2.53565
2.53998
2.55151
2.57448
2.62233
2.67988
2.74543
2.80976
2.86498
2.90635
2.93332
2.9478
2.95244
2.95278
2.95209
2.94931
2.94253
2.93385
2.92314
2.91109
2.89716
2.88214
2.86548
2.8481
2.82952
2.8104
2.79056
2.77023
2.74965
2.72848
2.70746
2.6857
2.66437
2.64227
2.62069
2.59845
2.57661
2.55436
2.53234
2.51017
2.48814
2.46614
2.44432
2.42261
2.40125
2.38005
2.35954
2.33926
2.32021
2.30158
2.28522
2.26928
2.25891
4.28528
4.19264
4.00764
3.85164
3.72895
3.64633
3.62797
3.62851
3.66905
3.78816
4.08258
4.33565
4.44488
4.44017
4.41607
4.3561
4.25895
4.1685
4.0937
4.0315
3.97431
3.91763
3.85841
3.79602
3.7307
3.66245
3.59297
3.52188
3.45133
3.38044
3.31143
3.2427
3.17683
3.11154
3.04987
2.98907
2.93235
2.87689
2.82596
2.77642
2.73143
2.68888
2.65106
2.61655
2.58825
2.5642
2.55012
2.53791
2.52868
2.53179
2.53753
2.55086
2.57784
2.63008
2.6911
2.75769
2.81946
2.87015
2.90599
2.92695
2.9361
2.9365
2.9358
2.93255
2.9254
2.91545
2.90434
2.89118
2.87716
2.8613
2.84472
2.82668
2.80801
2.78852
2.76845
2.74818
2.72723
2.70648
2.68497
2.66379
2.64194
2.62041
2.59839
2.5767
2.55467
2.53298
2.51111
2.4895
2.4679
2.44657
2.42536
2.40463
2.38408
2.36448
2.34518
2.32758
2.3107
2.29695
2.28418
2.27692
4.26666
4.22225
4.10832
3.94563
3.82987
3.8076
3.80561
3.848
3.97603
4.28994
4.54991
4.64764
4.63939
4.60574
4.52445
4.41638
4.32041
4.24306
4.17973
4.12353
4.06918
4.01242
3.95309
3.88979
3.82454
3.75596
3.68686
3.61571
3.54521
3.47394
3.4042
3.33434
3.267
3.19982
3.13624
3.07294
3.01402
2.95551
2.90141
2.84827
2.79939
2.75208
2.70915
2.66838
2.63273
2.60005
2.57334
2.55293
2.53815
2.52609
2.51912
2.52205
2.53016
2.54682
2.5814
2.63518
2.69879
2.76433
2.82295
2.86847
2.89798
2.91354
2.9154
2.91475
2.91202
2.90544
2.8949
2.88224
2.86887
2.85402
2.8383
2.82101
2.80298
2.78384
2.76425
2.74404
2.72355
2.70286
2.68181
2.66091
2.63944
2.61841
2.59673
2.57551
2.55384
2.53244
2.51096
2.48961
2.4685
2.44752
2.42703
2.40693
2.38751
2.36908
2.35168
2.3363
2.32279
2.31308
2.3029
2.30031
4.25366
4.23336
4.18162
4.05196
4.00697
3.99846
4.0404
4.18189
4.52291
4.78887
4.87159
4.85854
4.81297
4.70677
4.58501
4.48037
4.39862
4.33148
4.27427
4.21862
4.16413
4.10594
4.04587
3.98198
3.91615
3.84787
3.77819
3.70781
3.63636
3.56594
3.49437
3.4253
3.35524
3.28854
3.22169
3.15824
3.09559
3.03614
2.97805
2.92315
2.86987
2.81988
2.77187
2.72733
2.68505
2.64714
2.61163
2.58196
2.55579
2.53872
2.52192
2.50949
2.50544
2.50876
2.51837
2.53819
2.58106
2.63634
2.70126
2.76512
2.81932
2.85847
2.88142
2.88935
2.88889
2.88653
2.88116
2.86956
2.857
2.84261
2.82755
2.81124
2.79403
2.77609
2.75698
2.7379
2.71746
2.69773
2.67661
2.65641
2.63505
2.61441
2.59314
2.5722
2.55118
2.53016
2.50944
2.48857
2.46832
2.44805
2.42863
2.40964
2.39183
2.37532
2.36057
2.34907
2.33996
2.33273
2.32948
2.33139
4.18135
4.25427
4.23542
4.21198
4.20504
4.25674
4.42809
4.79559
5.06689
5.12686
5.10645
5.0439
4.90212
4.76465
4.65078
4.56162
4.49175
4.43151
4.37574
4.31974
4.2627
4.20255
4.14033
4.07505
4.00807
3.93936
3.86933
3.79902
3.72749
3.65671
3.58493
3.51474
3.44393
3.3758
3.30716
3.24238
3.17693
3.11622
3.05469
2.99832
2.9412
2.8892
2.83702
2.78931
2.74267
2.69976
2.65888
2.62228
2.58794
2.55937
2.53534
2.51717
2.49989
2.48728
2.48805
2.49247
2.50286
2.52442
2.57279
2.63106
2.69589
2.75674
2.80584
2.83746
2.85555
2.85501
2.85355
2.84943
2.84059
2.8268
2.81184
2.796
2.77952
2.76258
2.74431
2.72609
2.70654
2.68742
2.66726
2.64755
2.62725
2.60722
2.58697
2.56681
2.54672
2.52654
2.50673
2.48687
2.46753
2.44868
2.43035
2.41351
2.39763
2.38442
2.37457
2.36678
2.36289
2.36204
2.36425
2.37871
3.92379
4.24374
4.31571
4.37775
4.50144
4.77216
5.13966
5.38731
5.4093
5.37732
5.2903
5.11649
4.96033
4.83496
4.73876
4.66337
4.59902
4.54006
4.48116
4.42183
4.36041
4.2979
4.23312
4.16735
4.0994
4.03062
3.96043
3.88936
3.81806
3.74582
3.67441
3.60246
3.53182
3.46156
3.39273
3.32524
3.25938
3.1952
3.13319
3.07261
3.01482
2.95822
2.9046
2.8523
2.80305
2.75521
2.7106
2.66772
2.62856
2.59158
2.55934
2.5302
2.50914
2.48631
2.47081
2.45898
2.46037
2.4658
2.47881
2.50786
2.55791
2.61855
2.68196
2.73846
2.78081
2.80622
2.81407
2.81324
2.8102
2.80307
2.78961
2.77454
2.75887
2.74237
2.72559
2.70811
2.69024
2.67178
2.65305
2.63398
2.6148
2.59547
2.57619
2.55685
2.53782
2.51874
2.50007
2.48168
2.46378
2.44689
2.43084
2.4171
2.40502
2.39819
2.39221
2.39089
2.39205
2.39725
2.41155
2.45769
3.28382
4.13397
4.44194
4.69147
5.09595
5.54309
5.76038
5.74134
5.6785
5.52809
5.33934
5.16796
5.02847
4.92483
4.84423
4.7758
4.71241
4.65049
4.58818
4.52509
4.46087
4.39604
4.32935
4.26162
4.19195
4.12111
4.04911
3.97666
3.90399
3.83171
3.75986
3.68821
3.61692
3.54572
3.47596
3.40693
3.33964
3.27369
3.20947
3.14689
3.08633
3.02703
2.97059
2.91522
2.86279
2.81174
2.76317
2.71664
2.67198
2.63021
2.59048
2.55443
2.52145
2.49422
2.46995
2.44769
2.4307
2.42434
2.42586
2.432
2.44721
2.48304
2.53523
2.5973
2.65813
2.71036
2.74392
2.76305
2.76355
2.76228
2.75801
2.74776
2.73301
2.7168
2.70051
2.6841
2.66751
2.65058
2.6332
2.61576
2.59786
2.5801
2.56214
2.54426
2.52664
2.50922
2.49235
2.47597
2.46052
2.4464
2.43387
2.42534
2.41902
2.41755
2.41741
2.42011
2.4318
2.458
2.4874
2.57395
2.32871
3.80251
4.66977
5.35177
5.96569
6.17342
6.14445
6.03299
5.77669
5.56705
5.38663
5.235
5.12201
5.03652
4.96472
4.89738
4.83147
4.76465
4.69771
4.62983
4.56211
4.49377
4.42462
4.35462
4.2835
4.21144
4.13887
4.06634
3.99354
3.92063
3.84691
3.77364
3.6998
3.62709
3.5548
3.48413
3.41465
3.34668
3.28061
3.21582
3.15345
3.09227
3.03359
2.97573
2.92039
2.86615
2.81391
2.76359
2.71452
2.66826
2.62305
2.58126
2.54121
2.5051
2.47289
2.44519
2.41839
2.39822
2.38017
2.37972
2.38139
2.3884
2.40711
2.44991
2.50549
2.56733
2.62538
2.66904
2.69557
2.7053
2.70516
2.7029
2.69623
2.68273
2.66761
2.65264
2.63703
2.62203
2.60628
2.59077
2.57466
2.55871
2.54261
2.52663
2.51092
2.49546
2.48102
2.46736
2.4555
2.44562
2.43972
2.43799
2.43753
2.43952
2.44865
2.46688
2.4997
2.55645
2.60339
2.71528
2.0187
2.93127
5.0975
6.41848
6.61676
6.56085
6.36496
6.04487
5.78259
5.58641
5.43625
5.31942
5.23234
5.15764
5.08665
5.01544
4.94329
4.87054
4.79759
4.7249
4.65246
4.58073
4.50963
4.43829
4.36654
4.29406
4.22047
4.14571
4.07011
3.9943
3.91837
3.8433
3.76908
3.69641
3.62409
3.553
3.48294
3.41382
3.34649
3.27982
3.21544
3.15166
3.09029
3.02979
2.97138
2.91427
2.85863
2.805
2.75218
2.70207
2.65261
2.60609
2.56097
2.51872
2.4791
2.4432
2.41156
2.38184
2.35498
2.33437
2.32384
2.32285
2.32483
2.33583
2.36146
2.40969
2.46796
2.5291
2.57966
2.61477
2.63442
2.63735
2.6372
2.63452
2.62628
2.61289
2.59899
2.5848
2.57118
2.55749
2.54387
2.53027
2.51661
2.5032
2.49014
2.47773
2.46643
2.45729
2.44976
2.44883
2.44896
2.45127
2.45857
2.47333
2.50227
2.54798
2.60604
2.68482
2.74644
2.85257
1.93362
2.73269
5.08479
6.68981
6.71451
6.55524
6.2276
5.92935
5.72306
5.58226
5.47496
5.39813
5.32795
5.25728
5.18395
5.10885
5.03229
4.95594
4.87988
4.80466
4.73008
4.65631
4.58301
4.50985
4.43656
4.36281
4.28847
4.21332
4.13759
4.06152
3.98514
3.90915
3.83327
3.75819
3.68402
3.61055
3.5387
3.46743
3.39826
3.32976
3.26323
3.19785
3.13396
3.07164
3.01055
2.95101
2.89277
2.83599
2.78058
2.72676
2.67437
2.62364
2.57493
2.5275
2.48338
2.44045
2.40172
2.36657
2.33387
2.30341
2.27993
2.26
2.2574
2.25685
2.26063
2.27484
2.31038
2.36244
2.42299
2.47813
2.52173
2.54798
2.56088
2.56264
2.56285
2.56001
2.55027
2.53953
2.5281
2.51689
2.5061
2.49552
2.4855
2.47563
2.46677
2.45918
2.45287
2.45109
2.45204
2.45456
2.46087
2.47358
2.49808
2.53604
2.59245
2.66334
2.74044
2.82279
2.88013
2.95581
1.88254
2.69439
5.02618
6.31804
6.33249
6.16371
5.89857
5.72929
5.62411
5.54314
5.48963
5.43598
5.37387
5.3057
5.2317
5.15567
5.07826
5.0014
4.92453
4.84851
4.77291
4.69767
4.62301
4.54813
4.47386
4.39908
4.32455
4.24904
4.17364
4.09733
4.02139
3.94476
3.86911
3.79296
3.71858
3.64399
3.57155
3.49946
3.42912
3.36015
3.29188
3.2261
3.15997
3.09708
3.03334
2.97295
2.91179
2.8538
2.79518
2.73984
2.68371
2.63137
2.57801
2.52875
2.47903
2.43317
2.3883
2.34726
2.30929
2.27472
2.24171
2.21461
2.19265
2.18106
2.1786
2.17973
2.18804
2.2099
2.25496
2.31183
2.36878
2.4179
2.45245
2.47424
2.48203
2.48577
2.48712
2.48454
2.47702
2.46894
2.46091
2.45323
2.44685
2.44123
2.43771
2.43667
2.43925
2.44347
2.45024
2.46262
2.48486
2.51727
2.56954
2.63623
2.7147
2.79723
2.87168
2.9346
2.97137
3.00952
1.88803
2.61947
5.00101
5.99888
5.9293
5.72079
5.59915
5.54719
5.51011
5.4851
5.45082
5.40375
5.34522
5.27996
5.21002
5.13923
5.06604
4.9931
4.91942
4.8452
4.77019
4.69362
4.61719
4.54055
4.46509
4.39032
4.31659
4.24271
4.16895
4.09433
4.01973
3.94408
3.86911
3.7934
3.71925
3.64506
3.57277
3.50127
3.43119
3.36273
3.29489
3.22918
3.16364
3.10009
3.03676
2.97502
2.91372
2.85377
2.79456
2.73652
2.67955
2.6238
2.56909
2.51623
2.46428
2.41468
2.36715
2.32107
2.27929
2.2391
2.20315
2.16836
2.13861
2.11467
2.09548
2.09194
2.09102
2.09409
2.10921
2.14368
2.19617
2.25471
2.30943
2.35216
2.38105
2.39904
2.40566
2.41153
2.4151
2.4137
2.41067
2.40658
2.40479
2.40477
2.40918
2.41497
2.42301
2.43645
2.45652
2.48521
2.5323
2.59506
2.67264
2.75646
2.83846
2.90805
2.95904
2.99435
3.00639
3.02326
1.8788
2.59502
4.97541
5.90386
5.75553
5.53691
5.45108
5.42684
5.4167
5.39576
5.35888
5.31074
5.25362
5.19162
5.12514
5.05732
4.98806
4.91777
4.84671
4.77343
4.69978
4.62429
4.54918
4.47376
4.39915
4.32533
4.25229
4.18023
4.10732
4.0347
3.96077
3.88771
3.81402
3.74236
3.67069
3.60166
3.53268
3.46633
3.39976
3.33556
3.27083
3.20795
3.14461
3.08206
3.02016
2.95741
2.89708
2.83467
2.77577
2.71477
2.65735
2.59849
2.54335
2.48685
2.43501
2.38154
2.3337
2.28364
2.24042
2.19473
2.15712
2.11761
2.08332
2.05202
2.02629
2.00634
1.99873
1.99701
2.00023
2.01276
2.04041
2.09014
2.14814
2.20667
2.25481
2.2928
2.31537
2.33264
2.34044
2.34885
2.35407
2.35675
2.36351
2.37049
2.38036
2.39445
2.41272
2.44138
2.48193
2.54068
2.61409
2.69898
2.78464
2.86298
2.92355
2.96664
2.99086
3.00354
3.00426
3.01141
1.87735
2.58647
4.97223
5.87093
5.6963
5.46407
5.37325
5.34578
5.32979
5.29684
5.25357
5.19998
5.14171
5.08
5.01615
4.95125
4.88505
4.81619
4.74599
4.67203
4.59786
4.52097
4.44508
4.36822
4.29256
4.21711
4.14291
4.06999
3.99845
3.92877
3.86067
3.79444
3.7297
3.66643
3.60411
3.54265
3.48148
3.42062
3.35956
3.29834
3.23665
3.17452
3.11192
3.04893
2.98569
2.92241
2.85928
2.7967
2.73453
2.67388
2.61345
2.55583
2.49794
2.4434
2.38913
2.33735
2.28713
2.23778
2.19145
2.14633
2.10434
2.06518
2.02722
1.99509
1.96383
1.9427
1.92433
1.91906
1.92151
1.92678
1.93868
1.96321
2.00967
2.06672
2.12479
2.1768
2.21904
2.24889
2.26934
2.28376
2.29667
2.30656
2.31931
2.33895
2.35727
2.38229
2.41724
2.46985
2.53919
2.62237
2.71012
2.79478
2.86474
2.91734
2.95057
2.96952
2.97718
2.97945
2.97833
2.98129
1.87456
2.58182
4.9488
5.859
5.67366
5.42956
5.32944
5.29986
5.27092
5.23013
5.17368
5.11758
5.05553
4.99619
4.93151
4.86671
4.79686
4.72487
4.64897
4.57158
4.49234
4.41385
4.33516
4.25929
4.184
4.11255
4.04187
3.97546
3.91046
3.8487
3.78826
3.7295
3.6715
3.61373
3.55601
3.49749
3.43848
3.37801
3.31688
3.25402
3.19085
3.12608
3.06186
2.99641
2.93247
2.86796
2.80561
2.74322
2.68312
2.62353
2.56573
2.50882
2.45309
2.39884
2.34533
2.29355
2.24278
2.19402
2.14756
2.1029
2.06185
2.02412
1.99035
1.96034
1.93272
1.90977
1.89125
1.87622
1.87133
1.87467
1.88086
1.89116
1.91178
1.9514
2.00724
2.06342
2.11845
2.16212
2.1975
2.22331
2.24529
2.2637
2.28879
2.3145
2.34662
2.39036
2.45111
2.52689
2.61241
2.69946
2.77693
2.83878
2.88181
2.90899
2.92294
2.92978
2.93091
2.93088
2.92969
2.93244
1.87204
2.58175
4.9229
5.8594
5.66837
5.41226
5.3074
5.27771
5.24739
5.19983
5.14056
5.07761
5.01508
4.95229
4.88749
4.81666
4.74247
4.66175
4.5807
4.49672
4.41531
4.33466
4.25789
4.18403
4.11417
4.04738
3.9837
3.92217
3.86272
3.80449
3.74689
3.6895
3.63144
3.57279
3.51283
3.4519
3.38971
3.32667
3.26286
3.19864
3.13441
3.07028
3.00672
2.94366
2.8814
2.81991
2.75903
2.69904
2.63923
2.58052
2.52195
2.46516
2.40897
2.35527
2.30235
2.25261
2.20467
2.16031
2.11803
2.07871
2.04171
2.00745
1.97547
1.94636
1.91869
1.89463
1.87213
1.85451
1.84002
1.8323
1.83518
1.83865
1.84687
1.86371
1.89714
1.94711
2.00391
2.05991
2.1091
2.15084
2.18616
2.22059
2.25621
2.29658
2.35084
2.41911
2.49901
2.58521
2.66754
2.73807
2.7914
2.82807
2.85063
2.86341
2.87031
2.87335
2.87475
2.87499
2.87464
2.87788
1.86987
2.58434
4.89642
5.86345
5.66834
5.4018
5.29338
5.26703
5.23949
5.19118
5.13105
5.06836
5.00453
4.93789
4.87027
4.79655
4.72051
4.6368
4.55185
4.46362
4.37847
4.29554
4.21865
4.1458
4.07904
4.01465
3.95449
3.89428
3.83614
3.77685
3.71778
3.6575
3.59644
3.53458
3.472
3.40903
3.34588
3.28275
3.21981
3.1572
3.09482
3.03287
2.97101
2.90955
2.84807
2.78689
2.72595
2.66554
2.60614
2.5476
2.49083
2.43522
2.38191
2.33021
2.28119
2.23431
2.19
2.14779
2.108
2.06999
2.03425
1.99981
1.9676
1.93652
1.90768
1.87974
1.85476
1.8311
1.81174
1.79512
1.78598
1.78638
1.78894
1.79563
1.81043
1.84077
1.89064
1.95041
2.01225
2.07164
2.12663
2.18186
2.23656
2.30212
2.37824
2.46303
2.54877
2.62729
2.69114
2.73862
2.77052
2.79107
2.80371
2.81173
2.81712
2.82015
2.82212
2.82274
2.82295
2.82627
1.86775
2.58883
4.87343
5.8673
5.66879
5.39552
5.28394
5.25911
5.23522
5.18946
5.13031
5.06861
5.00622
4.93945
4.86864
4.79439
4.71674
4.63482
4.5477
4.45862
4.36952
4.28494
4.20579
4.13298
4.06587
4.00225
3.94168
3.88143
3.82175
3.76136
3.70015
3.63854
3.57576
3.51322
3.44988
3.38715
3.3242
3.2619
3.19973
3.1381
3.0766
3.01549
2.95434
2.89349
2.83264
2.77205
2.71192
2.65209
2.59356
2.53544
2.47963
2.42442
2.37225
2.321
2.2729
2.22625
2.18216
2.14012
2.09972
2.06185
2.02473
1.99041
1.95629
1.92495
1.894
1.86537
1.83805
1.81268
1.79011
1.77038
1.7545
1.74697
1.74756
1.75053
1.75796
1.77434
1.80762
1.86116
1.92709
2.00106
2.07819
2.15795
2.24224
2.33239
2.42475
2.51324
2.58948
2.64959
2.69266
2.72218
2.74142
2.75464
2.76365
2.7704
2.77529
2.77842
2.78052
2.78101
2.78123
2.78424
1.86506
2.59315
4.85994
5.86458
5.67124
5.39231
5.27803
5.2537
5.23194
5.18853
5.1317
5.07083
5.00972
4.944
4.87261
4.79739
4.71907
4.63835
4.5511
4.46229
4.3707
4.28556
4.2038
4.13159
4.0628
4.00015
3.93815
3.87817
3.81736
3.75645
3.6947
3.63256
3.56994
3.5072
3.44429
3.3816
3.319
3.25685
3.19493
3.13356
3.07226
3.01165
2.95062
2.89051
2.82957
2.76983
2.7093
2.65029
2.59115
2.53369
2.4773
2.42243
2.37
2.31865
2.27079
2.22352
2.18014
2.13706
2.09753
2.05847
2.0219
1.98659
1.95225
1.92047
1.88826
1.8597
1.83016
1.80485
1.77924
1.75821
1.73929
1.72448
1.7223
1.72333
1.72746
1.73729
1.75761
1.80141
1.86429
1.94631
2.04357
2.15136
2.26367
2.37329
2.47102
2.55132
2.61146
2.65429
2.6831
2.70302
2.71673
2.72722
2.735
2.74131
2.74603
2.74924
2.75132
2.7521
2.75234
2.7554
1.86393
2.59544
4.85382
5.86237
5.67224
5.39141
5.27538
5.25113
5.23069
5.18876
5.13325
5.07316
5.01236
4.94716
4.8759
4.80015
4.72149
4.64104
4.55405
4.46528
4.3729
4.28726
4.20451
4.13242
4.06306
4.00091
3.93845
3.87869
3.81735
3.75641
3.69443
3.63223
3.56974
3.50708
3.44445
3.38188
3.31947
3.25737
3.19554
3.13419
3.07297
3.01244
2.95149
2.89153
2.83057
2.77103
2.7103
2.65151
2.59193
2.53474
2.47774
2.42314
2.37012
2.31891
2.27065
2.22332
2.1798
2.1364
2.09701
2.0573
2.02116
1.98487
1.95109
1.91818
1.88629
1.85683
1.82713
1.80108
1.77487
1.7527
1.73258
1.71583
1.70897
1.7096
1.71273
1.72052
1.73687
1.77151
1.83132
1.91749
2.02834
2.1565
2.28732
2.40598
2.50146
2.57216
2.62088
2.65415
2.67659
2.69296
2.70486
2.71447
2.72176
2.72776
2.73227
2.73524
2.73728
2.73806
2.73834
2.74142
)
;

boundaryField
{
    inlet
    {
        type            calculated;
        value           uniform 1.40001;
    }
    outlet
    {
        type            calculated;
        value           nonuniform List<scalar> 
40
(
1.72039
1.80644
1.87
1.92459
1.99059
2.01975
2.05927
2.09432
2.11972
2.13624
2.15432
2.16878
2.17721
2.18883
2.19573
2.20359
2.211
2.21911
2.22791
2.23855
2.25298
2.27084
2.29397
2.32467
2.37125
2.44882
2.56383
2.70421
2.84138
2.94517
2.99995
3.01419
3.00261
2.97266
2.924
2.86964
2.81824
2.77637
2.74765
2.73371
)
;
    }
    top
    {
        type            symmetryPlane;
    }
    bottom
    {
        type            symmetryPlane;
    }
    obstacle
    {
        type            calculated;
        value           nonuniform List<scalar> 
110
(
5.9905
5.99144
5.97972
5.955
5.92091
5.87274
5.80425
5.70336
5.54339
5.28524
2.18877
1.60366
1.96341
2.01916
1.84049
1.81755
1.80189
1.78554
1.75398
1.72073
1.6923
1.66539
1.63651
1.60493
1.57512
1.54759
1.52398
1.49835
1.47416
1.46458
1.46152
1.46128
1.47276
1.5028
1.54704
1.60423
1.66588
1.72973
1.79176
1.85217
1.90866
1.96111
2.01118
2.05334
2.09356
2.13021
2.16308
2.19513
2.22414
2.25011
2.27301
2.29305
2.31012
2.32555
2.34046
2.35186
2.3612
2.36665
2.37244
2.3743
2.37666
2.37554
2.37341
2.3695
2.36543
2.35959
2.35327
2.34544
2.3374
2.32829
2.3187
2.30823
2.29722
2.2857
2.27368
2.26124
2.24826
2.23495
2.2212
2.20717
2.19269
2.17797
2.16275
2.14737
2.13153
2.11558
2.09919
2.0827
2.06585
2.04887
2.03172
2.01431
1.99703
1.97927
1.96192
1.94397
1.92654
1.90867
1.8911
1.87356
1.85593
1.83879
1.82148
1.8048
1.78838
1.77255
1.75781
1.744
1.73264
1.72462
)
;
    }
    frontAndBack
    {
        type            empty;
    }
}


// ************************************************************************* //
