/*--------------------------------*- C++ -*----------------------------------*\
  =========                 |
  \\      /  F ield         | OpenFOAM: The Open Source CFD Toolbox
   \\    /   O peration     | Website:  https://openfoam.org
    \\  /    A nd           | Version:  13
     \\/     M anipulation  |
\*---------------------------------------------------------------------------*/
FoamFile
{
    format      ascii;
    class       volScalarField;
    location    "4.5";
    object      Ma;
}
// * * * * * * * * * * * * * * * * * * * * * * * * * * * * * * * * * * * * * //

dimensions      [];

internalField   nonuniform List<scalar> 
5250
(
3
2.99997
2.99991
2.99976
2.99939
2.99852
2.99619
2.99108
2.97679
2.94504
2.85999
2.65514
2.17814
1.29557
0.53578
0.266322
0.323334
0.339101
0.305516
0.250336
0.199078
0.158129
0.117624
0.0728581
0.0398706
3
2.99997
2.99992
2.99975
2.99944
2.99844
2.9965
2.99069
2.97824
2.94426
2.86417
2.65912
2.19012
1.31313
0.544828
0.267328
0.325637
0.342212
0.308865
0.25451
0.204457
0.164837
0.126418
0.0866344
0.0625953
3
2.99997
2.99992
2.99977
2.99942
2.99859
2.99639
2.99149
2.97797
2.94771
2.86702
2.67209
2.21461
1.35258
0.566027
0.27216
0.332715
0.35119
0.318738
0.266458
0.219087
0.182537
0.148655
0.116713
0.100183
3
2.99997
2.99992
2.99978
2.99947
2.99862
2.99669
2.9917
2.9796
2.94973
2.87491
2.68881
2.25291
1.41503
0.598897
0.281734
0.344905
0.366192
0.335164
0.285691
0.241541
0.208712
0.179674
0.15408
0.14151
3
2.99998
2.99993
2.99979
2.99952
2.9987
2.99697
2.99219
2.98121
2.95302
2.88418
2.71092
2.30302
1.50028
0.643375
0.299318
0.363565
0.387653
0.358122
0.311749
0.270637
0.241315
0.216652
0.19579
0.185731
3
2.99998
2.99993
2.99983
2.99952
2.99888
2.99709
2.99307
2.98256
2.95743
2.89411
2.73702
2.36258
1.60769
0.700877
0.330426
0.391777
0.417035
0.388854
0.345286
0.306875
0.28069
0.259887
0.243356
0.235903
3
2.99998
2.99994
2.99983
2.9996
2.99892
2.99746
2.99355
2.98436
2.96126
2.90438
2.76236
2.42126
1.71802
0.764313
0.366682
0.423858
0.448867
0.42345
0.384459
0.349436
0.326792
0.310307
0.298667
0.295686
3
2.99998
2.99995
2.99984
2.99964
2.99899
2.99779
2.99389
2.98629
2.96386
2.91416
2.78238
2.4704
1.8068
0.833088
0.404727
0.450273
0.471851
0.454489
0.423926
0.395656
0.378535
0.368366
0.364309
0.371359
3
2.99999
2.99995
2.99987
2.99964
2.99918
2.99775
2.99502
2.98646
2.96909
2.91971
2.80517
2.51594
1.89777
0.927771
0.46457
0.470661
0.485745
0.482349
0.462503
0.443495
0.434849
0.434005
0.444192
0.474299
3
2.99999
2.99995
2.99989
2.99967
2.99928
2.99797
2.99556
2.98787
2.97229
2.92809
2.8256
2.56454
1.99518
1.04684
0.536218
0.486043
0.501813
0.509169
0.50004
0.492249
0.493604
0.509036
0.549075
0.650609
3
2.99999
2.99996
2.9999
2.99972
2.99935
2.99828
2.99592
2.98972
2.9749
2.9378
2.84566
2.61685
2.10064
1.19216
0.62041
0.503696
0.521048
0.536258
0.537083
0.53993
0.554525
0.592685
0.675721
0.844174
3
2.99999
2.99997
2.99992
2.99976
2.99945
2.99851
2.99656
2.99107
2.9787
2.94645
2.86838
2.67153
2.21799
1.37083
0.719408
0.528953
0.546048
0.565483
0.574396
0.586439
0.614402
0.671502
0.778307
0.960277
3
3
2.99998
2.99993
2.99981
2.99952
2.99878
2.99712
2.99252
2.98262
2.95499
2.89229
2.72796
2.34698
1.58747
0.835588
0.572436
0.584445
0.601548
0.615137
0.633293
0.67018
0.735991
0.844049
1.00328
3.00001
3
2.99998
2.99994
2.99985
2.99961
2.99904
2.99759
2.99424
2.98532
2.96523
2.91209
2.78565
2.47616
1.83373
0.967704
0.636008
0.633664
0.64578
0.661565
0.681679
0.720377
0.785755
0.884298
1.02011
3.00001
3
2.99999
2.99996
2.99987
2.99969
2.9992
2.99806
2.99524
2.98815
2.97142
2.92846
2.82468
2.56682
2.00734
1.10963
0.704303
0.672825
0.68669
0.704514
0.727025
0.765081
0.825925
0.912756
1.02928
3.00001
3
2.99999
2.99997
2.9999
2.99975
2.99937
2.99843
2.99619
2.99037
2.9771
2.94191
2.85896
2.64763
2.17273
1.32146
0.809072
0.704152
0.716619
0.7373
0.765418
0.803487
0.859506
0.936346
1.03616
3.00001
3
3
2.99997
2.99993
2.99979
2.99954
2.9987
2.99715
2.99222
2.98237
2.95414
2.89025
2.72398
2.33962
1.58337
0.939958
0.745671
0.747847
0.767439
0.79891
0.836793
0.888701
0.95667
1.04335
3.00001
3
3
2.99998
2.99995
2.99985
2.99964
2.99902
2.99785
2.99411
2.98693
2.9655
2.91915
2.79602
2.5101
1.90146
1.10204
0.812123
0.791281
0.805356
0.833705
0.870021
0.916613
0.976499
1.05133
3.00001
3.00001
3
2.99999
2.99996
2.99989
2.99972
2.99928
2.99832
2.99559
2.98996
2.97364
2.93855
2.84382
2.62111
2.1188
1.28562
0.887759
0.828363
0.840435
0.865741
0.901285
0.943412
0.99635
1.06111
3.00001
3.00001
3
2.99999
2.99997
2.99992
2.99978
2.99948
2.99869
2.99681
2.99224
2.98059
2.95339
2.8833
2.71385
2.31555
1.55694
1.01507
0.871393
0.873034
0.893758
0.927666
0.968065
1.01543
1.07228
3.00001
3.00001
3
3
2.99998
2.99995
2.99984
2.99964
2.99902
2.9978
2.99423
2.98659
2.96607
2.91856
2.79783
2.51393
1.91281
1.18523
0.936547
0.913076
0.92627
0.955264
0.993212
1.03558
1.08515
3.00001
3.00001
3.00001
3
2.99999
2.99996
2.99989
2.99973
2.99934
2.9983
2.99609
2.98977
2.97657
2.93966
2.85627
2.64336
2.17524
1.39147
1.01699
0.950601
0.959292
0.983151
1.01741
1.05586
1.09969
3.00001
3.00001
3.00001
3
2.99999
2.99997
2.99993
2.99981
2.99951
2.99886
2.99702
2.99323
2.98222
2.95904
2.89535
2.7475
2.39225
1.69714
1.15244
1.00054
0.993697
1.00868
1.03835
1.07542
1.11568
3.00001
3.00001
3.00001
3
3
2.99998
2.99995
2.99987
2.99967
2.99921
2.998
2.99534
2.98799
2.97231
2.92944
2.83185
2.58906
2.06629
1.34715
1.07609
1.0331
1.03993
1.06257
1.09547
1.13251
3.00001
3.00001
3.00001
3.00001
3
2.99999
2.99997
2.99991
2.99979
2.99944
2.99867
2.99672
2.99196
2.98067
2.95201
2.88416
2.71441
2.32819
1.61561
1.18618
1.07681
1.07167
1.08527
1.11387
1.14916
3.00001
3.00001
3.00001
3.00001
3
3
2.99998
2.99994
2.99986
2.99962
2.99916
2.99771
2.99501
2.98664
2.9698
2.92297
2.81661
2.55627
2.00519
1.36143
1.13958
1.10751
1.11353
1.1355
1.16636
3.00001
3.00001
3.00001
3.00001
3.00001
3
2.99999
2.99997
2.9999
2.99977
2.99941
2.99857
2.99651
2.99141
2.97955
2.94906
2.8779
2.70003
2.3
1.60228
1.23154
1.14669
1.1427
1.15603
1.18233
3.00001
3.00001
3.00001
3.00001
3.00001
3
3
2.99998
2.99994
2.99986
2.9996
2.99912
2.99761
2.9948
2.98605
2.96862
2.9198
2.80959
2.54019
1.97897
1.39611
1.20338
1.17556
1.18149
1.20214
3.00001
3.00001
3.00001
3.00001
3.00001
3.00001
3
2.99999
2.99996
2.99991
2.99975
2.99941
2.99854
2.99647
2.9915
2.97899
2.95004
2.87664
2.70343
2.30464
1.63875
1.2968
1.21649
1.21034
1.22118
3.00001
3.00001
3.00001
3.00001
3.00001
3.00001
3
3
2.99998
2.99994
2.99985
2.99964
2.99905
2.99791
2.99437
2.98764
2.96761
2.92556
2.81392
2.56159
2.02131
1.46307
1.27367
1.24268
1.24542
3.00001
3.00001
3.00001
3.00001
3.00001
3.00001
3.00001
3
2.99999
2.99997
2.9999
2.99978
2.99941
2.99869
2.99654
2.99216
2.9801
2.95328
2.88464
2.72341
2.35045
1.71609
1.37243
1.28378
1.27345
3.00001
3.00001
3.00001
3.00001
3.00001
3.00001
3.00001
3
3
2.99998
2.99995
2.99986
2.99968
2.99913
2.9981
2.99491
2.98882
2.971
2.93344
2.83478
2.61167
2.12358
1.55327
1.34414
1.30696
3.00001
3.00001
3.00001
3.00001
3.00001
3.00001
3.00001
3.00001
3
2.99999
2.99997
2.99992
2.99979
2.99951
2.99876
2.99704
2.99289
2.98252
2.95874
2.89817
2.75737
2.42584
1.82519
1.44588
1.34453
3.00001
3.00001
3.00001
3.00001
3.00001
3.00001
3.00001
3.00001
3
3
2.99999
2.99995
2.99989
2.99969
2.99931
2.99818
2.99591
2.98959
2.97586
2.94052
2.85845
2.66059
2.22493
1.64866
1.41542
3.00001
3.00001
3.00001
3.00001
3.00001
3.00001
3.00001
3.00001
3.00001
3
3
2.99998
2.99994
2.99982
2.9996
2.99891
2.99758
2.9938
2.98566
2.96463
2.91582
2.79618
2.5191
1.9748
1.54472
3.00001
3.00001
3.00001
3.00001
3.00001
3.00001
3.00001
3.00001
3.00001
3
3
2.99999
2.99997
2.9999
2.99976
2.99939
2.99856
2.99648
2.99156
2.97986
2.95098
2.88332
2.71949
2.34929
1.78155
3.00001
3.00001
3.00001
3.00001
3.00001
3.00001
3.00001
3.00001
3.00001
3.00001
3
3
2.99998
2.99995
2.99987
2.99966
2.99918
2.99803
2.99518
2.98885
2.97216
2.93583
2.84255
2.63227
2.17926
3.00001
3.00001
3.00001
3.00001
3.00001
3.00001
3.00001
3.00001
3.00001
3.00001
3.00001
3
2.99999
2.99997
2.99993
2.9998
2.99956
2.99881
2.99739
2.99325
2.98473
2.96187
2.91073
2.78375
2.49474
3.00001
3.00001
3.00001
3.00001
3.00001
3.00001
3.00001
3.00001
3.00001
3.00001
3.00001
3
3
2.99999
2.99996
2.99989
2.99975
2.99935
2.99855
2.99619
2.99171
2.97832
2.95153
2.87886
2.71803
3.00001
3.00001
3.00001
3.00001
3.00001
3.00001
3.00001
3.00001
3.00001
3.00001
3.00001
3.00001
3
3
2.99998
2.99994
2.99987
2.99964
2.9992
2.99795
2.99534
2.9885
2.97309
2.93527
2.84656
3.00001
3.00001
3.00001
3.00001
3.00001
3.00001
3.00001
3.00001
3.00001
3.00001
3.00001
3.00001
3.00001
3
2.99999
2.99997
2.99993
2.9998
2.99956
2.99885
2.99745
2.99353
2.98513
2.96371
2.91426
3.00001
3.00001
3.00001
3.00001
3.00001
3.00001
3.00001
3.00001
3.00001
3.00001
3.00001
3.00001
3.00001
3
3
2.99999
2.99996
2.9999
2.99975
2.99938
2.9986
2.99639
2.99209
2.97946
2.95444
3.00001
3.00001
3.00001
3.00001
3.00001
3.00001
3.00001
3.00001
3.00001
3.00001
3.00001
3.00001
3.00001
3.00001
3
3
2.99998
2.99995
2.99986
2.99968
2.99914
2.99815
2.99517
2.98928
2.97314
3.00001
3.00001
3.00001
3.00001
3.00001
3.00001
3.00001
3.00001
3.00001
3.00001
3.00001
3.00001
3.00001
3.00001
3.00001
3
2.99999
2.99997
2.99991
2.9998
2.99946
2.99882
2.9969
2.99309
2.98252
3.00001
3.00001
3.00001
3.00001
3.00001
3.00001
3.00001
3.00001
3.00001
3.00001
3.00001
3.00001
3.00001
3.00001
3.00001
3
3
2.99998
2.99994
2.99984
2.99962
2.99898
2.99777
2.99396
2.98658
3.00001
3.00001
3.00001
3.00001
3.00001
3.00001
3.00001
3.00001
3.00001
3.00001
3.00001
3.00001
3.00001
3.00001
3.00001
3
3
2.99998
2.99995
2.99986
2.99966
2.99911
2.99796
2.99456
2.98766
3.00001
3.00001
3.00001
3.00001
3.00001
3.00001
3.00001
3.00001
3.00001
3.00001
3.00001
3.00001
3.00001
3.00001
3.00001
3
3
2.99998
2.99996
2.99986
2.99969
2.99913
2.99806
2.99478
2.98793
3.00001
3.00001
3.00001
3.00001
3.00001
3.00001
3.00001
3.00001
3.00001
3.00001
3.00001
3.00001
3.00001
3.00001
3.00001
3
3
2.99999
2.99995
2.99987
2.99969
2.99916
2.99807
2.99482
2.98818
3.00001
3.00001
3.00001
3.00001
3.00001
3.00001
3.00001
3.00001
3.00001
3.00001
3.00001
3.00001
3.00001
3.00001
3.00001
3
3
2.99999
2.99995
2.99988
2.99966
2.99922
2.99795
2.99513
2.98768
3.00001
3.00001
3.00001
3.00001
3.00001
3.00001
3.00001
3.00001
3.00001
3.00001
3.00001
3.00001
3.00001
3.00001
3.00001
3
3
2.99999
2.99995
2.99988
2.99967
2.99923
2.99791
2.99531
2.98722
1.11952
1.3241
1.38602
1.34506
1.26813
1.16804
1.06363
0.978428
0.893038
0.739256
0.474855
0.239262
0.122384
0.0765421
0.161045
0.247226
0.326825
0.390866
0.433299
0.458964
0.480539
0.503709
0.527808
0.551626
0.574422
0.594451
0.607673
0.614602
0.616119
0.607149
0.583256
0.545824
0.49817
0.443783
0.387453
0.332013
0.278801
0.228466
0.179655
0.134156
0.0913215
0.0523962
0.0248868
0.0413144
0.0729083
0.10629
0.138134
0.168065
0.196077
0.223324
0.251734
0.279495
0.306209
0.33153
0.356324
0.380122
0.403586
0.426107
0.448436
0.469822
0.491165
0.511583
0.532046
0.551585
0.57123
0.589994
0.608924
0.627016
0.64531
0.662762
0.680493
0.697349
0.714556
0.73087
0.747583
0.76339
0.779628
0.794951
0.810731
0.825571
0.840896
0.855255
0.870122
0.883998
0.898414
0.911802
0.925773
0.938675
0.952179
0.964575
0.977557
0.989367
1.00171
1.01274
1.02415
1.03397
1.04369
1.0512
1.05714
1.0618
1.1339
1.25184
1.31779
1.36034
1.40102
1.42388
1.4194
1.38479
1.29759
1.11331
0.845146
0.610405
0.474321
0.383471
0.30024
0.225669
0.157603
0.0945132
0.0674038
0.120542
0.186923
0.247254
0.296298
0.333952
0.362426
0.385198
0.399328
0.404587
0.40351
0.391287
0.364938
0.324694
0.277135
0.223428
0.171919
0.123936
0.0834421
0.0598656
0.0648038
0.0906156
0.123424
0.155739
0.186855
0.216185
0.245697
0.274779
0.303172
0.330284
0.355864
0.380248
0.405537
0.430801
0.455026
0.477975
0.500487
0.522139
0.543569
0.56417
0.584588
0.604228
0.623769
0.64259
0.661346
0.679426
0.697487
0.714902
0.732331
0.749109
0.765967
0.782162
0.798499
0.814171
0.830031
0.845227
0.86064
0.875393
0.890383
0.9047
0.919285
0.933158
0.947354
0.960779
0.974581
0.987578
1.00097
1.01356
1.02653
1.03871
1.05125
1.06298
1.07505
1.08625
1.09775
1.10823
1.1189
1.12828
1.13747
1.14474
1.15038
1.15496
1.13377
1.24202
1.3386
1.43169
1.51491
1.57366
1.58813
1.57131
1.51905
1.3864
1.14556
0.89152
0.740097
0.66121
0.594337
0.524271
0.459569
0.395495
0.327605
0.261527
0.19975
0.142289
0.0930392
0.0623579
0.0729511
0.1073
0.145962
0.165115
0.169865
0.154925
0.127765
0.102349
0.0919977
0.0989951
0.12137
0.152889
0.185649
0.217715
0.247326
0.276928
0.305969
0.334042
0.360884
0.386581
0.411776
0.4365
0.460739
0.484165
0.506367
0.527301
0.548688
0.57061
0.592045
0.61229
0.631978
0.651061
0.66989
0.688214
0.706313
0.723934
0.741343
0.758313
0.775102
0.791475
0.807723
0.823547
0.839297
0.854612
0.869907
0.884745
0.899634
0.914043
0.928562
0.942587
0.956763
0.970423
0.984267
0.997554
1.01107
1.02397
1.03715
1.04967
1.0625
1.07464
1.08711
1.0989
1.111
1.12242
1.13416
1.14524
1.15663
1.16725
1.17816
1.18813
1.19826
1.20714
1.21583
1.22272
1.22794
1.23226
1.14213
1.24989
1.34962
1.43973
1.52087
1.5844
1.62692
1.63585
1.62144
1.56849
1.42692
1.15885
0.960118
0.867576
0.802438
0.746463
0.69555
0.640293
0.581934
0.527517
0.473205
0.418345
0.365938
0.314873
0.264896
0.217897
0.174179
0.139333
0.123512
0.122812
0.15924
0.204893
0.250426
0.289101
0.323554
0.354989
0.383882
0.409916
0.434209
0.457325
0.480035
0.502072
0.523523
0.544307
0.564803
0.584905
0.604839
0.624287
0.642931
0.660301
0.677854
0.696145
0.714754
0.732294
0.749407
0.765945
0.782412
0.798438
0.814413
0.829951
0.845479
0.860563
0.875704
0.890369
0.905158
0.919418
0.933868
0.947752
0.961873
0.975426
0.989235
1.00249
1.01601
1.02899
1.04223
1.05492
1.06788
1.08026
1.09296
1.10501
1.11743
1.12916
1.14127
1.15271
1.16449
1.17568
1.1872
1.19814
1.20937
1.21992
1.23072
1.24076
1.25102
1.26038
1.26986
1.27817
1.28621
1.29262
1.29726
1.30141
1.14445
1.24908
1.34509
1.43231
1.51097
1.58149
1.63855
1.67784
1.68325
1.66473
1.59822
1.42843
1.17349
1.03629
0.971608
0.917263
0.869118
0.826991
0.784218
0.737799
0.689487
0.644877
0.600836
0.554412
0.508464
0.464351
0.422933
0.390715
0.371593
0.369487
0.389611
0.424737
0.462497
0.497691
0.526877
0.550771
0.570738
0.588461
0.604997
0.620981
0.636925
0.652745
0.668571
0.684237
0.699925
0.71557
0.731254
0.746886
0.762046
0.776238
0.790246
0.805071
0.820672
0.835758
0.850366
0.864596
0.878705
0.892647
0.906526
0.920216
0.933879
0.947307
0.960743
0.973905
0.987117
1.00002
1.01302
1.02566
1.03844
1.05083
1.06339
1.07558
1.08796
1.09999
1.11221
1.12403
1.13608
1.14767
1.15948
1.17081
1.18233
1.1934
1.20466
1.21555
1.22664
1.23729
1.2481
1.25839
1.26884
1.2787
1.2887
1.29801
1.30745
1.31601
1.32467
1.33212
1.3394
1.34498
1.34888
1.35274
1.14194
1.24086
1.33322
1.41729
1.49466
1.56469
1.62648
1.67671
1.70463
1.70428
1.67887
1.5999
1.41752
1.20979
1.10471
1.05571
1.01553
0.973654
0.936607
0.902149
0.866108
0.827441
0.786261
0.746033
0.704962
0.662795
0.622253
0.587424
0.559259
0.553192
0.572461
0.606353
0.643956
0.677617
0.705059
0.724207
0.736438
0.74546
0.75393
0.762732
0.772365
0.782486
0.793193
0.804111
0.815417
0.826874
0.838727
0.85071
0.862809
0.874131
0.885264
0.89676
0.909477
0.922303
0.934949
0.947126
0.959405
0.971449
0.983681
0.995644
1.00779
1.01965
1.03175
1.04351
1.05554
1.06721
1.07915
1.09076
1.10262
1.11414
1.12591
1.13727
1.14894
1.16018
1.17173
1.18285
1.19426
1.20522
1.21648
1.2272
1.23832
1.24888
1.25983
1.27016
1.28077
1.29085
1.30112
1.31085
1.3208
1.33005
1.33966
1.34828
1.35732
1.3651
1.37315
1.37975
1.38614
1.39069
1.39368
1.39758
1.13771
1.23089
1.31731
1.39908
1.47375
1.54278
1.606
1.66044
1.70529
1.72396
1.71794
1.68836
1.60044
1.41891
1.25247
1.16891
1.12806
1.09569
1.06419
1.03226
1.00106
0.971352
0.938066
0.900227
0.85877
0.819133
0.7769
0.731343
0.69457
0.688137
0.708181
0.743607
0.784162
0.820735
0.849635
0.869552
0.878185
0.88026
0.881149
0.883173
0.886921
0.891985
0.898273
0.905213
0.912847
0.920845
0.929372
0.938196
0.947386
0.956215
0.964774
0.97348
0.983342
0.99404
1.00479
1.01531
1.02577
1.03617
1.04673
1.05723
1.06788
1.0784
1.0891
1.09968
1.11047
1.1211
1.13196
1.14259
1.15351
1.16416
1.17508
1.18574
1.1966
1.20721
1.21801
1.2285
1.23926
1.24959
1.26032
1.27056
1.2812
1.29121
1.30158
1.31135
1.32143
1.33088
1.34065
1.34971
1.35913
1.36769
1.37665
1.38457
1.39279
1.39982
1.40689
1.41256
1.41786
1.42103
1.4234
1.42732
1.13501
1.22004
1.30224
1.37936
1.45181
1.5194
1.58088
1.63828
1.68642
1.72496
1.73593
1.7265
1.69128
1.59589
1.42915
1.29315
1.2293
1.19186
1.16398
1.13991
1.11412
1.08595
1.05444
1.02136
0.983772
0.941261
0.88863
0.829328
0.786963
0.782962
0.805576
0.84312
0.888621
0.930038
0.961137
0.984625
0.997411
0.99895
0.994269
0.989409
0.986633
0.986313
0.988059
0.991127
0.99531
1.00006
1.00561
1.01158
1.01827
1.02491
1.03144
1.03783
1.04516
1.05356
1.06275
1.07177
1.08094
1.08991
1.0992
1.1084
1.11794
1.12735
1.13706
1.1466
1.15653
1.16627
1.17644
1.18636
1.19665
1.20666
1.21697
1.22701
1.2373
1.24728
1.25754
1.26739
1.27766
1.28749
1.29777
1.30751
1.31767
1.32728
1.33724
1.34656
1.35625
1.36516
1.37448
1.3829
1.39177
1.39969
1.4079
1.41515
1.4224
1.42863
1.43456
1.43918
1.44311
1.44531
1.4471
1.45129
1.13483
1.21147
1.28784
1.36099
1.4307
1.4955
1.55713
1.61247
1.66443
1.70716
1.73879
1.74408
1.73206
1.6925
1.59364
1.43917
1.33169
1.28197
1.24861
1.22304
1.20166
1.18021
1.15071
1.11662
1.07822
1.03189
0.963943
0.888335
0.84771
0.84872
0.873561
0.914653
0.966123
1.01405
1.04804
1.07052
1.08643
1.09431
1.09198
1.08373
1.075
1.06865
1.06497
1.06383
1.06451
1.06649
1.0695
1.07314
1.07761
1.08245
1.08745
1.09219
1.09753
1.10389
1.11152
1.11945
1.12763
1.13578
1.14415
1.15253
1.16123
1.16985
1.17882
1.18762
1.19679
1.20583
1.21527
1.2246
1.23429
1.24379
1.25363
1.26316
1.27307
1.28255
1.29247
1.30191
1.31177
1.32112
1.33089
1.3402
1.34991
1.35912
1.36868
1.37756
1.3868
1.39516
1.4039
1.41168
1.41981
1.42694
1.4342
1.44048
1.44661
1.45175
1.45627
1.45985
1.46224
1.46399
1.46551
1.46975
1.13706
1.20631
1.27592
1.34466
1.41025
1.47334
1.53209
1.588
1.6387
1.68554
1.72355
1.74815
1.75024
1.73558
1.69197
1.59211
1.45221
1.3647
1.32577
1.2975
1.27221
1.25058
1.22575
1.19389
1.15065
1.08971
1.00018
0.916346
0.886592
0.894386
0.921449
0.967849
1.02383
1.07467
1.11273
1.13744
1.15333
1.16403
1.16873
1.16486
1.15527
1.14434
1.1354
1.12929
1.1258
1.12449
1.12482
1.12635
1.12893
1.13222
1.13602
1.13967
1.14364
1.14828
1.15438
1.16129
1.16873
1.17617
1.18397
1.19169
1.19979
1.2078
1.21616
1.22442
1.23302
1.24154
1.25046
1.25931
1.2686
1.27771
1.28724
1.29645
1.30605
1.31527
1.32491
1.33402
1.34351
1.35249
1.36188
1.37075
1.38009
1.38882
1.39802
1.40644
1.41521
1.42308
1.43117
1.43839
1.44557
1.45194
1.45794
1.46328
1.46784
1.47182
1.47488
1.47716
1.47904
1.48053
1.48107
1.48531
1.14213
1.20374
1.26768
1.33112
1.39323
1.45274
1.50985
1.56352
1.61422
1.66068
1.70264
1.73651
1.75445
1.75406
1.73722
1.69083
1.59295
1.469
1.39302
1.36115
1.33596
1.31082
1.28329
1.24948
1.19833
1.11472
1.00507
0.927716
0.911164
0.924713
0.95751
1.00929
1.06734
1.11707
1.15613
1.18499
1.20362
1.21569
1.22309
1.22575
1.22179
1.21211
1.2005
1.18996
1.18203
1.17687
1.17423
1.17357
1.17445
1.17648
1.17948
1.18258
1.18591
1.18945
1.19438
1.20039
1.20735
1.21445
1.22197
1.22946
1.2373
1.24511
1.25324
1.26127
1.26963
1.27783
1.28645
1.29491
1.3039
1.31269
1.32197
1.33092
1.34032
1.34924
1.3585
1.36725
1.37644
1.38505
1.39417
1.4026
1.41157
1.4198
1.42849
1.43639
1.44452
1.45191
1.45922
1.46581
1.4719
1.47732
1.48207
1.486
1.48927
1.49173
1.49369
1.49549
1.497
1.49805
1.49775
1.50189
1.15005
1.20491
1.26238
1.32068
1.3786
1.43486
1.48931
1.5413
1.59075
1.63712
1.68
1.71758
1.74756
1.76006
1.75698
1.73858
1.68943
1.59595
1.48528
1.41812
1.38743
1.36161
1.33068
1.28556
1.2175
1.10279
0.985796
0.931478
0.928405
0.946604
0.986486
1.04165
1.09719
1.14452
1.18332
1.21384
1.23688
1.25261
1.26221
1.26741
1.2697
1.26679
1.25856
1.24772
1.23668
1.22825
1.22217
1.21916
1.21827
1.21912
1.22138
1.22423
1.22747
1.23065
1.23476
1.23994
1.24649
1.25336
1.26074
1.26808
1.27576
1.28334
1.29129
1.29912
1.30735
1.31538
1.32384
1.33205
1.3408
1.34929
1.35837
1.36715
1.37637
1.38503
1.3941
1.40253
1.41144
1.4197
1.42845
1.43651
1.44493
1.45268
1.46054
1.46784
1.47502
1.48175
1.488
1.49365
1.4986
1.50279
1.50616
1.50876
1.51065
1.51234
1.51387
1.51511
1.51592
1.51709
1.51748
1.52138
1.16019
1.20912
1.26067
1.31411
1.3671
1.42036
1.47135
1.52144
1.56889
1.6146
1.65707
1.69665
1.73058
1.75655
1.7642
1.75912
1.73947
1.68776
1.59929
1.49809
1.43624
1.39986
1.36285
1.30438
1.20285
1.06096
0.957439
0.929126
0.936655
0.96288
1.01007
1.06603
1.11681
1.16049
1.19758
1.22868
1.25413
1.27416
1.28869
1.29773
1.30293
1.30585
1.30547
1.29997
1.29101
1.28131
1.27337
1.26739
1.26439
1.26341
1.26456
1.26708
1.27052
1.27385
1.27777
1.28224
1.28822
1.29471
1.30192
1.30896
1.31652
1.32379
1.33162
1.33915
1.34731
1.3551
1.36353
1.37152
1.38016
1.38837
1.39727
1.40562
1.41456
1.42287
1.43169
1.43984
1.44837
1.45631
1.46445
1.47216
1.4798
1.48707
1.49399
1.50056
1.5067
1.5123
1.51726
1.52153
1.52506
1.5278
1.5297
1.53125
1.53264
1.53372
1.53442
1.53546
1.53683
1.5386
1.54043
1.54433
1.17219
1.2154
1.26178
1.30986
1.35945
1.40815
1.45729
1.50412
1.55043
1.59415
1.63656
1.67559
1.71209
1.7427
1.76455
1.76816
1.76126
1.73919
1.68495
1.59786
1.50229
1.4364
1.38023
1.29735
1.14961
0.999669
0.933323
0.927282
0.941687
0.977992
1.02944
1.08105
1.12667
1.16647
1.20162
1.23261
1.25981
1.28318
1.30253
1.31803
1.32866
1.33585
1.34106
1.34396
1.34285
1.33741
1.32965
1.32249
1.31674
1.31366
1.3127
1.31393
1.31675
1.32009
1.3238
1.32756
1.33254
1.33833
1.34505
1.35175
1.35898
1.36598
1.37351
1.38074
1.3886
1.39606
1.40424
1.41193
1.42037
1.42828
1.43673
1.44461
1.45293
1.46085
1.46904
1.47693
1.48483
1.49246
1.49991
1.50703
1.51382
1.52023
1.52626
1.53185
1.5368
1.54104
1.54453
1.54717
1.54908
1.55045
1.55157
1.55244
1.55285
1.55345
1.55449
1.55632
1.55868
1.56148
1.56481
1.56915
1.18514
1.22365
1.26539
1.3091
1.35444
1.40001
1.44547
1.49048
1.5341
1.57672
1.61762
1.65654
1.69335
1.72603
1.75433
1.77074
1.77195
1.76211
1.73589
1.67646
1.58282
1.48197
1.38758
1.25469
1.06905
0.944209
0.914469
0.921535
0.94669
0.990462
1.04078
1.08655
1.12732
1.16426
1.19808
1.22941
1.25864
1.28538
1.30978
1.331
1.34892
1.36283
1.37348
1.3818
1.38761
1.39079
1.38895
1.38331
1.3767
1.37072
1.36695
1.36536
1.36589
1.36807
1.37136
1.37443
1.37818
1.38254
1.38836
1.39431
1.40104
1.4075
1.41467
1.4214
1.42889
1.43585
1.44358
1.45084
1.45879
1.46631
1.47415
1.48171
1.48938
1.4969
1.5044
1.51176
1.519
1.52599
1.53268
1.53894
1.54474
1.5501
1.55491
1.55908
1.56245
1.56504
1.56681
1.56799
1.5688
1.5693
1.56923
1.56919
1.56966
1.57092
1.57301
1.57565
1.5792
1.58385
1.58967
1.59434
1.19934
1.23422
1.27163
1.31146
1.35236
1.39529
1.43718
1.48002
1.52108
1.5623
1.60092
1.63997
1.67479
1.70998
1.73865
1.76372
1.77335
1.76999
1.75609
1.72153
1.65001
1.5295
1.38652
1.18096
0.979494
0.904297
0.900642
0.914958
0.950141
0.997173
1.04164
1.08233
1.12041
1.15632
1.19115
1.22466
1.25715
1.28814
1.31715
1.34392
1.36793
1.38864
1.40557
1.41911
1.4297
1.43756
1.4419
1.44261
1.43886
1.43245
1.42626
1.42103
1.41811
1.41701
1.41806
1.42007
1.42274
1.42551
1.42967
1.43448
1.44052
1.44634
1.45295
1.45919
1.46604
1.47262
1.47962
1.48655
1.49367
1.50068
1.50779
1.51483
1.52188
1.52884
1.5357
1.54238
1.54883
1.55495
1.56065
1.56589
1.57066
1.57488
1.57827
1.58086
1.58243
1.58344
1.58393
1.58405
1.58345
1.58257
1.5823
1.58277
1.58436
1.58651
1.58941
1.59368
1.59976
1.60671
1.61349
1.61839
1.21482
1.24746
1.28078
1.31702
1.35432
1.39288
1.43269
1.47185
1.51159
1.55004
1.58814
1.6246
1.66019
1.69329
1.72427
1.75055
1.76662
1.76737
1.75763
1.73149
1.67139
1.56082
1.37099
1.10209
0.915747
0.876515
0.884044
0.908886
0.948841
0.992068
1.034
1.07472
1.11457
1.15379
1.19209
1.22941
1.26539
1.29961
1.33202
1.3622
1.38985
1.41455
1.43595
1.45352
1.46741
1.47842
1.48622
1.49074
1.49287
1.49092
1.48524
1.47806
1.47137
1.46649
1.46388
1.46312
1.46432
1.46609
1.46855
1.47165
1.47639
1.48161
1.48746
1.49328
1.49937
1.5055
1.51193
1.51838
1.52493
1.53146
1.53799
1.54447
1.55088
1.55716
1.56326
1.56912
1.57461
1.57967
1.58419
1.58828
1.59168
1.59424
1.59588
1.5968
1.5972
1.59713
1.59635
1.59482
1.59383
1.59355
1.59458
1.59638
1.59883
1.60249
1.6078
1.61479
1.62246
1.63034
1.638
1.64303
1.23078
1.26103
1.29225
1.32437
1.35913
1.39417
1.43073
1.46741
1.50444
1.54061
1.57752
1.61159
1.64719
1.67824
1.70981
1.73525
1.75269
1.75321
1.74341
1.71846
1.66096
1.54393
1.33359
1.05968
0.904872
0.884991
0.900764
0.932259
0.975245
1.01887
1.0615
1.10292
1.14277
1.18139
1.21862
1.2547
1.28929
1.32266
1.35426
1.38398
1.41158
1.43693
1.45978
1.47977
1.49651
1.50992
1.52079
1.5294
1.53459
1.53678
1.53625
1.53177
1.52481
1.51769
1.51159
1.50744
1.50535
1.50548
1.50679
1.50842
1.51096
1.51478
1.51978
1.5251
1.53065
1.53633
1.5422
1.54814
1.55415
1.56018
1.56618
1.57212
1.5779
1.58349
1.58878
1.59367
1.59804
1.60184
1.6052
1.60775
1.60934
1.61016
1.61043
1.60998
1.60886
1.60672
1.60491
1.60372
1.60365
1.605
1.60699
1.60982
1.61414
1.62047
1.62776
1.63574
1.6442
1.65261
1.66049
1.66549
1.24488
1.27521
1.30514
1.33448
1.36575
1.39808
1.43177
1.46532
1.5008
1.5338
1.56959
1.60157
1.63547
1.66577
1.69459
1.71896
1.72988
1.72594
1.71255
1.68066
1.6121
1.48185
1.2965
1.11419
0.997458
0.967874
0.975689
0.991339
1.02183
1.06202
1.10134
1.13861
1.17406
1.20832
1.24161
1.2743
1.30625
1.33745
1.3675
1.3964
1.42375
1.4496
1.47353
1.49558
1.51521
1.5324
1.54628
1.55776
1.56729
1.57343
1.57623
1.57733
1.57513
1.56972
1.56224
1.55546
1.54996
1.54667
1.5454
1.54591
1.54717
1.54902
1.55211
1.55645
1.56138
1.56661
1.57188
1.57713
1.58236
1.58755
1.59268
1.59768
1.60251
1.60702
1.61111
1.61465
1.61759
1.61998
1.62143
1.62209
1.62215
1.62161
1.62005
1.61762
1.61533
1.61348
1.61238
1.61334
1.6149
1.61714
1.62074
1.62605
1.63306
1.64079
1.64919
1.65786
1.66679
1.6753
1.68321
1.68818
1.26323
1.28905
1.31749
1.34555
1.37418
1.40385
1.43512
1.46608
1.49895
1.5305
1.56305
1.59475
1.62503
1.6546
1.67927
1.69705
1.6981
1.68773
1.66385
1.61163
1.51364
1.38179
1.27731
1.18976
1.10202
1.04801
1.03621
1.04312
1.05657
1.08253
1.11784
1.15346
1.18792
1.22093
1.25314
1.28457
1.31573
1.34602
1.37566
1.40407
1.43152
1.45756
1.48255
1.50593
1.52785
1.54759
1.56512
1.57977
1.5921
1.60265
1.61027
1.61464
1.61615
1.61555
1.61153
1.60492
1.59747
1.59118
1.5864
1.58395
1.58336
1.58416
1.58531
1.58729
1.59078
1.59537
1.60017
1.60497
1.60966
1.61421
1.61856
1.62264
1.62635
1.62953
1.6321
1.63407
1.63526
1.63578
1.6356
1.63486
1.63269
1.62977
1.62679
1.62411
1.62245
1.62179
1.62316
1.62508
1.6279
1.63223
1.63863
1.64582
1.65399
1.66255
1.67144
1.68028
1.68917
1.69743
1.70503
1.70979
1.28135
1.30217
1.32978
1.35717
1.38401
1.41141
1.44028
1.46913
1.49948
1.52922
1.55955
1.58877
1.61718
1.64203
1.6614
1.6651
1.65613
1.63577
1.5911
1.50701
1.39086
1.31373
1.2761
1.24374
1.19611
1.14011
1.1042
1.09441
1.09934
1.10962
1.13093
1.16232
1.19638
1.22957
1.2616
1.29253
1.32295
1.35256
1.38165
1.4097
1.43708
1.46343
1.48893
1.51345
1.53668
1.55859
1.57869
1.59664
1.61227
1.62539
1.63692
1.64613
1.65177
1.65419
1.65474
1.65277
1.64747
1.64047
1.63324
1.62765
1.62349
1.62168
1.62114
1.62182
1.62298
1.62525
1.62866
1.63254
1.63642
1.64008
1.64334
1.64609
1.6482
1.64962
1.65038
1.65058
1.65014
1.6489
1.64626
1.64279
1.63915
1.63575
1.63298
1.63162
1.63207
1.63349
1.63566
1.63925
1.64474
1.65146
1.65932
1.66756
1.67637
1.68522
1.69418
1.70285
1.71142
1.71926
1.72644
1.73094
1.3057
1.31945
1.34202
1.36931
1.39513
1.42059
1.44722
1.47399
1.50196
1.52973
1.55741
1.5842
1.60812
1.62739
1.63168
1.62291
1.6038
1.56232
1.48221
1.37702
1.30899
1.28775
1.28396
1.27972
1.26401
1.23179
1.18963
1.15593
1.14272
1.14472
1.15316
1.17122
1.20013
1.23357
1.26654
1.29821
1.32873
1.3585
1.38728
1.41548
1.44265
1.46931
1.4951
1.52032
1.54467
1.56794
1.5898
1.61007
1.62824
1.64453
1.65839
1.67093
1.6813
1.6885
1.69216
1.69314
1.69247
1.68889
1.68227
1.67508
1.66785
1.66267
1.65881
1.65718
1.65652
1.65699
1.6579
1.65969
1.66223
1.66462
1.66651
1.66749
1.66784
1.66759
1.66688
1.6648
1.66143
1.65752
1.65325
1.64886
1.64526
1.64289
1.64177
1.64308
1.64479
1.64745
1.65183
1.65799
1.66536
1.6733
1.68196
1.69059
1.69956
1.70829
1.71703
1.72525
1.73329
1.74052
1.74703
1.75111
1.33094
1.33744
1.35594
1.38099
1.40619
1.43046
1.45533
1.48036
1.50593
1.53161
1.55644
1.57887
1.5967
1.60051
1.59119
1.57177
1.5298
1.45107
1.35167
1.28719
1.27344
1.28107
1.2918
1.30229
1.30391
1.29647
1.27277
1.23376
1.19879
1.18386
1.18513
1.19313
1.20977
1.23731
1.2701
1.3029
1.33429
1.36459
1.39368
1.4219
1.44917
1.47581
1.50181
1.52744
1.5524
1.5766
1.59961
1.62128
1.64145
1.65998
1.67684
1.69163
1.70484
1.71621
1.7247
1.72945
1.73108
1.73124
1.72922
1.72405
1.71619
1.70869
1.70151
1.6962
1.69233
1.68984
1.68863
1.68792
1.68796
1.68783
1.68753
1.68681
1.68534
1.68275
1.67907
1.67447
1.66925
1.664
1.65926
1.65552
1.65369
1.6535
1.65486
1.65695
1.6605
1.66561
1.67242
1.67996
1.68831
1.69678
1.70565
1.71429
1.72297
1.73117
1.73929
1.74685
1.75417
1.76066
1.76636
1.76996
1.36746
1.36271
1.37179
1.39162
1.417
1.44105
1.46439
1.48777
1.51094
1.53375
1.55439
1.57037
1.57297
1.56251
1.54172
1.4983
1.41737
1.32007
1.25883
1.2481
1.25824
1.27715
1.30327
1.32422
1.33219
1.33285
1.32617
1.30578
1.27222
1.24143
1.22805
1.22914
1.23666
1.25167
1.27704
1.3081
1.33971
1.37059
1.40051
1.4293
1.45697
1.48364
1.50976
1.53534
1.56062
1.5851
1.60867
1.63122
1.65251
1.67281
1.69173
1.70911
1.72463
1.7382
1.75023
1.7596
1.76559
1.76824
1.76872
1.76748
1.7633
1.75603
1.74729
1.7388
1.73118
1.72481
1.71998
1.71608
1.71287
1.70976
1.70642
1.70292
1.69871
1.69358
1.68765
1.68146
1.67561
1.67078
1.66728
1.66576
1.66666
1.66811
1.67051
1.67459
1.68085
1.68774
1.69579
1.70397
1.71268
1.72108
1.72965
1.73777
1.74589
1.75348
1.76091
1.7677
1.77416
1.77977
1.78451
1.7875
1.41128
1.38885
1.39076
1.40476
1.42659
1.45078
1.47348
1.49503
1.51578
1.5342
1.5481
1.54901
1.53707
1.51411
1.46777
1.38286
1.28536
1.23011
1.22209
1.23334
1.25586
1.28729
1.3173
1.34065
1.35383
1.35867
1.35962
1.3547
1.33855
1.31241
1.28665
1.27447
1.2746
1.28133
1.29434
1.31672
1.34572
1.37642
1.40711
1.43658
1.46474
1.49165
1.51796
1.54381
1.56938
1.59414
1.61813
1.64105
1.66324
1.68444
1.70493
1.72393
1.74166
1.75723
1.77122
1.78352
1.79374
1.80095
1.80447
1.8049
1.80405
1.80055
1.79346
1.78367
1.77322
1.76298
1.75332
1.7449
1.73728
1.73009
1.72319
1.71608
1.70873
1.70136
1.69433
1.68804
1.6832
1.6805
1.67958
1.68085
1.68266
1.68569
1.69069
1.69678
1.70435
1.71215
1.7206
1.72872
1.73717
1.74514
1.75321
1.76075
1.76821
1.77505
1.78169
1.78759
1.79309
1.79766
1.80127
1.80357
1.50246
1.42885
1.41658
1.42139
1.43749
1.4595
1.48133
1.50112
1.51816
1.5295
1.52851
1.51464
1.48888
1.43829
1.34747
1.24987
1.20096
1.19598
1.2078
1.23302
1.2668
1.29948
1.32719
1.34967
1.3673
1.37876
1.38507
1.38721
1.38551
1.3753
1.35556
1.334
1.32246
1.32128
1.32716
1.33774
1.35652
1.38368
1.41348
1.44347
1.47213
1.49969
1.52648
1.5529
1.57867
1.60366
1.62757
1.65085
1.67333
1.69548
1.71664
1.73703
1.75581
1.77341
1.78902
1.80329
1.81575
1.82644
1.8341
1.83796
1.83844
1.83778
1.83453
1.82708
1.81566
1.80249
1.78863
1.77475
1.76155
1.74923
1.7378
1.72724
1.71761
1.70923
1.7025
1.69763
1.69562
1.69571
1.69682
1.69884
1.70248
1.70785
1.71458
1.72175
1.72976
1.73756
1.74576
1.75349
1.76145
1.76883
1.77629
1.78309
1.78983
1.79579
1.80153
1.80631
1.81061
1.81389
1.81624
1.81781
1.67774
1.48625
1.44837
1.44376
1.45069
1.4671
1.48736
1.50463
1.51472
1.51141
1.49527
1.46574
1.40934
1.31136
1.21493
1.17351
1.17124
1.18338
1.21005
1.24651
1.28003
1.3086
1.33348
1.35488
1.37513
1.3919
1.40547
1.4142
1.41881
1.4197
1.41502
1.40135
1.38345
1.37199
1.36932
1.37407
1.38224
1.39757
1.42224
1.45072
1.47956
1.5077
1.53526
1.56218
1.58828
1.61322
1.63727
1.66074
1.68385
1.70643
1.72832
1.74901
1.76884
1.78708
1.80472
1.82016
1.83488
1.84665
1.85716
1.86431
1.86761
1.86797
1.86703
1.86318
1.85435
1.84057
1.82383
1.80541
1.78674
1.7691
1.75318
1.73955
1.72858
1.72073
1.71559
1.71359
1.71426
1.71539
1.71757
1.72139
1.72725
1.73383
1.74118
1.74822
1.75595
1.76327
1.771
1.7781
1.78546
1.79211
1.79888
1.80483
1.81067
1.81557
1.82014
1.82354
1.82652
1.82843
1.8293
1.83009
1.96285
1.59396
1.48521
1.46595
1.46552
1.47467
1.48969
1.5019
1.49771
1.47875
1.44315
1.37937
1.27474
1.18091
1.14567
1.14789
1.16114
1.19063
1.22847
1.26192
1.29066
1.31463
1.33791
1.35944
1.381
1.40168
1.41981
1.43566
1.44626
1.45366
1.45604
1.45543
1.44788
1.43434
1.42311
1.41859
1.42195
1.42822
1.44015
1.46112
1.48812
1.5161
1.5442
1.5715
1.5979
1.62273
1.64716
1.67111
1.69455
1.7178
1.73917
1.76071
1.78014
1.79982
1.81788
1.83487
1.85062
1.86359
1.87546
1.88376
1.88938
1.89043
1.89054
1.88842
1.88208
1.87006
1.85364
1.83438
1.81333
1.7925
1.77364
1.75819
1.74671
1.73901
1.73573
1.73586
1.73699
1.73927
1.74349
1.7489
1.75555
1.76223
1.76926
1.77602
1.78306
1.78974
1.79658
1.80287
1.80926
1.81499
1.82067
1.82556
1.83016
1.83381
1.83686
1.83893
1.84037
1.84053
1.8398
1.84067
2.34671
1.81649
1.56804
1.50219
1.48721
1.48523
1.48936
1.48577
1.46418
1.42206
1.34635
1.2375
1.14852
1.11943
1.12429
1.14142
1.17367
1.21224
1.24552
1.27274
1.29697
1.31919
1.34156
1.36442
1.38686
1.41002
1.43125
1.45152
1.46822
1.48141
1.49094
1.4958
1.49686
1.49386
1.48508
1.47414
1.46864
1.47022
1.47516
1.48436
1.50096
1.5256
1.55281
1.58059
1.60739
1.63254
1.65766
1.68178
1.70583
1.72861
1.75004
1.77129
1.79106
1.81112
1.82959
1.84691
1.86305
1.87641
1.88898
1.8981
1.90474
1.90614
1.9063
1.90458
1.89895
1.8878
1.87303
1.8553
1.83597
1.81683
1.79852
1.78358
1.77204
1.76472
1.76184
1.7623
1.76342
1.76602
1.77074
1.77702
1.78355
1.79021
1.79679
1.80336
1.80978
1.81592
1.82184
1.82739
1.83274
1.83755
1.84201
1.84563
1.84871
1.85067
1.8521
1.85237
1.85179
1.85058
1.84837
1.8482
2.63809
2.20383
1.73697
1.55444
1.51152
1.49534
1.4813
1.45246
1.39831
1.3045
1.19516
1.12001
1.09761
1.10434
1.1263
1.16247
1.20033
1.23254
1.25901
1.28152
1.30363
1.32547
1.34801
1.37167
1.39492
1.41904
1.4421
1.4644
1.48527
1.50261
1.51792
1.52888
1.53624
1.5384
1.53841
1.53383
1.52484
1.51945
1.51786
1.52175
1.52865
1.54144
1.56237
1.58755
1.61402
1.64021
1.6665
1.69164
1.71546
1.73825
1.75944
1.7808
1.80081
1.82036
1.8388
1.85534
1.87119
1.88436
1.89652
1.90545
1.91112
1.91237
1.91255
1.91095
1.90538
1.89568
1.88386
1.87047
1.85592
1.84172
1.82758
1.81548
1.80503
1.79754
1.7932
1.79246
1.79277
1.79422
1.79784
1.80327
1.80914
1.81528
1.82133
1.82727
1.83309
1.83856
1.84386
1.84863
1.85309
1.85688
1.86013
1.86251
1.86404
1.86467
1.86436
1.86323
1.86152
1.85832
1.85346
1.85137
2.79518
2.52122
2.02204
1.66011
1.53974
1.4967
1.45019
1.3746
1.26001
1.146
1.0856
1.07342
1.08377
1.1125
1.15231
1.1891
1.21986
1.24469
1.267
1.28818
1.30972
1.33218
1.35488
1.37892
1.40271
1.42683
1.4511
1.47399
1.49715
1.51745
1.53636
1.55204
1.56476
1.57408
1.57801
1.579
1.57751
1.57191
1.56573
1.56268
1.56533
1.57035
1.5802
1.5976
1.62047
1.64484
1.67057
1.69591
1.72013
1.74364
1.76553
1.78718
1.8073
1.82604
1.84402
1.85953
1.8744
1.8867
1.89692
1.90466
1.90758
1.90843
1.90824
1.90603
1.90053
1.89352
1.88641
1.87858
1.87095
1.86306
1.85568
1.84778
1.84016
1.83293
1.82752
1.82436
1.82362
1.82365
1.82468
1.82763
1.83192
1.83712
1.84241
1.84781
1.85286
1.85771
1.86208
1.86602
1.86929
1.87196
1.87364
1.87458
1.87444
1.8736
1.87216
1.86932
1.8652
1.85971
1.85321
1.85024
2.88612
2.73672
2.39041
1.88199
1.60453
1.48706
1.37054
1.21425
1.089
1.04166
1.04235
1.0596
1.09568
1.13909
1.17623
1.20618
1.22997
1.25074
1.27113
1.29207
1.31401
1.33687
1.36022
1.38431
1.40852
1.43273
1.45716
1.48085
1.50436
1.52674
1.54758
1.56673
1.58267
1.59706
1.60726
1.61316
1.61476
1.61465
1.61192
1.60602
1.60293
1.60346
1.60698
1.6143
1.6278
1.64783
1.67088
1.69508
1.7187
1.7419
1.76456
1.78567
1.80615
1.82461
1.84129
1.85668
1.86912
1.88012
1.88767
1.89187
1.89318
1.89345
1.89274
1.88983
1.88705
1.88377
1.88154
1.87974
1.87879
1.87772
1.87588
1.87307
1.86856
1.8634
1.85798
1.85312
1.84955
1.84761
1.84728
1.84763
1.84897
1.85211
1.85625
1.86076
1.86516
1.86944
1.87314
1.87623
1.87848
1.87967
1.87996
1.87941
1.87825
1.87577
1.87207
1.86649
1.86052
1.85422
1.8473
1.84429
2.93825
2.85076
2.65326
2.23556
1.73279
1.43455
1.19241
1.02457
0.983038
0.995001
1.02592
1.07111
1.11564
1.15332
1.18354
1.20732
1.22787
1.24784
1.26863
1.29047
1.31342
1.33698
1.36076
1.38497
1.4092
1.4333
1.45758
1.48126
1.50476
1.5276
1.54927
1.56998
1.58826
1.60485
1.61904
1.63009
1.63758
1.64007
1.64047
1.63968
1.63597
1.63255
1.631
1.63395
1.63937
1.6498
1.66713
1.68747
1.70927
1.73168
1.75382
1.7749
1.79406
1.81164
1.82742
1.84053
1.85209
1.85972
1.86434
1.86587
1.86637
1.86589
1.8652
1.86446
1.86541
1.86689
1.8694
1.8732
1.87746
1.88178
1.88459
1.88561
1.88438
1.88246
1.87925
1.87491
1.86973
1.86548
1.86239
1.86057
1.86034
1.86112
1.86254
1.8651
1.86847
1.87198
1.87485
1.87694
1.87782
1.87793
1.87722
1.87527
1.87206
1.86692
1.86132
1.85455
1.848
1.84183
1.83564
1.83329
2.95946
2.90106
2.7658
2.45686
1.89281
1.28104
0.919146
0.84315
0.879549
0.932873
0.997338
1.05257
1.09669
1.13138
1.15877
1.18245
1.20511
1.22804
1.25166
1.27587
1.30057
1.32546
1.35
1.37427
1.39844
1.42216
1.44587
1.46922
1.49199
1.51468
1.53615
1.55711
1.57664
1.59433
1.61063
1.62455
1.63622
1.64424
1.64813
1.64923
1.64875
1.64746
1.64448
1.64201
1.64459
1.64927
1.65762
1.67056
1.68868
1.70882
1.72968
1.74907
1.76699
1.78297
1.79685
1.80861
1.81685
1.82203
1.82386
1.82451
1.82499
1.82601
1.82732
1.82985
1.8343
1.84098
1.84871
1.85685
1.86457
1.87211
1.8781
1.88291
1.88529
1.88575
1.88428
1.88224
1.87893
1.87428
1.86938
1.86511
1.86219
1.86047
1.86007
1.86051
1.8619
1.86347
1.86488
1.86582
1.86591
1.86465
1.86222
1.85801
1.85305
1.84639
1.83999
1.83307
1.82706
1.82192
1.81723
1.81593
2.96503
2.91814
2.79532
2.51154
1.91798
1.08214
0.635628
0.613626
0.692212
0.787172
0.874704
0.94138
0.99209
1.03233
1.06701
1.09904
1.12959
1.15917
1.18802
1.21626
1.24407
1.27162
1.29871
1.32521
1.35077
1.37594
1.40052
1.42465
1.44816
1.47123
1.4935
1.51493
1.53567
1.55479
1.57287
1.5891
1.60375
1.61612
1.62511
1.63129
1.63342
1.63388
1.63388
1.63277
1.63092
1.63325
1.63748
1.64391
1.65435
1.66933
1.68672
1.70387
1.71988
1.73426
1.74558
1.75427
1.76002
1.76331
1.76498
1.76643
1.76859
1.77217
1.77782
1.78504
1.79436
1.80429
1.81588
1.82639
1.83729
1.84666
1.85586
1.86303
1.86921
1.87273
1.87402
1.87313
1.87183
1.86941
1.86514
1.85959
1.85436
1.85003
1.84693
1.84487
1.84369
1.84295
1.84222
1.8411
1.8394
1.83633
1.83202
1.82627
1.82007
1.81335
1.80702
1.80131
1.79654
1.79335
1.79025
1.79032
2.9675
2.92355
2.80553
2.52734
1.91951
0.98392
0.451039
0.419086
0.510228
0.617555
0.706236
0.775077
0.831277
0.880366
0.924915
0.966466
1.00534
1.04223
1.07724
1.1108
1.14295
1.17408
1.20416
1.2338
1.26238
1.29002
1.31712
1.34331
1.36904
1.39394
1.41823
1.44161
1.46433
1.4858
1.50631
1.52536
1.54283
1.55898
1.57246
1.58357
1.59136
1.59537
1.59721
1.59851
1.59863
1.59862
1.5987
1.60198
1.60786
1.61577
1.6259
1.63847
1.65095
1.6619
1.6706
1.67722
1.68193
1.68523
1.68856
1.69296
1.69948
1.7074
1.7179
1.7292
1.74219
1.75519
1.7688
1.78168
1.79438
1.80624
1.81709
1.82699
1.83498
1.8418
1.84578
1.84771
1.84735
1.84652
1.8444
1.84029
1.83408
1.82817
1.8223
1.81769
1.81327
1.80991
1.80599
1.80249
1.79786
1.79299
1.78671
1.78054
1.7737
1.76792
1.76235
1.75855
1.75533
1.75409
1.75243
1.75364
2.96879
2.92491
2.81024
2.53352
1.92908
0.963813
0.417312
0.36965
0.433603
0.5138
0.579921
0.636787
0.6893
0.739263
0.78693
0.832331
0.875398
0.916282
0.955134
0.992253
1.02765
1.06191
1.09476
1.12679
1.15821
1.18861
1.2183
1.24704
1.27505
1.30218
1.32865
1.35406
1.37892
1.40273
1.42557
1.44749
1.46798
1.48715
1.50486
1.51992
1.53288
1.54203
1.54744
1.54996
1.55181
1.55246
1.55133
1.54946
1.55031
1.55154
1.55481
1.55995
1.56564
1.57102
1.5766
1.58181
1.58697
1.59244
1.59996
1.6097
1.62129
1.63451
1.64875
1.66391
1.67934
1.69494
1.70985
1.72478
1.73852
1.75221
1.76444
1.77609
1.78632
1.7951
1.80234
1.80676
1.80895
1.80957
1.8095
1.80725
1.80275
1.79636
1.78873
1.78136
1.7736
1.76658
1.7591
1.75211
1.74431
1.73703
1.72931
1.72257
1.71607
1.7112
1.70705
1.70475
1.7031
1.70298
1.70249
1.70434
2.96871
2.92598
2.81067
2.53535
1.92971
0.954037
0.406723
0.364312
0.418527
0.480145
0.525086
0.564236
0.603892
0.645162
0.687265
0.729242
0.770475
0.810826
0.849964
0.88818
0.925148
0.961273
0.996265
1.03041
1.0635
1.09603
1.12743
1.1583
1.1881
1.2173
1.24576
1.27335
1.30047
1.32653
1.35201
1.37632
1.39962
1.42169
1.44191
1.46097
1.47683
1.49039
1.50013
1.50471
1.50699
1.50831
1.50763
1.50346
1.49698
1.49128
1.48671
1.482
1.4804
1.48048
1.48367
1.48777
1.49299
1.50105
1.51308
1.52722
1.54341
1.56017
1.57801
1.59578
1.61401
1.63141
1.64899
1.66542
1.68187
1.69713
1.71187
1.72539
1.73784
1.74864
1.75813
1.76503
1.76936
1.77047
1.77181
1.77059
1.76699
1.76041
1.75087
1.74017
1.72824
1.71621
1.70397
1.69218
1.68082
1.67047
1.66125
1.65351
1.64744
1.64283
1.63998
1.63818
1.63779
1.63813
1.63836
1.64034
2.96983
2.92488
2.81278
2.53595
1.93196
0.956536
0.411236
0.371332
0.423911
0.480518
0.516553
0.544945
0.574101
0.606118
0.640326
0.67583
0.71205
0.748653
0.785326
0.821979
0.858341
0.894323
0.929841
0.964764
0.998967
1.03256
1.06536
1.09743
1.12879
1.15938
1.18929
1.21843
1.24705
1.27461
1.30173
1.3277
1.35273
1.37651
1.39894
1.41972
1.43791
1.45442
1.46648
1.47398
1.47667
1.47791
1.47706
1.47149
1.46041
1.44769
1.43352
1.42165
1.41121
1.40641
1.40838
1.41191
1.41753
1.42746
1.44277
1.46073
1.48028
1.49991
1.52074
1.54088
1.56134
1.58055
1.59981
1.61777
1.63553
1.65184
1.66783
1.68199
1.69565
1.70708
1.71733
1.7252
1.73006
1.73191
1.73179
1.73044
1.72673
1.71917
1.70765
1.69338
1.67738
1.65986
1.64305
1.62587
1.61153
1.59791
1.58798
1.57924
1.57402
1.56962
1.56803
1.56666
1.56728
1.56784
1.56865
1.57046
2.9708
2.92362
2.81431
2.5353
1.9327
0.956749
0.411621
0.37295
0.425755
0.481873
0.516239
0.541876
0.568012
0.596789
0.62779
0.660024
0.693195
0.727082
0.761511
0.796409
0.831561
0.866743
0.901953
0.936813
0.971412
1.00539
1.03884
1.07141
1.10351
1.13455
1.16519
1.19488
1.22411
1.25228
1.28006
1.30661
1.33234
1.35681
1.38004
1.40146
1.42077
1.43832
1.45147
1.46072
1.46378
1.46465
1.46332
1.45699
1.44342
1.4264
1.40588
1.38807
1.37277
1.36564
1.3652
1.36848
1.37461
1.3856
1.40202
1.42089
1.44138
1.46201
1.48376
1.50454
1.52555
1.54503
1.56458
1.58254
1.60037
1.61642
1.63222
1.64604
1.65942
1.67048
1.68063
1.68803
1.69323
1.69448
1.69401
1.69233
1.68834
1.68012
1.66763
1.65132
1.63278
1.6123
1.59179
1.57235
1.55495
1.54032
1.52896
1.5198
1.51417
1.50957
1.50772
1.50604
1.50649
1.50673
1.50703
1.50906
)
;

boundaryField
{
    inlet
    {
        type            calculated;
        value           uniform 3.00001;
    }
    outlet
    {
        type            calculated;
        value           nonuniform List<scalar> 
40
(
1.0618
1.15496
1.23226
1.30141
1.35274
1.39758
1.42732
1.45129
1.46975
1.48531
1.50189
1.52138
1.54433
1.56915
1.59434
1.61839
1.64303
1.66549
1.68818
1.70979
1.73094
1.75111
1.76996
1.7875
1.80357
1.81781
1.83009
1.84067
1.8482
1.85137
1.85024
1.84429
1.83329
1.81593
1.79032
1.75364
1.70434
1.64034
1.57046
1.50906
)
;
    }
    top
    {
        type            symmetryPlane;
    }
    bottom
    {
        type            symmetryPlane;
    }
    obstacle
    {
        type            calculated;
        value           nonuniform List<scalar> 
110
(
0.0266999
0.0559609
0.0961303
0.138348
0.182855
0.23295
0.292266
0.366819
0.467175
0.637744
0.85452
1.17386
1.31624
1.32197
1.2646
1.16802
1.06317
0.978427
0.892258
0.736079
0.466385
0.216172
0.0797168
0.0239809
0.152102
0.245777
0.326702
0.390861
0.433268
0.458964
0.480522
0.503655
0.527742
0.551585
0.574407
0.594444
0.607671
0.614602
0.616118
0.607146
0.58324
0.54577
0.49805
0.443564
0.387128
0.331578
0.278218
0.227668
0.178438
0.132452
0.0887707
0.0473681
0.00648104
0.0357518
0.0705358
0.10485
0.13713
0.167327
0.195516
0.222867
0.251328
0.279153
0.305924
0.331292
0.356122
0.379949
0.403435
0.425977
0.448323
0.469723
0.491079
0.511508
0.53198
0.551527
0.571179
0.589949
0.608884
0.626981
0.645279
0.662735
0.680469
0.697328
0.714538
0.730854
0.747569
0.763377
0.779618
0.794942
0.810723
0.825564
0.84089
0.855251
0.870118
0.883994
0.898411
0.911799
0.925771
0.938674
0.952177
0.964573
0.977556
0.989366
1.00171
1.01274
1.02415
1.03397
1.04369
1.0512
1.05714
1.0618
)
;
    }
    frontAndBack
    {
        type            empty;
    }
}


// ************************************************************************* //
