/*--------------------------------*- C++ -*----------------------------------*\
  =========                 |
  \\      /  F ield         | OpenFOAM: The Open Source CFD Toolbox
   \\    /   O peration     | Website:  https://openfoam.org
    \\  /    A nd           | Version:  13
     \\/     M anipulation  |
\*---------------------------------------------------------------------------*/
FoamFile
{
    format      ascii;
    class       volScalarField;
    location    "4.5";
    object      T;
}
// * * * * * * * * * * * * * * * * * * * * * * * * * * * * * * * * * * * * * //

dimensions      [0 0 0 1 0 0 0];

internalField   nonuniform List<scalar> 
5250
(
1
1.00002
1.00004
1.0001
1.00027
1.00063
1.00166
1.00377
1.01016
1.02365
1.06257
1.16151
1.43706
2.09602
2.64814
2.76091
2.74271
2.73704
2.74898
2.76471
2.77842
2.78531
2.79286
2.79773
2.79954
1
1.00002
1.00004
1.00011
1.00023
1.00069
1.00147
1.00406
1.00928
1.02441
1.0601
1.16006
1.42889
2.08206
2.64319
2.76061
2.74191
2.73591
2.74787
2.76356
2.77722
2.78411
2.79167
2.7965
2.79824
1
1.00001
1.00004
1.0001
1.00025
1.0006
1.00157
1.0036
1.00963
1.0225
1.0593
1.15291
1.41379
2.04969
2.63156
2.7592
2.73941
2.73258
2.74462
2.76021
2.77365
2.78087
2.78813
2.79304
2.79516
1
1.00001
1.00004
1.0001
1.00023
1.0006
1.00142
1.00356
1.00881
1.02179
1.05544
1.1447
1.38958
1.99925
2.61271
2.75632
2.73499
2.72686
2.73852
2.75461
2.76824
2.77491
2.7829
2.7872
2.78896
1
1.00001
1.00003
1.00009
1.00021
1.00057
1.00129
1.00337
1.00807
1.02041
1.05113
1.13373
1.3587
1.93078
2.58603
2.75079
2.72794
2.7183
2.73053
2.74572
2.76006
2.7672
2.77415
2.77948
2.78138
1
1.00001
1.00003
1.00008
1.00021
1.00048
1.00126
1.00296
1.00752
1.01844
1.04668
1.12075
1.32304
1.84579
2.54966
2.74023
2.71666
2.70587
2.71786
2.73455
2.74853
2.75558
2.76369
2.76769
2.76952
1
1.00001
1.00003
1.00008
1.00017
1.00047
1.00108
1.00278
1.00673
1.01677
1.04203
1.10841
1.28885
1.76066
2.50713
2.72674
2.70295
2.69155
2.70376
2.7183
2.73425
2.7406
2.74734
2.7516
2.75225
1
1.00001
1.00002
1.00007
1.00015
1.00045
1.00092
1.00269
1.00577
1.01585
1.03731
1.09915
1.26057
1.69425
2.45864
2.71126
2.69096
2.68066
2.68936
2.70266
2.71462
2.72168
2.72623
2.72829
2.72524
1
1.00001
1.00003
1.00006
1.00016
1.00034
1.001
1.00207
1.00596
1.01311
1.03551
1.08746
1.23607
1.62739
2.38888
2.68418
2.68127
2.67384
2.67558
2.68483
2.69501
2.69677
2.69838
2.69441
2.67995
1
1.00001
1.00002
1.00005
1.00015
1.0003
1.0009
1.00185
1.00533
1.01175
1.03172
1.07786
1.2097
1.5586
2.29678
2.64777
2.67373
2.66579
2.66196
2.66587
2.67119
2.67011
2.66198
2.6408
2.58049
1
1.00001
1.00002
1.00004
1.00013
1.00028
1.00075
1.00175
1.00442
1.01083
1.02709
1.06888
1.18164
1.48742
2.18018
2.59992
2.66484
2.65588
2.64789
2.64704
2.64548
2.63762
2.61627
2.56611
2.45258
1
1.00001
1.00002
1.00004
1.00011
1.00023
1.00065
1.00146
1.00386
1.00914
1.02334
1.05829
1.15359
1.41133
2.0351
2.53741
2.65167
2.64235
2.63175
2.62687
2.61986
2.6034
2.5681
2.49709
2.36516
1
1.00001
1.00001
1.00003
1.00009
1.00021
1.00053
1.00122
1.00327
1.00735
1.01977
1.04712
1.12565
1.3319
1.86192
2.45694
2.62783
2.62091
2.61125
2.6027
2.59209
2.56908
2.52675
2.45028
2.33041
1
1
1.00001
1.00003
1.00007
1.00017
1.00041
1.00105
1.00244
1.0064
1.01488
1.0388
1.09689
1.25799
1.67397
2.35839
2.59048
2.59189
2.58438
2.57513
2.56118
2.53671
2.49258
2.42157
2.31687
1
1
1.00001
1.00002
1.00006
1.00013
1.00035
1.00084
1.00203
1.00513
1.01225
1.03139
1.07849
1.20832
1.55023
2.24688
2.54733
2.56758
2.55853
2.54749
2.5326
2.50626
2.46341
2.40085
2.31
1
1
1.00001
1.00002
1.00005
1.00011
1.00027
1.00068
1.00162
1.00418
1.00976
1.02549
1.06244
1.16603
1.4399
2.07542
2.47588
2.54743
2.53958
2.52473
2.50657
2.48012
2.43949
2.38213
2.30558
1
1
1.00001
1.00002
1.00003
1.0001
1.0002
1.00058
1.00119
1.00342
1.00745
1.02012
1.04809
1.12757
1.33635
1.8651
2.37952
2.51984
2.51842
2.50551
2.48223
2.45663
2.41741
2.36731
2.29907
1
1
1
1.00001
1.00003
1.00007
1.00015
1.00043
1.0009
1.0026
1.00548
1.01516
1.03504
1.09268
1.23844
1.62528
2.2527
2.47377
2.48845
2.47865
2.4578
2.43246
2.39682
2.35167
2.29318
1
1
1
1.00001
1.00002
1.00005
1.00012
1.00032
1.00071
1.00194
1.00422
1.01158
1.02643
1.07017
1.17896
1.47578
2.10405
2.41885
2.46217
2.45349
2.43503
2.4086
2.37711
2.33588
2.28552
1
1
1
1.00001
1.00002
1.00004
1.0001
1.00022
1.00056
1.00138
1.00331
1.00844
1.02009
1.05176
1.132
1.35136
1.88559
2.32164
2.43088
2.42968
2.41415
2.38915
2.35792
2.32145
2.27649
1
1
1
1
1.00001
1.00003
1.00007
1.00015
1.00043
1.00093
1.00251
1.00571
1.01476
1.03553
1.09155
1.23658
1.61703
2.18585
2.38219
2.39989
2.38991
2.36789
2.33867
2.30542
2.26635
1
1
1
1
1.00001
1.00002
1.00005
1.00012
1.00028
1.00074
1.00165
1.00449
1.00992
1.0266
1.06352
1.16839
1.43813
2.01873
2.32007
2.37146
2.3648
2.34638
2.31985
2.28949
2.25487
1
1
1
1
1.00001
1.00001
1.00004
1.00008
1.00021
1.00048
1.0013
1.00284
1.00781
1.01747
1.04651
1.11516
1.30608
1.77628
2.21244
2.33297
2.33827
2.32662
2.30327
2.27404
2.24191
1
1
1
1
1
1.00001
1.00002
1.00006
1.00014
1.00034
1.00087
1.00197
1.00525
1.01176
1.03115
1.07486
1.19669
1.51011
2.05444
2.27351
2.30749
2.30212
2.28417
2.2582
2.22845
1
1
1
1
1
1.00001
1.00002
1.00004
1.00009
1.00024
1.00057
1.0014
1.00347
1.00827
1.02096
1.05099
1.13219
1.34326
1.83981
2.18512
2.27294
2.27702
2.2662
2.2431
2.21523
1
1
1
1
1
1
1.00001
1.00003
1.00006
1.00017
1.00035
1.00101
1.00208
1.00587
1.01283
1.03401
1.08207
1.21416
1.55172
2.04287
2.22275
2.24847
2.24366
2.22597
2.2012
1
1
1
1
1
1
1.00001
1.00002
1.00005
1.0001
1.00026
1.00062
1.00149
1.00372
1.00873
1.02229
1.05378
1.13943
1.36021
1.85031
2.14835
2.21701
2.22022
2.20956
2.18798
1
1
1
1
1
1
1
1.00001
1.00003
1.00006
1.00018
1.00037
1.00106
1.00216
1.00613
1.01332
1.03546
1.08534
1.22291
1.56985
2.0148
2.17122
2.19373
2.18895
2.17225
1
1
1
1
1
1
1
1.00001
1.00002
1.00004
1.00011
1.00025
1.00063
1.00152
1.00363
1.00913
1.02156
1.05481
1.13717
1.35802
1.82142
2.09532
2.1606
2.16557
2.1568
1
1
1
1
1
1
1
1
1.00001
1.00003
1.00007
1.00015
1.00042
1.00087
1.00248
1.00518
1.01424
1.03214
1.08427
1.21034
1.54134
1.96053
2.11413
2.13933
2.1371
1
1
1
1
1
1
1
1
1.00001
1.00002
1.00005
1.00009
1.00026
1.00055
1.00151
1.00332
1.00864
1.02016
1.05112
1.1273
1.33039
1.76198
2.03396
2.10589
2.1143
1
1
1
1
1
1
1
1
1
1.00001
1.00002
1.00007
1.00014
1.00039
1.00079
1.00224
1.00469
1.01272
1.02871
1.07439
1.18387
1.47261
1.88858
2.05683
2.08704
1
1
1
1
1
1
1
1
1
1.00001
1.00002
1.00004
1.00009
1.00021
1.00053
1.00128
1.00303
1.00759
1.01773
1.04508
1.11047
1.28661
1.68017
1.97452
2.05655
1
1
1
1
1
1
1
1
1
1
1.00001
1.00002
1.00005
1.00014
1.00029
1.0008
1.00173
1.00452
1.01034
1.026
1.0628
1.15928
1.40681
1.81406
1.99901
1
1
1
1
1
1
1
1
1
1
1.00001
1.00001
1.00003
1.00008
1.00017
1.00048
1.00102
1.00269
1.00613
1.01535
1.03682
1.09224
1.23383
1.57325
1.89536
1
1
1
1
1
1
1
1
1
1
1
1.00001
1.00002
1.00005
1.0001
1.00027
1.00062
1.00151
1.00364
1.00863
1.02139
1.05141
1.12955
1.33089
1.71275
1
1
1
1
1
1
1
1
1
1
1
1
1.00001
1.00003
1.00006
1.00015
1.00036
1.00084
1.00209
1.00473
1.01218
1.02767
1.07076
1.17316
1.43633
1
1
1
1
1
1
1
1
1
1
1
1
1.00001
1.00002
1.00003
1.00009
1.00019
1.00052
1.0011
1.00294
1.00649
1.01662
1.03899
1.09833
1.24709
1
1
1
1
1
1
1
1
1
1
1
1
1
1.00001
1.00002
1.00005
1.00011
1.00029
1.00061
1.00168
1.00347
1.00954
1.02069
1.05409
1.12959
1
1
1
1
1
1
1
1
1
1
1
1
1
1
1.00001
1.00003
1.00006
1.00016
1.00034
1.00089
1.00198
1.00496
1.01159
1.02823
1.06844
1
1
1
1
1
1
1
1
1
1
1
1
1
1
1.00001
1.00002
1.00003
1.00009
1.00018
1.00051
1.00108
1.00281
1.00636
1.01574
1.03755
1
1
1
1
1
1
1
1
1
1
1
1
1
1
1
1.00001
1.00002
1.00005
1.00011
1.00027
1.00059
1.00159
1.00331
1.00905
1.01941
1
1
1
1
1
1
1
1
1
1
1
1
1
1
1
1
1.00001
1.00002
1.00007
1.00014
1.00038
1.00078
1.00211
1.00454
1.01171
1
1
1
1
1
1
1
1
1
1
1
1
1
1
1
1
1.00001
1.00002
1.00004
1.00009
1.00024
1.00049
1.00136
1.00293
1.0076
1
1
1
1
1
1
1
1
1
1
1
1
1
1
1
1
1
1.00001
1.00003
1.00008
1.00016
1.00045
1.00093
1.00266
1.00565
1
1
1
1
1
1
1
1
1
1
1
1
1
1
1
1
1
1.00001
1.00003
1.00006
1.00015
1.00039
1.00086
1.00239
1.0052
1
1
1
1
1
1
1
1
1
1
1
1
1
1
1
1
1
1.00001
1.00002
1.00006
1.00013
1.00039
1.00082
1.00228
1.00513
1
1
1
1
1
1
1
1
1
1
1
1
1
1
1
1
1
1.00001
1.00002
1.00006
1.00014
1.00037
1.00081
1.00228
1.00497
1
1
1
1
1
1
1
1
1
1
1
1
1
1
1
1
1
1.00001
1.00003
1.00005
1.00015
1.00033
1.00089
1.00209
1.00531
1
1
1
1
1
1
1
1
1
1
1
1
1
1
1
1
1
1.00001
1.00002
1.00005
1.00015
1.00033
1.00093
1.00196
1.00564
2.23581
2.07031
2.02016
2.0536
2.11478
2.19865
2.28093
2.35552
2.42014
2.55272
2.73421
2.89638
2.93599
2.95569
2.93802
2.90514
2.8912
2.87662
2.85321
2.84298
2.83338
2.82126
2.81195
2.79748
2.78653
2.77562
2.76747
2.76368
2.76289
2.76804
2.78051
2.80016
2.82266
2.8468
2.86762
2.88498
2.90064
2.91125
2.9201
2.92588
2.9284
2.92953
2.92678
2.92584
2.92154
2.91825
2.91077
2.90652
2.89763
2.89252
2.88175
2.87556
2.86384
2.85689
2.84501
2.83733
2.82507
2.81724
2.80451
2.79676
2.78367
2.77562
2.76242
2.75443
2.74154
2.73346
2.7206
2.7121
2.69906
2.69042
2.67712
2.66843
2.65503
2.64632
2.63297
2.62432
2.61114
2.60259
2.58963
2.58127
2.56855
2.56042
2.54801
2.54017
2.52806
2.52059
2.50879
2.50168
2.49029
2.48356
2.47265
2.46641
2.45609
2.45056
2.44112
2.43664
2.42884
2.42632
2.42204
2.42238
2.22966
2.13286
2.07798
2.04422
2.00972
1.9931
1.99751
2.02722
2.10169
2.26265
2.48598
2.68685
2.78207
2.85108
2.89455
2.91128
2.9213
2.93332
2.94071
2.93847
2.94005
2.94109
2.92936
2.91123
2.9042
2.89644
2.89009
2.88808
2.89009
2.89363
2.9007
2.91176
2.91863
2.92779
2.93237
2.93514
2.9327
2.92978
2.92216
2.91407
2.89728
2.88881
2.87498
2.86498
2.85157
2.84057
2.82706
2.81595
2.80253
2.79157
2.77747
2.76538
2.75097
2.73958
2.72525
2.71393
2.69953
2.68825
2.67425
2.66319
2.64937
2.63828
2.62474
2.61377
2.60046
2.5896
2.57651
2.56599
2.55307
2.54281
2.53003
2.51995
2.5073
2.49735
2.4849
2.4751
2.46286
2.45329
2.44125
2.432
2.42011
2.41122
2.39953
2.39092
2.37956
2.37116
2.36019
2.35203
2.34146
2.33366
2.32349
2.31619
2.30653
2.29996
2.29106
2.28553
2.27798
2.27439
2.26996
2.2689
2.22903
2.14084
2.06315
1.98636
1.92156
1.87305
1.86414
1.87827
1.92185
2.04514
2.21921
2.46462
2.62683
2.66763
2.70073
2.76907
2.81173
2.83472
2.87145
2.89786
2.92206
2.93893
2.94723
2.95114
2.95038
2.94929
2.95018
2.95542
2.96303
2.96734
2.96833
2.96711
2.95596
2.94567
2.93221
2.91194
2.89304
2.87444
2.85912
2.84229
2.8287
2.8146
2.80108
2.78835
2.77518
2.76259
2.74919
2.73701
2.72384
2.71239
2.6993
2.68684
2.67301
2.66097
2.6481
2.63649
2.62385
2.61224
2.59962
2.58799
2.57559
2.56413
2.55198
2.54081
2.52882
2.51796
2.50616
2.49564
2.484
2.4738
2.46223
2.45225
2.44072
2.43087
2.41938
2.40967
2.39826
2.3888
2.3775
2.36836
2.35721
2.3484
2.33748
2.32892
2.31831
2.30998
2.29971
2.29163
2.28169
2.2739
2.26424
2.25692
2.24766
2.24099
2.23244
2.22686
2.21964
2.21597
2.21179
2.21061
2.22098
2.13436
2.0524
1.98117
1.91409
1.86644
1.83038
1.82685
1.83916
1.88327
2.00332
2.22511
2.41824
2.50682
2.57192
2.60816
2.62619
2.67101
2.72945
2.75387
2.78261
2.82594
2.85653
2.88357
2.90416
2.92012
2.9337
2.94382
2.94808
2.94586
2.93489
2.91599
2.88917
2.86539
2.83821
2.8178
2.79559
2.7792
2.76159
2.74799
2.73384
2.72108
2.70794
2.69575
2.68285
2.67121
2.65853
2.64725
2.63507
2.62473
2.61266
2.60127
2.58811
2.57678
2.5642
2.55306
2.54072
2.52972
2.51761
2.50678
2.4947
2.48399
2.47183
2.46129
2.4491
2.43885
2.42676
2.41681
2.4049
2.39513
2.38342
2.37373
2.3622
2.35259
2.34122
2.33177
2.32054
2.31134
2.3002
2.29129
2.2803
2.27162
2.26089
2.25235
2.24199
2.23356
2.22357
2.21535
2.20568
2.19791
2.18864
2.18142
2.17264
2.16608
2.15804
2.1525
2.1458
2.1421
2.13842
2.13699
2.21834
2.13466
2.05614
1.98605
1.9238
1.86675
1.82468
1.79159
1.79155
1.80723
1.86218
1.99736
2.24974
2.35954
2.4086
2.46935
2.51477
2.539
2.56138
2.59867
2.64917
2.67366
2.69331
2.73357
2.76904
2.79571
2.82287
2.84032
2.84924
2.84654
2.83223
2.80438
2.77561
2.74603
2.72309
2.70313
2.68691
2.67268
2.65978
2.64845
2.63714
2.6267
2.61565
2.6051
2.5941
2.58344
2.57246
2.56177
2.55098
2.54113
2.53107
2.52055
2.50903
2.4983
2.48754
2.47717
2.4665
2.45608
2.44539
2.43508
2.42429
2.41409
2.40327
2.39327
2.38251
2.37276
2.3621
2.35273
2.34227
2.33324
2.32302
2.31407
2.30396
2.29499
2.28482
2.27594
2.26577
2.25707
2.24712
2.23861
2.22903
2.22073
2.2115
2.20338
2.19429
2.18643
2.17756
2.17005
2.16154
2.15449
2.14643
2.14002
2.13247
2.12693
2.11999
2.11557
2.1098
2.10711
2.10433
2.10331
2.22006
2.14189
2.06527
1.99778
1.9355
1.87992
1.83105
1.79338
1.77197
1.7737
1.79595
1.8612
2.0081
2.21558
2.31076
2.34384
2.37342
2.42129
2.45688
2.47712
2.4969
2.526
2.56705
2.59513
2.61894
2.64836
2.68356
2.70156
2.72017
2.71854
2.70289
2.67556
2.64539
2.61884
2.59578
2.57973
2.56899
2.56198
2.55581
2.55019
2.5431
2.53629
2.52825
2.52064
2.51213
2.50412
2.49503
2.48647
2.47668
2.46824
2.45931
2.45085
2.44049
2.43081
2.42052
2.41137
2.40106
2.39168
2.38127
2.37205
2.3618
2.35273
2.34237
2.33332
2.32289
2.31388
2.3035
2.29441
2.2841
2.27509
2.26489
2.25617
2.24611
2.23756
2.2276
2.21902
2.20914
2.20064
2.1908
2.18258
2.17282
2.16487
2.15536
2.14764
2.13866
2.13114
2.12261
2.11543
2.1071
2.10052
2.09229
2.08651
2.07873
2.07392
2.06724
2.06361
2.05884
2.05698
2.05556
2.05484
2.22441
2.1477
2.07953
2.01168
1.9524
1.89742
1.8468
1.80515
1.77049
1.75819
1.76344
1.78884
1.86162
2.00963
2.17167
2.25813
2.29023
2.31038
2.33578
2.3707
2.40045
2.41492
2.43666
2.46689
2.50663
2.53148
2.56257
2.59206
2.62021
2.61939
2.60343
2.57424
2.5437
2.51307
2.49054
2.47402
2.46744
2.46536
2.46453
2.46278
2.45929
2.45549
2.45012
2.44473
2.43819
2.43184
2.42467
2.41785
2.41042
2.40366
2.3967
2.39005
2.38204
2.37345
2.36469
2.3564
2.34801
2.33981
2.3311
2.32284
2.31408
2.30602
2.29729
2.28912
2.2801
2.27176
2.26249
2.25418
2.24479
2.23645
2.22709
2.21872
2.20956
2.20131
2.19228
2.18421
2.17502
2.16714
2.15774
2.14997
2.14065
2.13313
2.1242
2.11699
2.1085
2.10166
2.09348
2.08712
2.07917
2.07333
2.0657
2.06052
2.05363
2.04932
2.04377
2.0408
2.03718
2.0368
2.03586
2.03576
2.22643
2.15756
2.09018
2.02829
1.96982
1.91549
1.8681
1.82171
1.78629
1.75493
1.75043
1.75864
1.7876
1.86871
1.99986
2.13308
2.20036
2.23979
2.25835
2.26994
2.29342
2.32236
2.3511
2.3698
2.39861
2.43245
2.47791
2.51755
2.54942
2.54878
2.53079
2.50136
2.46402
2.42955
2.4035
2.38295
2.37176
2.36919
2.3727
2.37645
2.37816
2.37795
2.37615
2.37391
2.3704
2.36709
2.3624
2.35791
2.35221
2.34728
2.3418
2.33719
2.33123
2.3248
2.31701
2.31013
2.30249
2.29584
2.28812
2.28113
2.27314
2.26599
2.25792
2.25073
2.24224
2.23464
2.22556
2.21759
2.2084
2.20038
2.19143
2.18356
2.17485
2.1673
2.15872
2.15147
2.14276
2.13545
2.12649
2.11905
2.11005
2.10266
2.09393
2.08696
2.07861
2.0723
2.06436
2.05868
2.05118
2.04592
2.03913
2.0343
2.02858
2.02465
2.0203
2.01812
2.01586
2.01616
2.01603
2.01545
2.22632
2.16519
2.10238
2.043
1.98596
1.93485
1.88476
1.84293
1.80124
1.77023
1.74432
1.7445
1.75494
1.78746
1.87089
2.00152
2.097
2.14785
2.18754
2.20937
2.22096
2.23346
2.26269
2.29385
2.32698
2.35748
2.41177
2.47237
2.50168
2.49989
2.4787
2.445
2.40174
2.36226
2.3328
2.31325
2.29968
2.29172
2.29328
2.29948
2.30649
2.31127
2.31445
2.31531
2.31474
2.31312
2.31032
2.30745
2.3035
2.29982
2.29551
2.29211
2.28771
2.28297
2.27659
2.27023
2.26331
2.25675
2.24966
2.24302
2.23557
2.22889
2.2213
2.2147
2.20701
2.20012
2.19198
2.1845
2.17595
2.16829
2.15968
2.15225
2.1437
2.13663
2.12816
2.12132
2.11296
2.10613
2.09776
2.09069
2.08221
2.07511
2.06671
2.06012
2.05213
2.0464
2.03908
2.03411
2.02756
2.02316
2.01754
2.01375
2.00929
2.00633
2.00365
2.00193
2.00167
2.00208
2.00205
2.00145
2.22469
2.16831
2.11261
2.05618
2.00362
1.95199
1.90582
1.8609
1.82217
1.78511
1.75742
1.73789
1.7389
1.75211
1.78833
1.87094
1.99759
2.07341
2.10689
2.13857
2.16643
2.17969
2.19638
2.22319
2.26363
2.31444
2.38416
2.45057
2.4702
2.46328
2.44084
2.40262
2.35535
2.31161
2.27877
2.25723
2.24286
2.23377
2.22823
2.23109
2.23841
2.2473
2.25438
2.25917
2.26201
2.26307
2.2628
2.26163
2.25929
2.25687
2.25378
2.25124
2.2482
2.24499
2.24014
2.23494
2.22866
2.22288
2.21617
2.21021
2.20334
2.19728
2.19038
2.18427
2.17732
2.17097
2.16354
2.15662
2.14847
2.14116
2.13267
2.12546
2.11705
2.11007
2.10179
2.09504
2.08702
2.08045
2.07249
2.06595
2.0578
2.05128
2.04308
2.03689
2.02926
2.02378
2.01721
2.01251
2.00719
2.0033
1.9994
1.99622
1.99389
1.99182
1.99075
1.99056
1.99065
1.99111
1.99241
1.9915
2.22059
2.1712
2.11865
2.06726
2.01659
1.96888
1.92278
1.8806
1.84065
1.80509
1.77268
1.74754
1.73473
1.73623
1.75121
1.78944
1.86913
1.98455
2.05454
2.07685
2.1021
2.12741
2.15187
2.17694
2.21882
2.29098
2.37868
2.44258
2.45099
2.43942
2.41174
2.36787
2.31807
2.27587
2.24255
2.21677
2.20049
2.18871
2.18199
2.1789
2.18202
2.18995
2.19927
2.20811
2.21458
2.21881
2.22095
2.22146
2.22077
2.21924
2.21675
2.21487
2.21232
2.21031
2.20644
2.20213
2.19619
2.1906
2.18404
2.17802
2.17121
2.16495
2.15802
2.15181
2.1449
2.13882
2.1317
2.12536
2.11761
2.11072
2.10249
2.0955
2.08735
2.08068
2.07288
2.06656
2.05882
2.05267
2.04488
2.0389
2.03112
2.0252
2.01761
2.01182
2.0049
1.99955
1.99384
1.98932
1.98524
1.98199
1.97935
1.97768
1.9765
1.97611
1.97627
1.97656
1.977
1.97789
1.98026
1.97873
2.21406
2.16999
2.12365
2.07636
2.02898
1.98358
1.93959
1.89813
1.85895
1.82281
1.78966
1.76128
1.73873
1.73102
1.7342
1.75046
1.79184
1.86538
1.9695
2.03378
2.05689
2.07919
2.10582
2.14842
2.20179
2.29995
2.39332
2.43701
2.43635
2.42076
2.38741
2.34078
2.29382
2.25326
2.21908
2.19236
2.17158
2.15738
2.1485
2.14412
2.14139
2.14368
2.15053
2.159
2.16893
2.17538
2.18089
2.18278
2.1834
2.18275
2.18088
2.17934
2.17703
2.17547
2.1724
2.16883
2.16323
2.15781
2.15134
2.1455
2.13889
2.13295
2.12614
2.12009
2.11304
2.107
2.09985
2.0938
2.08634
2.07992
2.07194
2.06512
2.05697
2.05043
2.04263
2.03658
2.02904
2.02322
2.01582
2.01009
2.00305
1.9975
1.99114
1.98581
1.98027
1.97529
1.97073
1.96684
1.96372
1.96143
1.96001
1.95942
1.95962
1.95993
1.96041
1.96118
1.96257
1.96317
1.96457
1.96325
2.20631
2.16616
2.12473
2.08074
2.03878
1.99466
1.95454
1.91392
1.8768
1.84052
1.80795
1.77714
1.75188
1.73177
1.72899
1.7336
1.74994
1.79501
1.86204
1.95816
2.01707
2.04774
2.07623
2.12739
2.2142
2.33058
2.41609
2.43633
2.42983
2.40841
2.36818
2.32071
2.27707
2.23912
2.20652
2.17916
2.15674
2.13877
2.1261
2.1179
2.11319
2.11092
2.11127
2.11601
2.12317
2.13169
2.13751
2.14282
2.14484
2.14619
2.14542
2.14386
2.14117
2.13919
2.13593
2.13285
2.12762
2.12271
2.11636
2.11105
2.10448
2.09912
2.09227
2.08667
2.07938
2.07351
2.06596
2.06002
2.05241
2.04639
2.03856
2.03235
2.02441
2.01819
2.01045
2.00448
1.99731
1.99156
1.98499
1.97928
1.97333
1.96787
1.96273
1.95795
1.95364
1.94982
1.9466
1.94406
1.94219
1.94115
1.94111
1.94125
1.94173
1.94259
1.94394
1.9447
1.94529
1.94548
1.94498
1.94368
2.19655
2.16151
2.1236
2.08511
2.04395
2.00556
1.96471
1.92821
1.89066
1.85682
1.82317
1.79375
1.76518
1.74297
1.7257
1.72615
1.73258
1.75111
1.79877
1.86429
1.95329
2.01529
2.06439
2.13168
2.25959
2.38275
2.43589
2.43595
2.42382
2.39359
2.35087
2.30733
2.26796
2.23361
2.20287
2.17581
2.15186
2.13128
2.11449
2.10052
2.09162
2.08563
2.08145
2.07909
2.08001
2.08435
2.09069
2.09625
2.10145
2.10376
2.10503
2.10414
2.10191
2.09981
2.09669
2.09415
2.0899
2.08557
2.07978
2.07466
2.06838
2.06312
2.05654
2.05114
2.04413
2.03852
2.03112
2.02538
2.01784
2.01207
2.00478
1.9991
1.99213
1.98622
1.97947
1.97336
1.967
1.9611
1.95535
1.94998
1.94493
1.94025
1.93592
1.93199
1.92873
1.92613
1.92424
1.92332
1.92296
1.92313
1.92372
1.92441
1.92571
1.92677
1.92757
1.92755
1.92712
1.92622
1.92433
1.92203
2.18594
2.15494
2.12064
2.08536
2.04817
2.01145
1.97489
1.93849
1.90408
1.87019
1.83815
1.80808
1.77942
1.75518
1.73351
1.72155
1.72249
1.73161
1.7536
1.80552
1.87961
1.96855
2.0551
2.16747
2.32121
2.42605
2.44813
2.44226
2.42216
2.38526
2.34199
2.3023
2.26695
2.23472
2.20553
2.17846
2.15274
2.1296
2.10806
2.09007
2.07502
2.06342
2.05478
2.04783
2.0428
2.03945
2.04086
2.04554
2.05096
2.05636
2.05946
2.06092
2.06051
2.05894
2.05595
2.05397
2.05073
2.04781
2.04284
2.03856
2.0326
2.02785
2.02135
2.01643
2.00962
2.00459
1.99769
1.99239
1.98551
1.97986
1.97337
1.9676
1.96153
1.95577
1.94994
1.94425
1.93862
1.93326
1.92818
1.92361
1.91953
1.9159
1.91288
1.91037
1.90866
1.9077
1.90742
1.90771
1.9085
1.90937
1.91099
1.91263
1.91373
1.9143
1.91397
1.91306
1.91133
1.90895
1.9044
1.90122
2.17449
2.14625
2.11584
2.08313
2.05085
2.01448
1.98183
1.94626
1.91444
1.88089
1.85189
1.81996
1.79501
1.76621
1.74634
1.72646
1.72086
1.72405
1.7363
1.76463
1.82341
1.92533
2.04636
2.22617
2.39837
2.45678
2.45634
2.44462
2.41671
2.37863
2.34108
2.30615
2.27281
2.24224
2.21174
2.18287
2.15447
2.12764
2.10306
2.08041
2.06017
2.04285
2.02839
2.01653
2.00734
2.0002
1.9966
1.99594
1.99902
2.00442
2.00925
2.0138
2.01585
2.01717
2.01639
2.01529
2.01315
2.01145
2.0079
2.0047
1.99923
1.99504
1.98906
1.9844
1.97839
1.9734
1.96758
1.96235
1.95671
1.95144
1.94594
1.94061
1.93521
1.92993
1.92472
1.91971
1.91489
1.9104
1.9063
1.90263
1.89944
1.89673
1.89487
1.89376
1.89377
1.89418
1.8953
1.89657
1.89863
1.90116
1.903
1.90428
1.90423
1.90386
1.90286
1.90055
1.89622
1.89107
1.88582
1.88203
2.16226
2.13495
2.10891
2.07838
2.04868
2.01789
1.98483
1.95402
1.92133
1.8912
1.86072
1.83266
1.8047
1.77993
1.75585
1.73672
1.7249
1.7257
1.73432
1.75552
1.80619
1.89241
2.05476
2.29001
2.44707
2.47585
2.46991
2.45112
2.41715
2.3814
2.34674
2.31271
2.27892
2.24488
2.21177
2.17942
2.14845
2.11943
2.09179
2.06597
2.04217
2.02094
2.00253
1.98746
1.97553
1.96643
1.95994
1.95629
1.95439
1.95597
1.96067
1.96649
1.97223
1.97653
1.97892
1.9802
1.97927
1.97826
1.97612
1.97403
1.96983
1.96585
1.96093
1.95646
1.95151
1.94676
1.94162
1.9366
1.93146
1.92645
1.92145
1.9166
1.91184
1.90722
1.9028
1.89858
1.89473
1.89123
1.8883
1.88569
1.88375
1.88261
1.88231
1.88266
1.88363
1.88489
1.88667
1.88979
1.89216
1.89394
1.89428
1.89405
1.89313
1.891
1.88758
1.88228
1.87626
1.87009
1.86377
1.8598
2.14907
2.12441
2.09858
2.07349
2.04396
2.01659
1.98669
1.9574
1.92743
1.89934
1.86872
1.84382
1.81392
1.7923
1.76611
1.74861
1.73472
1.73544
1.74402
1.76437
1.81096
1.90643
2.07983
2.32547
2.45848
2.47129
2.45818
2.43442
2.39894
2.36134
2.32476
2.2889
2.25481
2.22124
2.18912
2.15766
2.12797
2.09879
2.0715
2.04601
2.02268
2.00135
1.98217
1.96558
1.95181
1.94088
1.93199
1.92475
1.92063
1.91888
1.91934
1.92304
1.92867
1.9346
1.93981
1.9434
1.94544
1.94542
1.94445
1.94338
1.94134
1.93844
1.93448
1.93039
1.92605
1.92164
1.91701
1.91233
1.90756
1.90282
1.89816
1.89362
1.88928
1.88516
1.88137
1.87796
1.87503
1.8727
1.87065
1.86943
1.86912
1.86952
1.87049
1.87225
1.87423
1.87796
1.88117
1.88386
1.88558
1.88549
1.88503
1.88392
1.88151
1.87677
1.87131
1.86515
1.85845
1.85175
1.84542
1.84154
2.13739
2.11342
2.08784
2.06498
2.03915
2.01317
1.98559
1.95972
1.92943
1.90563
1.87455
1.85188
1.82343
1.80133
1.77856
1.76035
1.75253
1.75577
1.76716
1.79242
1.84763
1.95531
2.10851
2.27133
2.37421
2.40272
2.39764
2.38563
2.36044
2.32688
2.29261
2.25971
2.22891
2.19908
2.17037
2.14198
2.11434
2.08719
2.06138
2.03654
2.01345
1.99162
1.97172
1.95324
1.93698
1.9225
1.9111
1.90175
1.89427
1.88916
1.88705
1.88579
1.88747
1.89151
1.89778
1.90317
1.908
1.91078
1.9121
1.91176
1.91085
1.90947
1.90714
1.90387
1.90017
1.89626
1.89232
1.88843
1.8846
1.88084
1.87716
1.87364
1.87028
1.86724
1.86457
1.86237
1.86082
1.85972
1.85954
1.86002
1.86117
1.86265
1.8651
1.8687
1.8721
1.87502
1.87774
1.87772
1.87759
1.87683
1.87466
1.87128
1.86597
1.85993
1.8532
1.84633
1.83904
1.83228
1.82591
1.82197
2.12229
2.10212
2.07839
2.05539
2.03228
2.00854
1.98253
1.95893
1.9313
1.90744
1.88097
1.85597
1.83289
1.80896
1.79097
1.77667
1.77688
1.78531
1.80436
1.84721
1.92615
2.03578
2.128
2.20258
2.28343
2.335
2.34738
2.34244
2.33183
2.30923
2.27724
2.24622
2.21648
2.18841
2.16056
2.13364
2.10617
2.07997
2.05408
2.03003
2.00679
1.98534
1.96442
1.94513
1.9267
1.91048
1.89609
1.88422
1.87437
1.8658
1.85967
1.85597
1.85476
1.85526
1.85857
1.86397
1.87054
1.87563
1.87992
1.8818
1.88252
1.88195
1.88118
1.87981
1.87726
1.87386
1.87027
1.86666
1.86313
1.85975
1.85659
1.85374
1.85127
1.84936
1.84799
1.84727
1.84733
1.84786
1.84922
1.85067
1.85379
1.85771
1.86173
1.86551
1.86804
1.87041
1.86997
1.86926
1.86792
1.86542
1.86037
1.85502
1.84852
1.84174
1.83453
1.82755
1.82032
1.81386
1.80774
1.80401
2.10784
2.09091
2.0691
2.04611
2.02439
2.00248
1.97842
1.95609
1.93098
1.90801
1.88352
1.86095
1.83823
1.81949
1.80391
1.80188
1.80913
1.8255
1.86227
1.92898
2.02708
2.0937
2.12697
2.15775
2.19824
2.25256
2.28582
2.2972
2.29392
2.28566
2.2672
2.23969
2.21006
2.18167
2.15398
2.12741
2.1007
2.075
2.04949
2.02574
2.00259
1.98083
1.95974
1.93934
1.92016
1.90194
1.88545
1.871
1.85827
1.84802
1.83865
1.83135
1.82664
1.82453
1.82415
1.82573
1.83012
1.83552
1.84171
1.84602
1.84979
1.85111
1.85209
1.85173
1.85104
1.8496
1.84728
1.84458
1.84189
1.83943
1.83733
1.8357
1.83469
1.83441
1.8347
1.83542
1.83691
1.83893
1.84237
1.8466
1.8511
1.85535
1.85918
1.86163
1.86216
1.86202
1.86117
1.85891
1.85485
1.84994
1.84352
1.83708
1.82988
1.82281
1.81551
1.80868
1.80175
1.79571
1.78993
1.78651
2.08806
2.07621
2.05906
2.03642
2.01544
1.99524
1.97311
1.95216
1.92925
1.90741
1.88556
1.86436
1.846
1.83045
1.82787
1.83498
1.85029
1.88393
1.94923
2.03722
2.09688
2.11516
2.11994
2.12443
2.1392
2.16948
2.20947
2.24133
2.25586
2.2542
2.24662
2.23169
2.20673
2.17784
2.1495
2.12224
2.09592
2.06975
2.04491
2.02058
1.9981
1.97592
1.95488
1.9339
1.91366
1.89435
1.8765
1.86011
1.84593
1.83291
1.82221
1.81199
1.80371
1.7978
1.79476
1.79417
1.79475
1.79756
1.80324
1.80873
1.81498
1.81887
1.82251
1.82372
1.82486
1.82466
1.8242
1.8232
1.82166
1.82035
1.81943
1.81951
1.82002
1.82128
1.82259
1.82536
1.82957
1.83416
1.83896
1.8441
1.84849
1.85155
1.8543
1.85362
1.85294
1.85158
1.84875
1.84405
1.83812
1.83195
1.82472
1.81791
1.81057
1.80369
1.79659
1.79023
1.78376
1.77826
1.77303
1.77001
2.06755
2.06214
2.04733
2.02702
2.00632
1.98717
1.96671
1.94679
1.92631
1.90569
1.88611
1.86868
1.85467
1.85239
1.85994
1.87556
1.91078
1.9738
2.05838
2.11382
2.12674
2.12004
2.11407
2.10413
2.10458
2.11211
2.13442
2.17127
2.20364
2.21992
2.21926
2.21294
2.20014
2.17612
2.14747
2.11887
2.09181
2.06512
2.03989
2.01572
1.99314
1.97125
1.95001
1.92863
1.90783
1.8876
1.86879
1.85144
1.83554
1.82107
1.80769
1.79597
1.78536
1.77626
1.76964
1.76589
1.76478
1.76474
1.7663
1.77017
1.77668
1.78229
1.7885
1.79279
1.7963
1.79876
1.79994
1.80136
1.80187
1.80269
1.80367
1.80506
1.80719
1.81046
1.8147
1.81981
1.82557
1.8313
1.83658
1.8412
1.84366
1.845
1.84463
1.84359
1.8411
1.83747
1.83201
1.82607
1.81914
1.81252
1.80521
1.79841
1.79131
1.78497
1.77846
1.77269
1.76684
1.76196
1.75743
1.75483
2.03793
2.0417
2.03436
2.01837
1.99772
1.97847
1.95972
1.94078
1.92243
1.90412
1.88772
1.87518
1.87375
1.88233
1.89922
1.93555
2.00135
2.08436
2.13809
2.14786
2.13939
2.12533
2.10294
2.08482
2.07975
2.08062
2.08742
2.10653
2.13774
2.16734
2.18149
2.18097
2.17515
2.16365
2.14158
2.11534
2.08861
2.06151
2.03489
2.00983
1.98663
1.96494
1.94362
1.9227
1.90157
1.88141
1.86228
1.84427
1.82764
1.81154
1.79656
1.78271
1.77024
1.75972
1.75035
1.74327
1.7387
1.73665
1.73633
1.73731
1.74049
1.74628
1.75342
1.76022
1.76652
1.77189
1.77602
1.77975
1.783
1.78631
1.79003
1.79378
1.79833
1.80376
1.81
1.81651
1.82278
1.82801
1.83221
1.83489
1.83447
1.83387
1.8326
1.82997
1.82472
1.81946
1.81267
1.80628
1.79903
1.79245
1.78543
1.77914
1.77259
1.76679
1.76086
1.75578
1.75068
1.74658
1.74282
1.74077
2.00244
2.02055
2.019
2.00774
1.98996
1.97062
1.95233
1.93517
1.91846
1.90407
1.8928
1.89253
1.90236
1.92107
1.95966
2.02884
2.1127
2.16158
2.16901
2.15985
2.14227
2.11522
2.0903
2.07089
2.06012
2.05739
2.05804
2.06321
2.07873
2.10247
2.1288
2.14123
2.14222
2.13729
2.12699
2.10856
2.08454
2.05749
2.02962
2.00398
1.98054
1.95897
1.93761
1.9163
1.89477
1.87436
1.85484
1.83677
1.81923
1.80263
1.78619
1.77127
1.75718
1.74526
1.7345
1.72524
1.71739
1.71192
1.70917
1.70913
1.70986
1.71268
1.71838
1.7263
1.73461
1.74294
1.75103
1.75818
1.76505
1.77179
1.77827
1.78519
1.79249
1.7999
1.80702
1.81361
1.819
1.82212
1.82427
1.82369
1.82271
1.82069
1.81668
1.81225
1.80591
1.79979
1.79264
1.78626
1.77919
1.77296
1.76634
1.76055
1.75457
1.74943
1.7442
1.73983
1.7355
1.73221
1.72935
1.72789
1.92912
1.98823
1.99813
1.99426
1.98119
1.96359
1.94611
1.93028
1.91672
1.90793
1.90881
1.92046
1.94133
1.98341
2.05772
2.14099
2.18541
2.19028
2.18075
2.16005
2.13232
2.10473
2.08135
2.06288
2.04819
2.03926
2.03476
2.03507
2.03726
2.04708
2.06604
2.08795
2.09904
2.10243
2.09842
2.09031
2.0762
2.05215
2.02499
1.99886
1.97549
1.9533
1.9314
1.90914
1.8875
1.86689
1.84796
1.82957
1.81205
1.79427
1.77758
1.76127
1.74687
1.73324
1.72162
1.71063
1.7013
1.69306
1.68753
1.68464
1.68475
1.68546
1.68812
1.69398
1.70298
1.71335
1.72459
1.73617
1.7474
1.75827
1.7687
1.77852
1.78772
1.79598
1.80279
1.80825
1.81082
1.81141
1.81104
1.80995
1.80748
1.80329
1.79759
1.79203
1.78527
1.77916
1.77228
1.76629
1.75966
1.75399
1.7479
1.74275
1.73732
1.7329
1.72831
1.72489
1.72146
1.71926
1.71738
1.71652
1.79146
1.94204
1.97248
1.97621
1.97062
1.95735
1.94128
1.92753
1.91968
1.92255
1.93601
1.96
2.00685
2.08783
2.16949
2.2074
2.21003
2.20024
2.17933
2.14785
2.12007
2.09648
2.0752
2.05868
2.04103
2.02819
2.017
2.01037
2.00787
2.00858
2.01357
2.02659
2.0451
2.05664
2.06192
2.05899
2.05305
2.04089
2.01814
1.99377
1.97044
1.94762
1.92452
1.90171
1.87985
1.85982
1.84091
1.82245
1.804
1.78586
1.76835
1.75234
1.73696
1.72348
1.70974
1.69849
1.68672
1.67844
1.6703
1.6655
1.66342
1.6636
1.66454
1.66774
1.67492
1.68607
1.69949
1.71446
1.72992
1.74481
1.75869
1.7709
1.78117
1.7886
1.79393
1.79681
1.79664
1.79617
1.79494
1.79256
1.78787
1.78267
1.77639
1.77108
1.76454
1.75886
1.75228
1.7468
1.74062
1.73552
1.72989
1.7254
1.72063
1.71707
1.71339
1.71108
1.70867
1.70759
1.70682
1.70664
1.58172
1.85654
1.9429
1.95839
1.95875
1.95143
1.93936
1.92985
1.93343
1.94883
1.9796
2.03064
2.12009
2.19699
2.22947
2.22811
2.21761
2.19396
2.1633
2.13549
2.11027
2.09176
2.07109
2.05418
2.03616
2.0188
2.0051
1.99123
1.98457
1.9785
1.97856
1.9799
1.98759
2.00212
2.01264
2.02008
2.01791
2.01301
2.00347
1.98674
1.96484
1.94133
1.91715
1.89418
1.87241
1.85324
1.83389
1.8147
1.79582
1.77663
1.76056
1.74332
1.72935
1.71387
1.70034
1.68744
1.67524
1.66633
1.65715
1.65207
1.64766
1.64762
1.64801
1.65001
1.6553
1.6654
1.6789
1.69455
1.71186
1.72907
1.74511
1.75848
1.76872
1.77585
1.77922
1.77944
1.77881
1.77733
1.77406
1.77023
1.76477
1.75951
1.75369
1.74847
1.74272
1.73756
1.73197
1.72719
1.72195
1.71761
1.71296
1.7093
1.70557
1.70287
1.70042
1.69895
1.69781
1.69784
1.69856
1.69812
1.33285
1.68664
1.8771
1.92931
1.94139
1.9431
1.93985
1.94291
1.96065
1.99608
2.0564
2.15005
2.22636
2.25026
2.24653
2.23296
2.20705
2.17511
2.1479
2.12633
2.10555
2.08776
2.06906
2.04954
2.03179
2.01155
1.99512
1.97791
1.96484
1.95469
1.94732
1.94493
1.94566
1.94923
1.95786
1.96997
1.9777
1.97691
1.97358
1.96668
1.95477
1.93414
1.91117
1.88751
1.86548
1.84625
1.82592
1.80673
1.78673
1.76863
1.75248
1.73593
1.72148
1.70555
1.69163
1.67862
1.66637
1.65749
1.64788
1.64224
1.63714
1.63725
1.63799
1.63994
1.64499
1.65491
1.66706
1.6815
1.69743
1.71305
1.72868
1.74091
1.75085
1.75683
1.75944
1.75917
1.75832
1.75623
1.7526
1.74769
1.74266
1.73735
1.73208
1.72675
1.72158
1.71674
1.71208
1.70778
1.7035
1.69977
1.69616
1.69346
1.69098
1.68963
1.68847
1.68844
1.68893
1.68993
1.69178
1.69229
1.1707
1.42024
1.74636
1.88784
1.92185
1.9352
1.94663
1.97019
2.0146
2.09294
2.18393
2.24836
2.2679
2.26279
2.24593
2.216
2.18562
2.15915
2.13713
2.11949
2.10036
2.08244
2.06375
2.04314
2.02467
2.00381
1.9853
1.96704
1.94967
1.93673
1.92362
1.91664
1.91068
1.91075
1.91201
1.91719
1.92825
1.93273
1.93686
1.93469
1.93033
1.9215
1.90364
1.88274
1.86173
1.84118
1.81939
1.79879
1.77966
1.76175
1.74615
1.72932
1.71425
1.6991
1.685
1.67323
1.66131
1.65254
1.64345
1.63782
1.6339
1.63408
1.63504
1.63698
1.64219
1.65101
1.6612
1.67241
1.68473
1.69631
1.70829
1.71779
1.72641
1.73214
1.7358
1.73616
1.73588
1.73468
1.73182
1.7275
1.72299
1.71811
1.71335
1.70866
1.70396
1.69966
1.69534
1.69161
1.68797
1.68501
1.68233
1.68043
1.67912
1.67858
1.6788
1.67971
1.68095
1.68368
1.68707
1.68924
1.09267
1.23274
1.54046
1.80507
1.89955
1.93403
1.97218
2.03394
2.12865
2.22435
2.27661
2.28782
2.2798
2.25715
2.22465
2.19425
2.16876
2.14868
2.12984
2.11302
2.09542
2.07654
2.05853
2.03774
2.0185
1.99852
1.97791
1.96014
1.94005
1.92479
1.90898
1.89697
1.88782
1.88038
1.87904
1.87979
1.88204
1.88836
1.8946
1.90088
1.89961
1.89603
1.88861
1.87515
1.85737
1.83832
1.81665
1.79595
1.77716
1.75864
1.74216
1.72495
1.70956
1.6956
1.68178
1.6711
1.65997
1.65157
1.64459
1.63912
1.63841
1.63889
1.64005
1.64265
1.64842
1.65527
1.66146
1.66841
1.67495
1.68194
1.68765
1.69389
1.69958
1.7052
1.709
1.71133
1.71154
1.71139
1.71049
1.70799
1.70477
1.70062
1.69659
1.6923
1.68839
1.68452
1.68109
1.67793
1.67539
1.67319
1.67185
1.67094
1.671
1.67156
1.67257
1.67489
1.67763
1.68219
1.68686
1.68964
1.05081
1.12036
1.30742
1.63861
1.84913
1.94171
2.03779
2.16598
2.2707
2.31331
2.31276
2.29873
2.26906
2.23379
2.2035
2.17906
2.1602
2.14379
2.12732
2.11052
2.09239
2.07323
2.05394
2.03339
2.01307
1.99298
1.97223
1.9531
1.93353
1.91543
1.89894
1.88324
1.87167
1.85999
1.85329
1.84932
1.84972
1.85144
1.85497
1.86269
1.86673
1.86752
1.8658
1.86124
1.85226
1.83634
1.81714
1.79748
1.77926
1.76116
1.74313
1.72703
1.71089
1.69715
1.68505
1.6735
1.66516
1.65702
1.65242
1.65021
1.65051
1.65173
1.65327
1.65715
1.66009
1.66427
1.66666
1.66902
1.67066
1.67176
1.67334
1.67522
1.67867
1.68241
1.68638
1.68985
1.69225
1.69346
1.69338
1.69302
1.69185
1.6892
1.68606
1.68246
1.67902
1.67553
1.67257
1.67
1.6681
1.66709
1.66664
1.66698
1.66776
1.66968
1.67204
1.67664
1.68084
1.68602
1.6911
1.69389
1.02673
1.0668
1.16256
1.40137
1.74982
1.98415
2.18354
2.32227
2.3565
2.34782
2.32522
2.28935
2.25356
2.22383
2.19979
2.18071
2.16409
2.14781
2.13051
2.11255
2.09332
2.07334
2.05341
2.03265
2.01213
1.9921
1.97151
1.95227
1.93286
1.91423
1.89705
1.88018
1.86625
1.85322
1.84273
1.83496
1.8296
1.82961
1.8305
1.83225
1.83758
1.84152
1.84585
1.84463
1.84155
1.83416
1.81997
1.80476
1.78802
1.77009
1.75228
1.73563
1.72127
1.70813
1.69631
1.68722
1.67838
1.67374
1.67119
1.67142
1.67239
1.67432
1.67581
1.67804
1.67828
1.67808
1.67713
1.67504
1.67246
1.66903
1.66713
1.66627
1.66728
1.66848
1.67084
1.67369
1.6774
1.68022
1.68224
1.68341
1.68334
1.68263
1.68142
1.67923
1.67652
1.67354
1.67118
1.6693
1.66845
1.66814
1.66856
1.66994
1.67196
1.67608
1.67988
1.6853
1.68996
1.69505
1.69961
1.70193
1.01748
1.0437
1.10671
1.26906
1.63557
2.10662
2.4092
2.46621
2.43952
2.39832
2.3476
2.30397
2.26912
2.24184
2.2204
2.20156
2.18331
2.16449
2.14473
2.12447
2.10369
2.08255
2.06173
2.04117
2.02054
2.00088
1.9809
1.96148
1.94295
1.92385
1.90682
1.88962
1.87409
1.86042
1.84752
1.83748
1.82875
1.82346
1.82205
1.82277
1.82508
1.82754
1.83182
1.83722
1.83587
1.8331
1.82727
1.81919
1.80529
1.78877
1.77172
1.75701
1.74357
1.7318
1.72147
1.71233
1.70688
1.7039
1.70415
1.70496
1.70596
1.70619
1.70649
1.70576
1.70364
1.69936
1.69417
1.68838
1.68291
1.67703
1.67279
1.66899
1.66737
1.66659
1.66753
1.66879
1.6709
1.67403
1.67735
1.68036
1.6823
1.68349
1.68344
1.68297
1.68165
1.68022
1.67884
1.67779
1.67742
1.67818
1.67966
1.68289
1.68598
1.6913
1.69568
1.70129
1.70557
1.70992
1.71337
1.71491
1.01536
1.03557
1.09309
1.23802
1.62152
2.26503
2.6105
2.62415
2.57472
2.51105
2.44582
2.39432
2.35387
2.32187
2.2944
2.26873
2.2441
2.22002
2.19625
2.17282
2.14944
2.12606
2.10342
2.08076
2.05949
2.03821
2.01761
1.99731
1.97778
1.95843
1.94014
1.92274
1.90567
1.89085
1.87631
1.86405
1.85307
1.84398
1.83826
1.83446
1.83485
1.83616
1.83804
1.84096
1.84557
1.84456
1.84288
1.83924
1.83177
1.82063
1.80741
1.79429
1.78213
1.77085
1.76267
1.75653
1.75322
1.75191
1.75206
1.75228
1.75188
1.75045
1.7473
1.74305
1.73616
1.72945
1.72024
1.71292
1.70435
1.69776
1.69033
1.6851
1.67979
1.67709
1.67547
1.67592
1.67659
1.67801
1.68085
1.68474
1.68843
1.69153
1.69363
1.695
1.69567
1.696
1.69628
1.69682
1.69778
1.69987
1.70259
1.70686
1.71117
1.71622
1.72081
1.7252
1.72882
1.73141
1.73398
1.73432
1.0143
1.03311
1.08829
1.22937
1.62029
2.34105
2.71056
2.72725
2.68376
2.62414
2.56908
2.52277
2.48347
2.44788
2.41541
2.38343
2.35282
2.32195
2.29195
2.26233
2.23406
2.20652
2.18065
2.15512
2.13087
2.10767
2.08451
2.06268
2.04079
2.01999
1.99962
1.98045
1.96165
1.94461
1.9282
1.9134
1.90035
1.88801
1.87872
1.87096
1.86635
1.86505
1.86545
1.86658
1.86886
1.87041
1.87292
1.87188
1.86891
1.86396
1.85704
1.84782
1.83895
1.83071
1.82434
1.81992
1.81754
1.81654
1.81554
1.81365
1.80952
1.80496
1.79724
1.78963
1.77962
1.77017
1.7595
1.74991
1.74006
1.73094
1.72259
1.71464
1.70855
1.70261
1.69947
1.69702
1.697
1.69721
1.69831
1.70063
1.70506
1.70882
1.71307
1.71584
1.71909
1.7209
1.72387
1.72578
1.72928
1.73229
1.73715
1.74124
1.74666
1.75062
1.75521
1.75784
1.76077
1.76166
1.76358
1.76305
1.01363
1.03268
1.08586
1.2262
1.60807
2.3565
2.72756
2.74967
2.72271
2.68558
2.65153
2.61986
2.58818
2.55552
2.52238
2.48844
2.45447
2.42074
2.38792
2.3559
2.3258
2.29595
2.26806
2.24041
2.21338
2.18754
2.16199
2.13786
2.11439
2.09218
2.07055
2.05061
2.03078
2.01235
1.99487
1.97785
1.96243
1.94806
1.93452
1.92402
1.91435
1.90894
1.90614
1.90639
1.9073
1.90913
1.91226
1.91704
1.91767
1.91932
1.91879
1.91682
1.91414
1.91133
1.90774
1.90496
1.90224
1.8997
1.89475
1.88758
1.87901
1.86914
1.85864
1.84714
1.83552
1.82344
1.81231
1.80052
1.79037
1.77932
1.77004
1.76044
1.752
1.74443
1.73766
1.7333
1.73009
1.72839
1.72699
1.72765
1.72961
1.73298
1.73793
1.74229
1.74767
1.75198
1.75748
1.76203
1.76806
1.7731
1.77931
1.78417
1.78969
1.79337
1.79731
1.79922
1.80141
1.80193
1.80332
1.80277
1.01376
1.03204
1.08581
1.22503
1.60634
2.36472
2.73262
2.75121
2.72916
2.70149
2.68113
2.66201
2.64071
2.61621
2.58849
2.55852
2.52744
2.49506
2.46344
2.43117
2.40051
2.36971
2.34057
2.3118
2.28477
2.25788
2.23312
2.20813
2.18506
2.1621
2.13984
2.11869
2.09719
2.07723
2.05708
2.03832
2.02013
2.00289
1.9879
1.97261
1.96168
1.95165
1.9451
1.94394
1.94433
1.94564
1.94834
1.95479
1.96424
1.97169
1.97762
1.98637
1.9895
1.99259
1.99176
1.99027
1.98793
1.98366
1.97496
1.96472
1.95193
1.93943
1.92515
1.91129
1.89602
1.88205
1.86673
1.85307
1.83829
1.82497
1.81153
1.79924
1.78753
1.77742
1.76775
1.76092
1.75524
1.75307
1.74974
1.74983
1.75139
1.75494
1.7616
1.769
1.77803
1.78704
1.79671
1.806
1.81538
1.82402
1.83209
1.83917
1.84499
1.85003
1.85336
1.8564
1.858
1.85896
1.86002
1.86014
1.01305
1.03289
1.08439
1.2251
1.60449
2.36271
2.73106
2.74885
2.72696
2.70159
2.68541
2.67185
2.65723
2.6391
2.61756
2.59286
2.56559
2.53638
2.50651
2.47596
2.44588
2.41638
2.38756
2.35976
2.33308
2.30695
2.28193
2.25754
2.23363
2.21038
2.18745
2.16513
2.14259
2.12156
2.0998
2.07953
2.05969
2.04097
2.02322
2.00685
1.99367
1.98009
1.97273
1.96788
1.96836
1.97019
1.97314
1.98058
1.99464
2.00875
2.02592
2.03925
2.05335
2.06197
2.06174
2.06116
2.0589
2.05324
2.04101
2.02587
2.0088
1.99274
1.97375
1.95623
1.93705
1.91992
1.90145
1.88487
1.86755
1.85236
1.83661
1.82351
1.80995
1.79939
1.78918
1.78164
1.7766
1.77393
1.77369
1.77452
1.77727
1.78318
1.79263
1.80453
1.81779
1.83313
1.84697
1.86294
1.87481
1.88824
1.89674
1.90626
1.91101
1.91708
1.91894
1.92253
1.92303
1.92433
1.92467
1.92575
1.01238
1.03381
1.08323
1.22587
1.60362
2.36273
2.73029
2.74788
2.72578
2.70049
2.68452
2.67284
2.65975
2.64463
2.62531
2.60333
2.57818
2.55089
2.52256
2.49338
2.46421
2.43574
2.40732
2.38029
2.35346
2.32789
2.30254
2.27861
2.25403
2.23126
2.20756
2.18514
2.16207
2.14052
2.11802
2.09728
2.07663
2.05722
2.03861
2.02192
2.00738
1.99294
1.98505
1.9781
1.97864
1.98095
1.98427
1.99242
2.00905
2.02645
2.05068
2.06988
2.08895
2.09872
2.10292
2.10191
2.09873
2.09179
2.07791
2.06109
2.04224
2.0242
2.0031
1.98402
1.96329
1.94524
1.92565
1.90868
1.89076
1.87585
1.86024
1.84778
1.83478
1.82514
1.8154
1.80924
1.80419
1.80327
1.8037
1.80518
1.8086
1.81572
1.82613
1.84027
1.85577
1.8736
1.89136
1.90846
1.92418
1.93779
1.94835
1.95842
1.96399
1.97075
1.97331
1.97786
1.97872
1.98062
1.982
1.9822
)
;

boundaryField
{
    inlet
    {
        type            fixedValue;
        value           uniform 1;
    }
    outlet
    {
        type            zeroGradient;
    }
    top
    {
        type            symmetryPlane;
    }
    bottom
    {
        type            symmetryPlane;
    }
    obstacle
    {
        type            zeroGradient;
    }
    frontAndBack
    {
        type            empty;
    }
}


// ************************************************************************* //
