/*--------------------------------*- C++ -*----------------------------------*\
  =========                 |
  \\      /  F ield         | OpenFOAM: The Open Source CFD Toolbox
   \\    /   O peration     | Website:  https://openfoam.org
    \\  /    A nd           | Version:  13
     \\/     M anipulation  |
\*---------------------------------------------------------------------------*/
FoamFile
{
    format      ascii;
    class       volScalarField;
    location    "3";
    object      Ma;
}
// * * * * * * * * * * * * * * * * * * * * * * * * * * * * * * * * * * * * * //

dimensions      [];

internalField   nonuniform List<scalar> 
5250
(
3
2.99997
2.99991
2.99977
2.99937
2.99853
2.99608
2.99107
2.97626
2.94457
2.85764
2.65068
2.16822
1.28075
0.531756
0.270987
0.324306
0.338483
0.304615
0.249038
0.197566
0.15633
0.115107
0.070023
0.0373633
3
2.99997
2.9999
2.99978
2.99937
2.99857
2.99616
2.99109
2.977
2.94484
2.86063
2.65553
2.18011
1.29806
0.540819
0.271842
0.326502
0.341519
0.307922
0.253254
0.20313
0.163421
0.124577
0.084577
0.0598201
3
2.99997
2.99991
2.99977
2.99942
2.99852
2.9965
2.99091
2.97868
2.94523
2.86717
2.6658
2.20561
1.33749
0.56201
0.276426
0.333472
0.350478
0.317867
0.265438
0.218163
0.181656
0.147377
0.114852
0.0966403
3
2.99998
2.99991
2.9998
2.99941
2.99871
2.99641
2.99199
2.97866
2.94995
2.87199
2.68521
2.24334
1.3997
0.595054
0.285519
0.345525
0.365497
0.334442
0.284997
0.241104
0.20831
0.178809
0.152113
0.137163
3
2.99998
2.99993
2.9998
2.99949
2.99873
2.9968
2.99236
2.98037
2.95333
2.88134
2.70796
2.29377
1.48535
0.63964
0.302152
0.363861
0.386953
0.357619
0.311472
0.27077
0.241465
0.216049
0.193699
0.180809
3
2.99998
2.99993
2.99982
2.99953
2.99883
2.99713
2.99279
2.98271
2.95621
2.89364
2.73282
2.35521
1.59353
0.697244
0.331839
0.391463
0.416231
0.388436
0.345443
0.307431
0.281311
0.259732
0.241321
0.230687
3
2.99998
2.99994
2.99983
2.99959
2.99891
2.99746
2.99346
2.9843
2.96079
2.90371
2.76019
2.41695
1.71059
0.762689
0.369832
0.425507
0.449876
0.424451
0.385547
0.35073
0.327918
0.310479
0.296847
0.290527
3
2.99998
2.99995
2.99985
2.99961
2.99905
2.99758
2.99429
2.98525
2.96521
2.9114
2.78319
2.46617
1.80144
0.829742
0.405641
0.452711
0.474443
0.456884
0.426055
0.397624
0.380276
0.368985
0.36299
0.366643
3
2.99999
2.99995
2.99986
2.99967
2.9991
2.99795
2.99447
2.98751
2.96694
2.92206
2.80142
2.51534
1.89334
0.923961
0.464966
0.473761
0.488795
0.485235
0.465159
0.445889
0.436914
0.435026
0.443334
0.470388
3
2.99999
2.99996
2.99987
2.99971
2.99918
2.9982
2.99501
2.98886
2.97042
2.93022
2.82232
2.56451
1.99165
1.04318
0.536314
0.488971
0.504774
0.511981
0.502787
0.494763
0.495828
0.510509
0.548706
0.647822
3
2.99999
2.99997
2.99989
2.99975
2.99928
2.99839
2.9957
2.99002
2.97431
2.93828
2.84433
2.61591
2.09805
1.18846
0.620273
0.506314
0.523704
0.538736
0.539594
0.542318
0.556678
0.59433
0.675988
0.84255
3
2.99999
2.99997
2.99991
2.99977
2.99942
2.99856
2.9964
2.99138
2.97794
2.94739
2.86658
2.67155
2.21523
1.36727
0.719158
0.531147
0.548163
0.567652
0.57665
0.588659
0.616481
0.673145
0.778974
0.959761
3
3
2.99998
2.99993
2.99981
2.99951
2.9988
2.99706
2.99262
2.98233
2.95524
2.89144
2.72754
2.34483
1.58388
0.835478
0.574126
0.586008
0.603327
0.617106
0.635328
0.671942
0.73754
0.84456
1.0034
3.00001
3
2.99998
2.99995
2.99984
2.99962
2.99901
2.99763
2.99412
2.98553
2.96472
2.9126
2.78455
2.47565
1.83207
0.967892
0.63763
0.635234
0.647469
0.663437
0.683507
0.722079
0.78735
0.884968
1.02013
3.00001
3
2.99999
2.99996
2.99987
2.99969
2.99918
2.99813
2.99501
2.9887
2.97025
2.93017
2.8225
2.56794
2.00602
1.10933
0.705547
0.674582
0.688474
0.706264
0.728781
0.766439
0.827443
0.913741
1.02934
3.00001
3
2.99999
2.99996
2.9999
2.99974
2.99937
2.99844
2.99611
2.99068
2.97628
2.94339
2.85705
2.64918
2.17168
1.32139
0.810361
0.706061
0.718559
0.738917
0.767246
0.804712
0.860913
0.937506
1.0368
3.00001
3
2.99999
2.99997
2.99992
2.99981
2.99949
2.99881
2.99686
2.99287
2.9811
2.95626
2.88768
2.72642
2.33879
1.58376
0.941497
0.747636
0.749673
0.769033
0.800574
0.838151
0.889658
0.957972
1.04411
3.00001
3
3
2.99998
2.99994
2.99986
2.99961
2.99911
2.99765
2.99455
2.98614
2.96684
2.9175
2.79806
2.50968
1.90253
1.10388
0.814129
0.793002
0.806942
0.835132
0.871584
0.917603
0.977615
1.05236
3.00001
3.00001
3
2.99999
2.99996
2.99989
2.9997
2.99933
2.99817
2.996
2.98909
2.97546
2.93606
2.84716
2.61969
2.12114
1.28794
0.889902
0.829963
0.841882
0.867072
0.902649
0.944679
0.997245
1.06215
3.00001
3.00001
3
2.99999
2.99997
2.99991
2.9998
2.99944
2.99878
2.99668
2.99247
2.98043
2.95379
2.88348
2.71483
2.31775
1.55995
1.01754
0.873144
0.874559
0.895066
0.929179
0.969529
1.0168
1.07335
3.00001
3.00001
3
3
2.99998
2.99995
2.99985
2.99963
2.99906
2.99772
2.99446
2.98625
2.96701
2.91789
2.8002
2.51575
1.91812
1.18835
0.93853
0.914758
0.927889
0.956848
0.99491
1.03723
1.08668
3.00001
3.00001
3.00001
3
2.99999
2.99996
2.99989
2.99973
2.99932
2.99841
2.99583
2.99054
2.97518
2.9425
2.85393
2.64757
2.1774
1.39512
1.0189
0.95223
0.961045
0.985043
1.01932
1.05768
1.10153
3.00001
3.00001
3.00001
3
3
2.99997
2.99993
2.9998
2.99955
2.99877
2.99731
2.99267
2.9836
2.95719
2.89877
2.74631
2.39673
1.70204
1.15524
1.0025
0.995632
1.01075
1.0405
1.07744
1.1176
3.00001
3.00001
3.00001
3
3
2.99998
2.99996
2.99987
2.9997
2.99917
2.99814
2.99509
2.98872
2.97128
2.93187
2.83062
2.59311
2.07064
1.35106
1.07889
1.03528
1.04208
1.06455
1.09757
1.13444
3.00001
3.00001
3.00001
3.00001
3
2.99999
2.99997
2.99991
2.99979
2.99943
2.99874
2.99657
2.99247
2.97995
2.954
2.88308
2.71868
2.33205
1.62275
1.19083
1.07968
1.07409
1.08738
1.11556
1.15115
3.00001
3.00001
3.00001
3.00001
3
3
2.99998
2.99995
2.99985
2.99965
2.99912
2.99786
2.99485
2.9872
2.9697
2.92452
2.81868
2.5622
2.01652
1.36802
1.14314
1.11018
1.11576
1.13743
1.16775
3.00001
3.00001
3.00001
3.00001
3.00001
3
2.99999
2.99997
2.9999
2.99978
2.99939
2.99866
2.99636
2.99198
2.97891
2.9513
2.87732
2.70543
2.30626
1.61052
1.23551
1.14923
1.14489
1.15784
1.18371
3.00001
3.00001
3.00001
3.00001
3.00001
3
3
2.99998
2.99995
2.99985
2.99963
2.99908
2.99777
2.99464
2.9867
2.96857
2.92165
2.81222
2.54737
1.99182
1.4025
1.2064
1.17779
1.18317
1.20356
3.00001
3.00001
3.00001
3.00001
3.00001
3.00001
3
2.99999
2.99997
2.99991
2.99975
2.99944
2.99849
2.99672
2.99117
2.98029
2.94922
2.88048
2.7056
2.31421
1.64725
1.30053
1.21841
1.21183
1.22257
3.00001
3.00001
3.00001
3.00001
3.00001
3.00001
3
3
2.99998
2.99994
2.99986
2.99963
2.99913
2.99781
2.99476
2.98738
2.96893
2.926
2.81833
2.56866
2.03547
1.46985
1.27622
1.24443
1.247
3.00001
3.00001
3.00001
3.00001
3.00001
3.00001
3.00001
3
2.99999
2.99997
2.99991
2.99978
2.99944
2.99868
2.99664
2.99233
2.98022
2.95464
2.88563
2.72881
2.35881
1.72589
1.37544
1.28517
1.27472
3.00001
3.00001
3.00001
3.00001
3.00001
3.00001
3.00001
3
3
2.99999
2.99995
2.99987
2.99966
2.9992
2.99802
2.99524
2.98863
2.97202
2.93387
2.83821
2.61705
2.13431
1.55944
1.34694
1.30875
3.00001
3.00001
3.00001
3.00001
3.00001
3.00001
3.00001
3.00001
3
2.99999
2.99997
2.99992
2.99979
2.99953
2.99874
2.99725
2.99263
2.9837
2.95796
2.90221
2.75905
2.43636
1.83696
1.45116
1.34696
3.00001
3.00001
3.00001
3.00001
3.00001
3.00001
3.00001
3.00001
3
3
2.99999
2.99995
2.99989
2.99969
2.99933
2.99821
2.99601
2.98976
2.97638
2.94149
2.86103
2.66606
2.23569
1.65734
1.42017
3.00001
3.00001
3.00001
3.00001
3.00001
3.00001
3.00001
3.00001
3.00001
3
3
2.99998
2.99994
2.99983
2.9996
2.99894
2.99767
2.9938
2.98639
2.96469
2.91899
2.79943
2.53057
1.99196
1.55428
3.00001
3.00001
3.00001
3.00001
3.00001
3.00001
3.00001
3.00001
3.00001
3.00001
3
2.99999
2.99996
2.99991
2.99975
2.99943
2.99856
2.99662
2.99178
2.98016
2.95272
2.88525
2.72657
2.36235
1.79635
3.00001
3.00001
3.00001
3.00001
3.00001
3.00001
3.00001
3.00001
3.00001
3.00001
3
3
2.99998
2.99995
2.99987
2.99967
2.9992
2.99812
2.99528
2.9893
2.97287
2.93815
2.84717
2.64408
2.20109
3.00001
3.00001
3.00001
3.00001
3.00001
3.00001
3.00001
3.00001
3.00001
3.00001
3.00001
3
2.99999
2.99997
2.99993
2.99981
2.99956
2.99886
2.9975
2.99337
2.9855
2.96257
2.91439
2.78949
2.51042
3.00001
3.00001
3.00001
3.00001
3.00001
3.00001
3.00001
3.00001
3.00001
3.00001
3.00001
3
3
2.99999
2.99997
2.99989
2.99976
2.99937
2.99859
2.9964
2.99173
2.97966
2.95199
2.88416
2.7254
3.00001
3.00001
3.00001
3.00001
3.00001
3.00001
3.00001
3.00001
3.00001
3.00001
3.00001
3.00001
3
3
2.99998
2.99995
2.99987
2.99966
2.99924
2.99803
2.99556
2.98899
2.9743
2.9381
2.85324
3.00001
3.00001
3.00001
3.00001
3.00001
3.00001
3.00001
3.00001
3.00001
3.00001
3.00001
3.00001
3.00001
3
2.99999
2.99998
2.99993
2.99983
2.99955
2.99899
2.99737
2.99427
2.985
2.96684
2.91638
3.00001
3.00001
3.00001
3.00001
3.00001
3.00001
3.00001
3.00001
3.00001
3.00001
3.00001
3.00001
3.00001
3
3
2.99999
2.99997
2.9999
2.99978
2.99941
2.9987
2.99666
2.99245
2.9813
2.95633
3.00001
3.00001
3.00001
3.00001
3.00001
3.00001
3.00001
3.00001
3.00001
3.00001
3.00001
3.00001
3.00001
3.00001
3
3
2.99999
2.99995
2.99988
2.9997
2.9993
2.99824
2.99608
2.98992
2.97784
3.00001
3.00001
3.00001
3.00001
3.00001
3.00001
3.00001
3.00001
3.00001
3.00001
3.00001
3.00001
3.00001
3.00001
3.00001
3
3
2.99998
2.99994
2.99985
2.9996
2.99914
2.99776
2.99502
2.98759
3.00001
3.00001
3.00001
3.00001
3.00001
3.00001
3.00001
3.00001
3.00001
3.00001
3.00001
3.00001
3.00001
3.00001
3.00001
3.00001
3
2.99999
2.99997
2.99992
2.9998
2.99955
2.9988
2.99742
2.9933
3.00001
3.00001
3.00001
3.00001
3.00001
3.00001
3.00001
3.00001
3.00001
3.00001
3.00001
3.00001
3.00001
3.00001
3.00001
3.00001
3
3
2.99999
2.99996
2.9999
2.99974
2.99942
2.99852
2.99662
3.00001
3.00001
3.00001
3.00001
3.00001
3.00001
3.00001
3.00001
3.00001
3.00001
3.00001
3.00001
3.00001
3.00001
3.00001
3.00001
3.00001
3
3
2.99998
2.99995
2.99986
2.99966
2.99918
2.99808
3.00001
3.00001
3.00001
3.00001
3.00001
3.00001
3.00001
3.00001
3.00001
3.00001
3.00001
3.00001
3.00001
3.00001
3.00001
3.00001
3.00001
3.00001
3
2.99999
2.99997
2.9999
2.99978
2.9994
2.99867
3.00001
3.00001
3.00001
3.00001
3.00001
3.00001
3.00001
3.00001
3.00001
3.00001
3.00001
3.00001
3.00001
3.00001
3.00001
3.00001
3.00001
3.00001
3
3
2.99997
2.99993
2.99981
2.99953
2.99882
3.00001
3.00001
3.00001
3.00001
3.00001
3.00001
3.00001
3.00001
3.00001
3.00001
3.00001
3.00001
3.00001
3.00001
3.00001
3.00001
3.00001
3.00001
3
3
2.99998
2.99993
2.99983
2.99954
2.99892
1.11816
1.32323
1.38837
1.35252
1.28168
1.19563
1.11533
1.07497
1.06807
1.07059
1.0731
1.07338
1.07149
1.06819
1.06385
1.0602
1.05855
1.05778
1.05713
1.05623
1.05478
1.05206
1.04669
1.03546
1.01153
0.96025
0.851016
0.627507
0.317545
0.123777
0.106466
0.179662
0.270917
0.342396
0.380243
0.389241
0.374704
0.349015
0.309258
0.253795
0.193791
0.134053
0.0789132
0.0397797
0.0506944
0.0891608
0.129981
0.167555
0.201458
0.23191
0.262418
0.292853
0.321843
0.348863
0.375143
0.399982
0.424535
0.447887
0.471153
0.493354
0.515597
0.536881
0.558295
0.57879
0.599487
0.619263
0.639308
0.658453
0.67792
0.696535
0.715512
0.733685
0.752245
0.770034
0.788219
0.805652
0.823489
0.840563
0.858073
0.874755
0.891948
0.908212
0.925084
0.94091
0.957472
0.972852
0.989122
1.00407
1.02008
1.03462
1.05037
1.06452
1.07995
1.09371
1.10859
1.12178
1.1356
1.14713
1.15729
1.16366
1.13325
1.25214
1.31911
1.36444
1.41046
1.44658
1.45679
1.45252
1.43664
1.41373
1.39608
1.39043
1.3905
1.3919
1.39259
1.39239
1.39162
1.38995
1.38796
1.3865
1.38531
1.38338
1.37952
1.37098
1.35188
1.30957
1.21806
1.0236
0.715438
0.474187
0.356045
0.274418
0.198568
0.121704
0.0577974
0.0517927
0.0872243
0.0754387
0.0616283
0.0794252
0.118058
0.159928
0.202143
0.240535
0.27595
0.309693
0.343358
0.374747
0.404729
0.431383
0.457937
0.484473
0.510978
0.535323
0.559246
0.581816
0.604435
0.625956
0.647596
0.668269
0.68907
0.708991
0.729054
0.748299
0.767715
0.786368
0.805227
0.823362
0.841749
0.859417
0.877412
0.894638
0.912314
0.929111
0.946531
0.962911
0.98011
0.996079
1.01306
1.02862
1.04537
1.06052
1.07701
1.09179
1.10797
1.12246
1.13826
1.15252
1.16796
1.182
1.19714
1.21099
1.22586
1.23949
1.25401
1.26716
1.28077
1.29241
1.30265
1.3092
1.1339
1.24212
1.33994
1.43341
1.51985
1.58823
1.62168
1.62503
1.62021
1.60588
1.58623
1.57033
1.56107
1.55794
1.55791
1.55829
1.5585
1.5584
1.55806
1.55719
1.5561
1.55443
1.55144
1.54517
1.5316
1.5017
1.43662
1.29501
1.03901
0.766703
0.639775
0.562038
0.486084
0.409238
0.335014
0.274381
0.244169
0.248635
0.286154
0.327617
0.366303
0.39937
0.429967
0.457453
0.483664
0.508425
0.533528
0.557497
0.58132
0.602838
0.624093
0.645435
0.668169
0.689344
0.710323
0.730056
0.750145
0.769297
0.788889
0.807536
0.826629
0.844729
0.863343
0.8809
0.899075
0.916111
0.933889
0.95044
0.967895
0.984037
1.00124
1.01704
1.03398
1.04948
1.06607
1.08131
1.09752
1.11256
1.1284
1.14324
1.15876
1.17338
1.18864
1.20297
1.218
1.23204
1.24686
1.26066
1.27533
1.28892
1.30337
1.31672
1.33086
1.34399
1.3577
1.37047
1.38337
1.39491
1.40486
1.41149
1.14259
1.25036
1.34998
1.44133
1.52264
1.5904
1.64324
1.6818
1.70285
1.70838
1.70665
1.69921
1.68739
1.67601
1.66926
1.66682
1.66721
1.66794
1.66916
1.66964
1.66949
1.66882
1.66703
1.66297
1.65407
1.63442
1.5913
1.49817
1.30025
1.0258
0.865898
0.775418
0.700146
0.629366
0.556702
0.497263
0.471021
0.481758
0.514255
0.551639
0.584951
0.60882
0.627138
0.643162
0.659482
0.675415
0.6927
0.70977
0.728029
0.744964
0.762035
0.778619
0.797412
0.815854
0.834576
0.851903
0.869999
0.88707
0.905104
0.922013
0.93983
0.956381
0.973832
0.989997
1.00711
1.02301
1.03984
1.05552
1.07202
1.08742
1.10355
1.11866
1.13447
1.14932
1.16484
1.17943
1.19466
1.20901
1.22403
1.23812
1.25297
1.26678
1.28141
1.2949
1.30937
1.32263
1.33692
1.34993
1.36394
1.37672
1.39052
1.40309
1.4167
1.42897
1.44236
1.45412
1.46692
1.47742
1.48758
1.49321
1.14448
1.24951
1.34553
1.43324
1.51309
1.58475
1.64777
1.70121
1.74278
1.77015
1.78073
1.78091
1.77863
1.77195
1.76226
1.75439
1.74877
1.74637
1.74563
1.74581
1.74587
1.74565
1.74479
1.7425
1.73706
1.72473
1.69724
1.63754
1.5026
1.2827
1.05025
0.933318
0.862894
0.786438
0.707066
0.648094
0.628721
0.641941
0.676839
0.716857
0.749919
0.773075
0.785932
0.793466
0.80124
0.810172
0.821216
0.832886
0.846562
0.860095
0.874484
0.888142
0.903894
0.92009
0.937368
0.953334
0.969934
0.985627
1.00215
1.01785
1.03433
1.04994
1.0663
1.08164
1.09769
1.11258
1.12824
1.14275
1.15814
1.17238
1.18756
1.20161
1.21661
1.23048
1.24524
1.25887
1.2733
1.28658
1.30068
1.31363
1.32753
1.34032
1.35423
1.3669
1.3807
1.3931
1.40672
1.41884
1.43224
1.44406
1.45719
1.46875
1.48161
1.49295
1.50552
1.51658
1.52861
1.5388
1.5486
1.55431
1.14187
1.24129
1.3332
1.41782
1.49558
1.56677
1.63079
1.68733
1.73526
1.77456
1.80467
1.82417
1.83187
1.83213
1.83037
1.82515
1.81712
1.81
1.80448
1.80225
1.80167
1.80198
1.80208
1.80153
1.79937
1.79325
1.77803
1.74271
1.66483
1.498
1.24876
1.07808
0.978173
0.885592
0.797488
0.738881
0.727682
0.745902
0.785334
0.831804
0.868338
0.89102
0.905675
0.912245
0.914928
0.918529
0.924698
0.932612
0.943343
0.954613
0.967322
0.979292
0.992893
1.0073
1.02342
1.03852
1.05395
1.0686
1.08392
1.09856
1.11374
1.12809
1.14296
1.15703
1.17176
1.18564
1.20021
1.21377
1.22803
1.24119
1.25517
1.26805
1.2819
1.29464
1.30838
1.32089
1.33447
1.34666
1.36007
1.37209
1.38542
1.39722
1.41036
1.42196
1.4349
1.44633
1.45905
1.47037
1.4829
1.49413
1.50647
1.51759
1.52975
1.54067
1.55263
1.56322
1.57476
1.58449
1.59408
1.59947
1.13817
1.23059
1.31767
1.39889
1.47419
1.54394
1.60791
1.66624
1.71845
1.76462
1.80349
1.83506
1.85787
1.87126
1.87573
1.87556
1.8737
1.86899
1.86274
1.85759
1.85395
1.85199
1.851
1.8502
1.84848
1.84457
1.83552
1.81468
1.76784
1.66527
1.46098
1.21546
1.06764
0.942374
0.832923
0.783116
0.781293
0.804918
0.853145
0.907224
0.947905
0.973305
0.989113
0.999894
1.00729
1.01092
1.01428
1.01937
1.02752
1.03699
1.04849
1.05954
1.07157
1.0839
1.09823
1.1124
1.12676
1.14
1.15366
1.16659
1.18026
1.19318
1.20682
1.21948
1.23283
1.24513
1.25829
1.27045
1.28363
1.29574
1.30884
1.32071
1.33353
1.34506
1.35764
1.36898
1.38156
1.39297
1.40565
1.41696
1.42956
1.44068
1.45309
1.46398
1.47617
1.48687
1.49886
1.50942
1.52124
1.53173
1.5434
1.55382
1.56535
1.57568
1.58705
1.5972
1.60824
1.61772
1.6271
1.63248
1.13591
1.2207
1.30249
1.37985
1.45237
1.52012
1.58306
1.64125
1.69449
1.74268
1.78533
1.82242
1.85317
1.87773
1.89493
1.90495
1.90838
1.90815
1.90643
1.90221
1.89652
1.89148
1.88764
1.8856
1.88438
1.88212
1.87693
1.86477
1.83664
1.77345
1.63688
1.3928
1.14777
0.957617
0.820592
0.786186
0.795578
0.834689
0.892415
0.949192
0.99438
1.02775
1.05062
1.06683
1.08093
1.09159
1.09751
1.1016
1.10724
1.11412
1.12332
1.13253
1.14265
1.15217
1.16356
1.17528
1.18818
1.2001
1.21256
1.22394
1.23594
1.24693
1.2588
1.2698
1.28188
1.29306
1.3053
1.31641
1.32852
1.33936
1.35127
1.36198
1.37389
1.38463
1.39666
1.40747
1.41951
1.43014
1.44204
1.45251
1.46428
1.47466
1.4863
1.49658
1.5081
1.5183
1.52971
1.53988
1.55119
1.56134
1.57256
1.58268
1.5938
1.60382
1.61483
1.62466
1.6354
1.64459
1.65385
1.65904
1.13568
1.2126
1.28863
1.36182
1.43117
1.49661
1.55788
1.61521
1.66829
1.71738
1.76202
1.80244
1.83799
1.8688
1.89412
1.91407
1.92743
1.93476
1.93699
1.9367
1.93523
1.93182
1.92765
1.92394
1.9206
1.91756
1.91313
1.90398
1.88426
1.84117
1.74825
1.56049
1.24887
0.940598
0.774484
0.761351
0.783261
0.837443
0.906579
0.970537
1.02451
1.06866
1.10342
1.12917
1.14876
1.16439
1.17569
1.18217
1.18526
1.18824
1.19277
1.19853
1.20607
1.21306
1.22106
1.22929
1.23951
1.24926
1.26013
1.27008
1.28109
1.29106
1.30209
1.312
1.323
1.33286
1.34388
1.35377
1.3649
1.37489
1.38614
1.3962
1.40751
1.41763
1.42896
1.439
1.45025
1.46026
1.47149
1.48152
1.49277
1.5028
1.51401
1.524
1.53513
1.54505
1.55609
1.56598
1.57697
1.58684
1.59778
1.60764
1.61851
1.62831
1.63907
1.64871
1.65923
1.66828
1.67747
1.68262
1.13809
1.20716
1.2771
1.34566
1.41158
1.47434
1.53367
1.58958
1.64193
1.69085
1.73614
1.77792
1.81586
1.85
1.87989
1.90543
1.92617
1.94251
1.95332
1.95921
1.96091
1.96057
1.95912
1.95576
1.95118
1.94622
1.94091
1.93258
1.91551
1.87926
1.80191
1.64259
1.32892
0.939018
0.740745
0.740232
0.77643
0.846294
0.930033
1.00394
1.06568
1.11645
1.15846
1.19066
1.21412
1.23041
1.24227
1.25036
1.25471
1.25559
1.25539
1.2567
1.25977
1.26415
1.26971
1.2751
1.28249
1.29041
1.30006
1.30882
1.31858
1.32719
1.33696
1.34572
1.35583
1.36491
1.37533
1.38466
1.39528
1.40479
1.41553
1.42518
1.43604
1.44572
1.45657
1.46623
1.47709
1.48676
1.49763
1.50735
1.51824
1.52803
1.53893
1.54873
1.55962
1.56937
1.58022
1.58992
1.60071
1.61037
1.62107
1.63069
1.64132
1.65086
1.66142
1.67082
1.68118
1.69007
1.6992
1.70433
1.14335
1.20502
1.26865
1.33219
1.39416
1.45398
1.51096
1.56524
1.6164
1.66475
1.70994
1.75227
1.79138
1.82749
1.86022
1.88964
1.91531
1.93712
1.95469
1.96833
1.97716
1.98165
1.9825
1.9819
1.98001
1.97586
1.96908
1.95899
1.94057
1.90353
1.82816
1.68072
1.40699
1.04989
0.825025
0.817917
0.857517
0.918412
0.991373
1.05843
1.11544
1.16239
1.20126
1.23337
1.25818
1.27656
1.28904
1.29894
1.30467
1.30851
1.30913
1.30831
1.30769
1.30901
1.31197
1.31576
1.32044
1.32579
1.33351
1.34136
1.35066
1.35896
1.36849
1.3769
1.38654
1.39505
1.40487
1.41363
1.42375
1.4328
1.44316
1.45244
1.46283
1.47215
1.48256
1.49194
1.50241
1.51185
1.52239
1.53189
1.54246
1.55199
1.56257
1.57212
1.58269
1.59225
1.60279
1.61231
1.62283
1.63226
1.64276
1.6521
1.66255
1.67181
1.68219
1.69135
1.70155
1.71026
1.71933
1.72439
1.15156
1.20631
1.26368
1.32197
1.3796
1.43595
1.49028
1.5424
1.59215
1.63933
1.68413
1.72624
1.76597
1.8029
1.83737
1.86887
1.89767
1.92313
1.94554
1.96401
1.9791
1.99006
1.99696
1.99889
1.99811
1.99543
1.98922
1.97642
1.95165
1.9026
1.80799
1.63456
1.41231
1.19141
0.994786
0.925139
0.935366
0.964601
1.01073
1.06952
1.12519
1.17276
1.21368
1.24869
1.27798
1.3015
1.31924
1.33239
1.34213
1.34885
1.35306
1.35472
1.35459
1.35368
1.35394
1.35577
1.35887
1.36247
1.36754
1.37364
1.38202
1.38979
1.39892
1.40692
1.41613
1.42422
1.43358
1.44191
1.45154
1.46024
1.47015
1.479
1.48899
1.49791
1.50795
1.51697
1.52712
1.5363
1.54654
1.55581
1.5661
1.57537
1.5857
1.59494
1.6053
1.61451
1.62484
1.63403
1.64426
1.65345
1.6636
1.67276
1.68293
1.69202
1.70225
1.71122
1.72137
1.7299
1.73894
1.74392
1.16208
1.21068
1.2621
1.3152
1.3685
1.42111
1.47261
1.52236
1.57036
1.61627
1.66012
1.70189
1.74139
1.77885
1.81388
1.84687
1.87717
1.90531
1.93039
1.95299
1.97218
1.98813
2.00038
2.00689
2.00705
2.00453
1.99725
1.98039
1.94462
1.87229
1.7327
1.54372
1.3943
1.29376
1.17311
1.05933
1.0106
1.01328
1.03602
1.07263
1.12197
1.1697
1.21402
1.2532
1.28718
1.31547
1.339
1.35753
1.37122
1.38197
1.39028
1.39473
1.39789
1.39858
1.39818
1.39758
1.39856
1.40079
1.40424
1.40804
1.41372
1.4202
1.42877
1.43651
1.44552
1.45331
1.46231
1.47021
1.47948
1.48773
1.4972
1.50565
1.51524
1.5238
1.53352
1.54221
1.55204
1.56087
1.57081
1.57975
1.58975
1.59872
1.60876
1.61771
1.62777
1.6367
1.64676
1.65568
1.66573
1.67466
1.68473
1.69367
1.70374
1.71266
1.72271
1.73153
1.74144
1.74979
1.75869
1.76347
1.17393
1.21698
1.26313
1.31111
1.36027
1.40927
1.45767
1.50509
1.55097
1.5955
1.63813
1.6792
1.71823
1.75567
1.79086
1.82455
1.85569
1.88536
1.91215
1.9373
1.95919
1.97875
1.99455
2.00453
2.00523
2.00187
1.99143
1.96628
1.91177
1.80155
1.62268
1.46978
1.3941
1.3516
1.30418
1.22946
1.14715
1.09674
1.08843
1.10435
1.12979
1.16669
1.20803
1.24973
1.28754
1.32098
1.34965
1.37378
1.39342
1.40861
1.42041
1.42953
1.43603
1.43935
1.44126
1.44148
1.44092
1.44096
1.44246
1.44502
1.44833
1.45246
1.45896
1.46593
1.47462
1.48225
1.49109
1.4988
1.50771
1.51554
1.52455
1.53255
1.54173
1.5499
1.55927
1.5676
1.57712
1.58557
1.59519
1.60375
1.61348
1.62212
1.63195
1.64062
1.65053
1.65925
1.66917
1.67791
1.68778
1.69649
1.70631
1.71494
1.72474
1.73329
1.74307
1.75154
1.76122
1.76939
1.77815
1.78303
1.18682
1.22511
1.26654
1.31032
1.3551
1.40092
1.44617
1.49108
1.53493
1.57766
1.61895
1.65903
1.69712
1.73434
1.76905
1.80308
1.83435
1.86488
1.89261
1.91912
1.94298
1.96425
1.98267
1.99243
1.99209
1.98637
1.96956
1.92902
1.84111
1.68362
1.52395
1.43624
1.40349
1.39317
1.38088
1.35336
1.30468
1.24114
1.18489
1.16187
1.16618
1.18236
1.20888
1.24523
1.28215
1.31929
1.35251
1.382
1.40693
1.42772
1.44448
1.45715
1.46782
1.47538
1.47972
1.48261
1.48356
1.48348
1.48289
1.48373
1.48571
1.48836
1.49196
1.49663
1.50371
1.51083
1.51956
1.52706
1.5356
1.54296
1.55153
1.5591
1.56795
1.57575
1.58483
1.59279
1.60202
1.61016
1.61953
1.62782
1.63731
1.64567
1.65525
1.66363
1.67323
1.68164
1.69124
1.69967
1.70927
1.71768
1.72726
1.73566
1.74526
1.75369
1.76333
1.77174
1.78129
1.78936
1.79799
1.80277
1.20084
1.23553
1.27264
1.31233
1.35364
1.3955
1.4383
1.48032
1.52205
1.56311
1.60259
1.64177
1.67868
1.71521
1.74953
1.78303
1.8147
1.84486
1.87369
1.90024
1.92553
1.94725
1.96573
1.97232
1.96902
1.958
1.92876
1.86134
1.72647
1.56283
1.46243
1.42768
1.42111
1.42486
1.42957
1.42775
1.41404
1.38341
1.33366
1.27793
1.23921
1.22737
1.23795
1.25501
1.28157
1.31578
1.34935
1.38266
1.41229
1.43831
1.46033
1.47844
1.49298
1.5042
1.51334
1.51974
1.52271
1.52463
1.52514
1.52495
1.52468
1.52592
1.52808
1.53065
1.53452
1.53982
1.54763
1.55474
1.5631
1.57032
1.57867
1.58588
1.59433
1.6017
1.61039
1.61802
1.62692
1.63478
1.64383
1.65182
1.66096
1.66899
1.67818
1.68624
1.69549
1.70359
1.71288
1.72104
1.73038
1.73863
1.74799
1.75626
1.76564
1.77386
1.78327
1.79147
1.80084
1.80875
1.8173
1.82203
1.21596
1.24863
1.28211
1.31772
1.3553
1.39419
1.43318
1.47349
1.51208
1.5517
1.58931
1.62689
1.66312
1.69807
1.73246
1.76457
1.79673
1.82603
1.85543
1.88174
1.90727
1.92868
1.9431
1.94395
1.93657
1.91568
1.8643
1.75348
1.58938
1.47601
1.43582
1.43087
1.43881
1.45074
1.46415
1.47497
1.47755
1.47259
1.45447
1.41949
1.372
1.32541
1.2994
1.29454
1.30593
1.32365
1.34991
1.3804
1.41107
1.44112
1.46785
1.49117
1.51115
1.52739
1.54002
1.55029
1.55756
1.56238
1.5647
1.56585
1.56598
1.56555
1.56615
1.56754
1.56964
1.57242
1.57707
1.5828
1.59068
1.59778
1.60599
1.61298
1.62112
1.62814
1.63638
1.6436
1.65201
1.65946
1.66803
1.67567
1.68443
1.69219
1.7011
1.70892
1.71793
1.72581
1.73485
1.74278
1.75178
1.75976
1.7688
1.77685
1.78601
1.7941
1.8033
1.81131
1.82045
1.82809
1.83646
1.84095
1.23208
1.26191
1.29343
1.32572
1.35988
1.39565
1.43177
1.46888
1.5061
1.54249
1.5795
1.61452
1.65017
1.68366
1.71712
1.74903
1.77975
1.80979
1.83763
1.8648
1.88831
1.90806
1.91377
1.90857
1.89287
1.85393
1.76369
1.60697
1.48073
1.43227
1.42712
1.43725
1.45215
1.47143
1.49145
1.50776
1.51876
1.52482
1.525
1.51654
1.49571
1.4614
1.41932
1.38194
1.36289
1.36115
1.37197
1.38882
1.41336
1.44118
1.4689
1.49619
1.52092
1.54207
1.56005
1.57444
1.58527
1.5945
1.6008
1.604
1.60601
1.60671
1.60665
1.60616
1.60706
1.60863
1.61059
1.6136
1.61891
1.62492
1.63262
1.63947
1.64752
1.65441
1.66238
1.66924
1.67724
1.68426
1.69245
1.69969
1.70811
1.71552
1.72411
1.73163
1.74032
1.74798
1.75679
1.7646
1.77352
1.78134
1.79026
1.798
1.80689
1.81458
1.82349
1.83115
1.84006
1.84747
1.85568
1.86016
1.24619
1.27667
1.30577
1.33624
1.36669
1.39976
1.4332
1.4674
1.50212
1.53691
1.57114
1.60565
1.63861
1.67208
1.70344
1.73524
1.76489
1.79427
1.82178
1.84715
1.86954
1.88013
1.87755
1.86553
1.83392
1.75947
1.61483
1.47929
1.41998
1.41293
1.42449
1.44195
1.46517
1.49002
1.5121
1.53032
1.54619
1.5586
1.56777
1.57215
1.57165
1.56237
1.54213
1.51151
1.4751
1.44365
1.4274
1.42571
1.43539
1.45035
1.47264
1.4983
1.52356
1.54835
1.57136
1.59091
1.60706
1.61991
1.62979
1.63769
1.64296
1.64517
1.64621
1.64644
1.64612
1.64566
1.64644
1.64782
1.65005
1.65369
1.65974
1.66592
1.67369
1.68037
1.6882
1.69485
1.70262
1.7093
1.71714
1.72394
1.73198
1.73898
1.74727
1.75449
1.76292
1.77023
1.77868
1.78605
1.79459
1.80207
1.81073
1.81831
1.82708
1.83469
1.84354
1.85111
1.85993
1.86721
1.8753
1.87966
1.26453
1.29084
1.31891
1.34715
1.37613
1.40574
1.43708
1.46871
1.50096
1.53357
1.56621
1.59839
1.63063
1.66172
1.69304
1.72248
1.75244
1.77975
1.80685
1.82967
1.8451
1.84572
1.83566
1.80882
1.74797
1.61705
1.47268
1.4025
1.39273
1.40481
1.42398
1.44997
1.47885
1.505
1.52787
1.54812
1.56567
1.58148
1.59589
1.60809
1.61729
1.6215
1.62107
1.61243
1.59347
1.5658
1.53374
1.50591
1.49073
1.48799
1.49665
1.50953
1.52906
1.55285
1.57624
1.59907
1.62036
1.63819
1.65258
1.66388
1.67313
1.67945
1.68315
1.68445
1.68505
1.68489
1.68407
1.68443
1.6854
1.68689
1.68965
1.69389
1.70049
1.70664
1.71421
1.72066
1.72817
1.73453
1.74196
1.74829
1.75581
1.76224
1.76996
1.77666
1.7847
1.79172
1.80002
1.80728
1.81567
1.82309
1.83153
1.83902
1.84753
1.855
1.86357
1.87097
1.87955
1.8866
1.89453
1.89868
1.28273
1.30384
1.33171
1.35909
1.38605
1.41399
1.44236
1.47218
1.50219
1.53261
1.56327
1.59405
1.62422
1.65452
1.68382
1.7131
1.74063
1.76782
1.79146
1.80992
1.8132
1.80485
1.7824
1.72968
1.61522
1.4634
1.38063
1.36748
1.3798
1.4002
1.42847
1.46027
1.48916
1.51505
1.53869
1.56073
1.58113
1.59981
1.61675
1.63268
1.64747
1.6596
1.66866
1.67267
1.67255
1.66515
1.64827
1.62347
1.59529
1.5697
1.5542
1.54899
1.55624
1.56648
1.58227
1.60391
1.62616
1.6475
1.66697
1.6834
1.69652
1.70691
1.71492
1.72001
1.72216
1.72305
1.72328
1.7229
1.72227
1.72287
1.72392
1.72571
1.72908
1.73356
1.73999
1.74583
1.75289
1.75896
1.76613
1.77231
1.77962
1.78593
1.79347
1.79995
1.80777
1.81449
1.82253
1.82948
1.83761
1.84472
1.85287
1.86006
1.86821
1.87542
1.88356
1.89069
1.89885
1.90564
1.91329
1.91732
1.30741
1.321
1.34418
1.37155
1.3976
1.42337
1.45009
1.47712
1.50543
1.53385
1.56255
1.59143
1.62031
1.64871
1.67697
1.70438
1.73119
1.7549
1.77534
1.78093
1.77375
1.75457
1.70795
1.61125
1.45425
1.35822
1.34033
1.35188
1.37275
1.40289
1.43676
1.46798
1.49594
1.52199
1.54641
1.56991
1.5921
1.61351
1.63333
1.6517
1.66867
1.68492
1.69964
1.71191
1.72097
1.72547
1.7258
1.71998
1.70561
1.68311
1.65778
1.63325
1.61615
1.60822
1.61311
1.62103
1.63366
1.65284
1.67422
1.69431
1.7119
1.7271
1.73951
1.74876
1.75526
1.75876
1.75995
1.76035
1.76019
1.75954
1.75928
1.75988
1.76091
1.76294
1.76699
1.77184
1.77845
1.78427
1.79122
1.79712
1.80407
1.80997
1.8171
1.82319
1.8306
1.83694
1.84458
1.85119
1.859
1.8658
1.87369
1.8806
1.88851
1.89548
1.90344
1.91034
1.91834
1.92491
1.93239
1.93634
1.33282
1.33931
1.35803
1.38325
1.40866
1.43335
1.45838
1.48397
1.51006
1.53689
1.56383
1.59099
1.61808
1.64546
1.67177
1.69779
1.72164
1.74227
1.75002
1.744
1.72719
1.68635
1.60064
1.44133
1.33256
1.31029
1.32167
1.34313
1.37479
1.41051
1.4435
1.4733
1.50106
1.52734
1.55275
1.5772
1.60096
1.62372
1.64573
1.6666
1.68622
1.70429
1.72167
1.73797
1.75255
1.76478
1.77399
1.77914
1.77994
1.77574
1.76384
1.74329
1.7198
1.69569
1.67651
1.66642
1.6668
1.67328
1.68356
1.69972
1.71931
1.73839
1.75584
1.77027
1.78125
1.78961
1.79456
1.79717
1.79769
1.79774
1.79681
1.79614
1.7958
1.79636
1.79756
1.79996
1.80441
1.80926
1.81566
1.82123
1.82797
1.83362
1.84051
1.84631
1.85342
1.85944
1.86673
1.87294
1.88039
1.88683
1.89435
1.90095
1.90849
1.91515
1.92278
1.92945
1.93716
1.94358
1.95082
1.95471
1.3705
1.36514
1.37416
1.39407
1.41953
1.44387
1.46759
1.49145
1.51594
1.54076
1.56628
1.59196
1.61757
1.64306
1.66826
1.6914
1.71199
1.72114
1.71654
1.70046
1.66231
1.58132
1.43124
1.31386
1.2853
1.29408
1.31487
1.34692
1.38381
1.41787
1.44881
1.47765
1.5053
1.53208
1.55813
1.58335
1.60797
1.63193
1.65537
1.67796
1.69979
1.72023
1.73939
1.75716
1.77453
1.79071
1.80553
1.81785
1.8273
1.83279
1.83391
1.83115
1.8214
1.80294
1.78084
1.75718
1.73642
1.72368
1.71894
1.72433
1.73204
1.7445
1.76121
1.77954
1.79652
1.81048
1.82111
1.82847
1.83252
1.83389
1.83385
1.83335
1.83187
1.83098
1.83095
1.83151
1.83295
1.83582
1.84068
1.84544
1.85179
1.85715
1.86377
1.86932
1.87615
1.88192
1.8889
1.89485
1.90189
1.90805
1.91518
1.92149
1.92872
1.93507
1.9424
1.94875
1.95619
1.96233
1.96938
1.97308
1.41602
1.39223
1.39378
1.40757
1.42943
1.45404
1.47727
1.49996
1.52277
1.5461
1.56974
1.59391
1.61806
1.64193
1.66438
1.68424
1.69424
1.69056
1.67479
1.63805
1.55941
1.4177
1.29251
1.25833
1.26547
1.28595
1.31881
1.35686
1.39185
1.4236
1.45334
1.48194
1.50976
1.53682
1.56327
1.58919
1.61467
1.63961
1.66402
1.68768
1.71058
1.73253
1.7535
1.77332
1.79199
1.81009
1.82738
1.84356
1.85817
1.87042
1.87967
1.88559
1.88704
1.88559
1.87793
1.86183
1.84093
1.81715
1.79477
1.77868
1.76988
1.77225
1.77841
1.78859
1.80429
1.82112
1.83578
1.84788
1.85732
1.86382
1.86724
1.8679
1.86765
1.86689
1.86543
1.86457
1.86469
1.86543
1.86719
1.87037
1.87553
1.88032
1.88667
1.89199
1.89863
1.90413
1.91083
1.91648
1.92319
1.92899
1.93577
1.94172
1.94864
1.95472
1.96174
1.96783
1.97496
1.98083
1.98763
1.99123
1.50981
1.43264
1.41971
1.42443
1.44057
1.46327
1.48627
1.50828
1.53013
1.55206
1.57453
1.59707
1.61946
1.64089
1.65985
1.66987
1.66649
1.65068
1.61465
1.53765
1.40081
1.26855
1.22971
1.23587
1.2567
1.29071
1.33015
1.36615
1.39867
1.42907
1.45829
1.48675
1.51456
1.54194
1.56883
1.59534
1.62137
1.64696
1.6719
1.69627
1.7198
1.74271
1.76477
1.78625
1.80671
1.82623
1.8446
1.86251
1.87945
1.89527
1.9096
1.9219
1.9313
1.93795
1.9397
1.93903
1.93309
1.91954
1.89948
1.87563
1.85247
1.83249
1.82004
1.81775
1.82338
1.83213
1.8458
1.86015
1.8729
1.88361
1.89191
1.89736
1.90002
1.90035
1.89983
1.89895
1.89786
1.89723
1.89729
1.89825
1.90059
1.90411
1.90953
1.91447
1.92085
1.92613
1.93253
1.9379
1.94431
1.9498
1.95624
1.96188
1.96839
1.97417
1.98083
1.98662
1.99344
1.999
2.00549
2.0089
1.69089
1.49237
1.45281
1.44782
1.45502
1.47228
1.49479
1.51662
1.53779
1.55873
1.57971
1.60078
1.62082
1.63874
1.64829
1.64469
1.62843
1.59229
1.51552
1.37924
1.24639
1.20512
1.21044
1.23079
1.26502
1.30518
1.34168
1.37451
1.40511
1.43462
1.46348
1.49189
1.51994
1.5476
1.57491
1.60183
1.62834
1.65431
1.67966
1.70436
1.7284
1.75189
1.77478
1.79712
1.81872
1.83953
1.85936
1.87819
1.89623
1.91386
1.93065
1.94639
1.96063
1.97288
1.98233
1.9893
1.99117
1.99087
1.98645
1.97495
1.95587
1.93232
1.90774
1.88389
1.86736
1.86171
1.8664
1.87352
1.8852
1.8973
1.90829
1.91785
1.92472
1.92888
1.93094
1.93113
1.93057
1.92949
1.92897
1.92818
1.92858
1.93003
1.93327
1.93721
1.94276
1.94757
1.95366
1.95877
1.9649
1.97014
1.97627
1.98164
1.98784
1.99327
1.99964
2.00511
2.01165
2.01693
2.02315
2.02634
1.98317
1.60337
1.49065
1.47085
1.47148
1.48272
1.50207
1.52465
1.54598
1.56623
1.58593
1.6045
1.62104
1.6295
1.62518
1.6081
1.57106
1.49323
1.35552
1.22419
1.18161
1.18653
1.20633
1.24053
1.28112
1.3179
1.35081
1.38149
1.41114
1.44033
1.46918
1.49776
1.52603
1.55401
1.58164
1.60885
1.63556
1.66168
1.68721
1.71218
1.73664
1.76056
1.78399
1.8068
1.82906
1.85062
1.87159
1.89171
1.91108
1.92949
1.94743
1.96471
1.98109
1.99638
2.01018
2.02215
2.03168
2.03874
2.04087
2.04094
2.03753
2.02787
2.00987
1.98664
1.96043
1.93241
1.91273
1.90409
1.90769
1.91321
1.92191
1.9331
1.94242
1.95011
1.95562
1.95899
1.9606
1.96067
1.95996
1.95931
1.95846
1.95821
1.95921
1.96142
1.96534
1.96921
1.97453
1.97918
1.98493
1.98991
1.99577
2.00088
2.00683
2.01197
2.01803
2.02315
2.02936
2.03433
2.04024
2.04322
2.36448
1.83351
1.57752
1.50916
1.49587
1.49871
1.51212
1.53218
1.55361
1.57332
1.59121
1.60667
1.61371
1.60823
1.58989
1.5511
1.47074
1.32919
1.19934
1.15744
1.16343
1.18303
1.21759
1.25825
1.29517
1.32802
1.35867
1.38837
1.41779
1.44702
1.4761
1.50488
1.5334
1.56152
1.58926
1.61648
1.64321
1.66938
1.69507
1.72025
1.74497
1.76918
1.79293
1.81613
1.83884
1.86098
1.88254
1.90343
1.92363
1.94301
1.9615
1.97931
1.99668
2.01342
2.02931
2.04424
2.05773
2.06951
2.0793
2.08634
2.08908
2.08943
2.08682
2.0785
2.06159
2.03827
2.00983
1.97844
1.95543
1.94472
1.94577
1.94994
1.95686
1.9666
1.97403
1.97999
1.98466
1.98752
1.98859
1.98853
1.98791
1.98716
1.98678
1.98751
1.98942
1.99202
1.99597
1.99977
2.00487
2.00943
2.015
2.01981
2.02557
2.0304
2.03622
2.04098
2.04687
2.0514
2.05697
2.05963
2.65358
2.23245
1.75497
1.56619
1.52707
1.52027
1.52589
1.54077
1.56023
1.5786
1.59383
1.60026
1.59346
1.57358
1.53227
1.44816
1.30198
1.17318
1.13342
1.14141
1.16176
1.19666
1.23701
1.27373
1.30664
1.33713
1.36677
1.39615
1.42554
1.45486
1.48401
1.5129
1.54144
1.5696
1.5973
1.62455
1.65129
1.6776
1.70341
1.72878
1.75366
1.7781
1.80202
1.82545
1.84835
1.87071
1.89248
1.9137
1.93427
1.95426
1.97355
1.99215
2.01003
2.02749
2.04448
2.06083
2.07635
2.09084
2.10407
2.11559
2.12548
2.13242
2.13551
2.13592
2.13389
2.12633
2.10993
2.08596
2.05497
2.02166
1.99478
1.98228
1.98092
1.98457
1.99003
1.99744
2.00325
2.00854
2.01261
2.01474
2.01548
2.01541
2.01502
2.01457
2.01514
2.01635
2.01858
2.02124
2.02524
2.02893
2.03395
2.03824
2.04364
2.04815
2.0537
2.05808
2.06363
2.06764
2.0726
2.07475
2.80664
2.54076
2.05203
1.68098
1.56521
1.54291
1.5416
1.5494
1.56409
1.58088
1.58805
1.58022
1.55814
1.51305
1.4237
1.27217
1.14534
1.11076
1.12126
1.14447
1.18017
1.21885
1.25448
1.28648
1.31667
1.346
1.37537
1.40482
1.43437
1.46383
1.49307
1.522
1.55052
1.57862
1.60625
1.63344
1.66018
1.68648
1.71232
1.7377
1.76261
1.78703
1.81096
1.83439
1.85731
1.87976
1.90165
1.92308
1.94391
1.96426
1.98401
2.00317
2.02173
2.03958
2.05694
2.07394
2.09036
2.10613
2.12103
2.13503
2.14781
2.15906
2.16881
2.17549
2.17878
2.17918
2.17746
2.17016
2.1541
2.12961
2.0963
2.06087
2.03176
2.01757
2.01421
2.01689
2.02068
2.02548
2.03091
2.03552
2.03855
2.04022
2.04104
2.04113
2.04111
2.04139
2.04218
2.04369
2.04613
2.0489
2.05288
2.05643
2.0612
2.06508
2.07025
2.07406
2.07904
2.08228
2.08587
2.08714
2.89475
2.75163
2.42453
1.9238
1.65586
1.5791
1.56329
1.56202
1.56823
1.57446
1.56828
1.54337
1.492
1.39297
1.23949
1.11933
1.08956
1.10149
1.12826
1.16562
1.20337
1.23725
1.26829
1.29759
1.32666
1.3557
1.38517
1.41475
1.44447
1.47401
1.5033
1.53218
1.56063
1.58862
1.61618
1.64328
1.66994
1.69613
1.72185
1.74707
1.77181
1.79605
1.81983
1.84313
1.86599
1.88837
1.91031
1.93176
1.95276
1.97323
1.99323
2.01266
2.03159
2.04993
2.06765
2.08485
2.10167
2.11798
2.13367
2.14866
2.16292
2.1763
2.18857
2.19947
2.20909
2.21557
2.21923
2.21961
2.21797
2.21065
2.19459
2.16919
2.13472
2.09628
2.06538
2.05046
2.04492
2.04599
2.04814
2.05141
2.05625
2.05956
2.062
2.06368
2.06465
2.06498
2.06529
2.0659
2.0671
2.06883
2.07152
2.07418
2.07797
2.08108
2.08529
2.08837
2.09179
2.09385
2.09524
2.09611
2.94393
2.87243
2.6935
2.31777
1.84926
1.64553
1.59361
1.57888
1.57118
1.55916
1.5294
1.46618
1.35322
1.2004
1.0956
1.07282
1.08529
1.11449
1.15411
1.191
1.22327
1.25234
1.28055
1.30871
1.33764
1.36696
1.39679
1.42658
1.45633
1.4857
1.51473
1.54331
1.57147
1.59922
1.62652
1.65339
1.67977
1.70566
1.73105
1.75595
1.78039
1.80435
1.82791
1.85101
1.87368
1.89593
1.91772
1.93909
1.95999
1.98043
2.00042
2.0199
2.03892
2.05744
2.07542
2.09287
2.10976
2.1263
2.14238
2.15791
2.1729
2.18733
2.20102
2.21405
2.22599
2.23662
2.24612
2.2525
2.25605
2.25634
2.25459
2.24701
2.2306
2.20331
2.16734
2.1279
2.09563
2.0783
2.07202
2.07072
2.07237
2.07467
2.07785
2.08052
2.08323
2.08482
2.08589
2.08643
2.08718
2.0881
2.08962
2.09127
2.09367
2.09579
2.09808
2.09973
2.10047
2.10083
2.10031
2.09997
2.97134
2.93093
2.83749
2.61829
2.18754
1.78648
1.63584
1.59397
1.56685
1.52339
1.44069
1.3035
1.15454
1.07196
1.05917
1.07212
1.10362
1.14523
1.18148
1.21177
1.23911
1.26564
1.29302
1.32118
1.35024
1.37956
1.40924
1.43871
1.46811
1.49711
1.52582
1.55408
1.58193
1.6093
1.63618
1.66255
1.68843
1.71379
1.73869
1.76313
1.78716
1.8108
1.83403
1.85688
1.87933
1.90139
1.92302
1.94423
1.96503
1.98538
2.00531
2.02476
2.04376
2.06228
2.0803
2.09786
2.11488
2.13145
2.14768
2.16342
2.17878
2.19366
2.20804
2.22196
2.23515
2.24768
2.25936
2.2695
2.27874
2.28503
2.28792
2.28806
2.28601
2.27808
2.26021
2.23192
2.19322
2.153
2.12093
2.10147
2.09454
2.09173
2.09281
2.09408
2.09611
2.09907
2.10192
2.10316
2.10452
2.10528
2.10616
2.10668
2.10722
2.10739
2.107
2.10579
2.10434
2.10116
2.09655
2.09329
2.98515
2.96289
2.91467
2.79476
2.52651
2.05968
1.7334
1.61274
1.5426
1.42703
1.25035
1.09428
1.03164
1.0334
1.05239
1.09062
1.13518
1.17087
1.19984
1.22521
1.25046
1.27666
1.30445
1.33305
1.36242
1.39176
1.42119
1.45019
1.47906
1.50742
1.53552
1.56313
1.59036
1.6171
1.64338
1.66916
1.69445
1.7193
1.74373
1.76775
1.79137
1.8146
1.83745
1.85991
1.88199
1.90369
1.92499
1.94591
1.96644
1.98656
2.00628
2.02554
2.04439
2.06279
2.08072
2.09824
2.1153
2.1319
2.14816
2.164
2.17953
2.19464
2.20935
2.22371
2.23752
2.25091
2.26369
2.27565
2.28705
2.29676
2.3056
2.31187
2.31393
2.3139
2.31133
2.30302
2.28328
2.25264
2.21312
2.17271
2.13941
2.11937
2.11214
2.10855
2.10883
2.10988
2.1116
2.11442
2.11641
2.1176
2.11808
2.11728
2.11575
2.11274
2.10968
2.10462
2.09853
2.088
2.07426
2.06477
2.9918
2.98068
2.95427
2.89131
2.74485
2.42216
1.93917
1.65614
1.4684
1.20924
1.02581
0.976733
0.991404
1.02316
1.06811
1.11049
1.14589
1.17465
1.20013
1.22522
1.2517
1.2793
1.30807
1.33718
1.36668
1.3959
1.42512
1.45381
1.48233
1.5103
1.53799
1.56514
1.59192
1.61814
1.64391
1.66915
1.69395
1.71827
1.7422
1.76572
1.7889
1.81172
1.8342
1.85633
1.87811
1.89955
1.92062
1.94132
1.96165
1.98156
2.00107
2.02013
2.03876
2.05696
2.07471
2.09207
2.10903
2.12563
2.1419
2.15785
2.17349
2.18887
2.20383
2.2186
2.23284
2.24682
2.2603
2.27322
2.28569
2.2972
2.30821
2.31751
2.32549
2.33149
2.33289
2.33216
2.32898
2.31946
2.29824
2.26542
2.22398
2.18458
2.15128
2.13111
2.12328
2.11969
2.1191
2.12027
2.12109
2.1215
2.12058
2.11851
2.11489
2.10873
2.10088
2.0876
2.0725
2.04828
2.01876
2.00088
2.99524
2.98928
2.97301
2.93906
2.85061
2.65675
2.25175
1.72165
1.23799
0.909913
0.859796
0.897532
0.954691
1.01526
1.06194
1.09894
1.13005
1.15787
1.18535
1.2131
1.24175
1.27058
1.29969
1.32875
1.35817
1.3873
1.41648
1.44501
1.47335
1.50095
1.52827
1.55487
1.5811
1.60664
1.63175
1.65628
1.68043
1.70415
1.7276
1.75073
1.77362
1.79625
1.81861
1.8407
1.86246
1.8839
1.90497
1.92565
1.94589
1.96567
1.98497
2.00381
2.02217
2.04015
2.05771
2.07497
2.09194
2.10863
2.12513
2.14135
2.15734
2.17309
2.18849
2.20364
2.21839
2.23277
2.24682
2.26026
2.27344
2.28587
2.29782
2.30894
2.3193
2.32838
2.33541
2.3407
2.34176
2.3407
2.33656
2.32519
2.30192
2.26772
2.22545
2.18627
2.15388
2.13414
2.12546
2.12125
2.11901
2.11663
2.113
2.10663
2.09783
2.08288
2.0659
2.0378
2.00931
1.96802
1.92319
1.90132
2.99654
2.99206
2.98005
2.95284
2.88405
2.72105
2.3511
1.68231
0.894247
0.55756
0.615527
0.700762
0.796318
0.867067
0.921301
0.966341
1.00745
1.04668
1.08492
1.12185
1.15799
1.19352
1.22914
1.26388
1.298
1.33094
1.36307
1.39385
1.42387
1.45267
1.48092
1.50813
1.5349
1.56082
1.58641
1.61136
1.6361
1.66042
1.68461
1.70851
1.73224
1.75572
1.77893
1.80185
1.82438
1.84652
1.86816
1.88927
1.90985
1.92986
1.94936
1.96837
1.98698
2.00525
2.02325
2.04103
2.05864
2.07603
2.09325
2.11021
2.1269
2.14332
2.15933
2.17501
2.19028
2.20508
2.21956
2.23345
2.24701
2.26005
2.27249
2.28461
2.29593
2.30662
2.31642
2.32533
2.3318
2.33618
2.3371
2.33649
2.33138
2.31826
2.29191
2.2573
2.21454
2.17372
2.14083
2.11978
2.1064
2.0943
2.08331
2.06578
2.04699
2.01732
1.9852
1.9444
1.9005
1.86293
1.82934
1.81815
2.99708
2.99298
2.98224
2.95767
2.89317
2.7383
2.36662
1.63194
0.692949
0.289901
0.391451
0.503381
0.584421
0.649721
0.708594
0.763948
0.816883
0.867288
0.915539
0.961366
1.00528
1.04726
1.08781
1.12715
1.16559
1.20244
1.2381
1.27218
1.30533
1.33711
1.36826
1.39825
1.42788
1.45659
1.48511
1.5129
1.54057
1.56762
1.5945
1.62084
1.64691
1.67251
1.69776
1.72255
1.74692
1.77084
1.79431
1.8173
1.83988
1.862
1.88375
1.90508
1.92605
1.9466
1.96678
1.9865
2.0058
2.02461
2.04294
2.06081
2.07813
2.09508
2.11146
2.12749
2.14304
2.15822
2.17299
2.18742
2.20139
2.21512
2.22833
2.24124
2.25384
2.26568
2.27748
2.28831
2.29836
2.30716
2.31433
2.31745
2.31869
2.31774
2.31106
2.29322
2.26657
2.22293
2.17782
2.12816
2.08738
2.04733
2.01543
1.97935
1.94203
1.90261
1.86362
1.83243
1.80927
1.79614
1.79033
1.78999
2.99711
2.99345
2.98246
2.9593
2.89477
2.74166
2.36652
1.60717
0.624327
0.198389
0.321663
0.397806
0.444952
0.492223
0.544242
0.597851
0.651676
0.704669
0.756526
0.806488
0.854714
0.900843
0.945289
0.987737
1.02854
1.06766
1.1056
1.14206
1.17763
1.21192
1.24557
1.27814
1.3103
1.34153
1.3725
1.40265
1.43257
1.46173
1.49065
1.51884
1.54671
1.57392
1.60075
1.62698
1.65277
1.67805
1.70287
1.72722
1.75113
1.77461
1.79763
1.82027
1.84242
1.86421
1.88552
1.90644
1.9269
1.94694
1.96653
1.98568
2.00439
2.02265
2.04049
2.05787
2.07487
2.09142
2.1076
2.12338
2.13875
2.15378
2.16837
2.18253
2.19634
2.20954
2.22234
2.23441
2.24592
2.25633
2.26535
2.27291
2.27589
2.27713
2.27654
2.27084
2.25555
2.22606
2.17954
2.11886
2.04912
1.9726
1.90179
1.84255
1.79546
1.76238
1.7451
1.74134
1.74359
1.7475
1.75372
1.75726
)
;

boundaryField
{
    inlet
    {
        type            calculated;
        value           uniform 3.00001;
    }
    outlet
    {
        type            calculated;
        value           nonuniform List<scalar> 
40
(
1.16366
1.3092
1.41149
1.49321
1.55431
1.59947
1.63248
1.65904
1.68262
1.70433
1.72439
1.74392
1.76347
1.78303
1.80277
1.82203
1.84095
1.86016
1.87966
1.89868
1.91732
1.93634
1.95471
1.97308
1.99123
2.0089
2.02634
2.04322
2.05963
2.07475
2.08714
2.09611
2.09997
2.09329
2.06477
2.00088
1.90132
1.81815
1.78999
1.75726
)
;
    }
    top
    {
        type            symmetryPlane;
    }
    bottom
    {
        type            symmetryPlane;
    }
    obstacle
    {
        type            calculated;
        value           nonuniform List<scalar> 
110
(
0.0252702
0.0535531
0.092724
0.134058
0.177939
0.227694
0.287006
0.36193
0.462999
0.63457
0.854899
1.17402
1.319
1.32978
1.27829
1.19562
1.11492
1.07492
1.06795
1.07017
1.0727
1.07315
1.07139
1.06814
1.06382
1.06017
1.05851
1.05772
1.05707
1.05618
1.05474
1.05202
1.04665
1.03542
1.01147
0.960132
0.850657
0.625867
0.305298
0.0655949
0.0672061
0.173487
0.270451
0.34238
0.380016
0.389014
0.374629
0.348978
0.309069
0.252798
0.191805
0.13046
0.0720589
0.0181316
0.0410973
0.0854279
0.127934
0.166232
0.20055
0.231263
0.261909
0.292407
0.32148
0.348572
0.374905
0.399785
0.424369
0.447745
0.471031
0.493249
0.515505
0.536801
0.558225
0.578728
0.599432
0.619215
0.639265
0.658414
0.677886
0.696505
0.715486
0.733662
0.752224
0.770015
0.788203
0.805638
0.823477
0.840552
0.858064
0.874748
0.891941
0.908206
0.92508
0.940906
0.957469
0.972849
0.98912
1.00407
1.02008
1.03462
1.05037
1.06452
1.07995
1.0937
1.10859
1.12178
1.1356
1.14713
1.15729
1.16366
)
;
    }
    frontAndBack
    {
        type            empty;
    }
}


// ************************************************************************* //
