/*--------------------------------*- C++ -*----------------------------------*\
  =========                 |
  \\      /  F ield         | OpenFOAM: The Open Source CFD Toolbox
   \\    /   O peration     | Website:  https://openfoam.org
    \\  /    A nd           | Version:  13
     \\/     M anipulation  |
\*---------------------------------------------------------------------------*/
FoamFile
{
    format      ascii;
    class       volScalarField;
    location    "3";
    object      rho;
}
// * * * * * * * * * * * * * * * * * * * * * * * * * * * * * * * * * * * * * //

dimensions      [1 -3 0 0 0 0 0];

internalField   nonuniform List<scalar> 
5250
(
1.40001
1.40002
1.40006
1.40015
1.4004
1.40091
1.40238
1.40561
1.41409
1.4337
1.4808
1.5846
1.80607
2.2912
4.27058
5.90859
5.7516
5.63946
5.65693
5.73355
5.82013
5.86998
5.8994
5.93468
5.96594
1.40001
1.40002
1.40006
1.40016
1.40036
1.40099
1.40213
1.40598
1.41301
1.43456
1.47775
1.58382
1.79912
2.27748
4.21737
5.91594
5.75309
5.6368
5.65476
5.73205
5.81874
5.86892
5.89912
5.93505
5.96701
1.40001
1.40002
1.40006
1.40016
1.40034
1.40095
1.40212
1.40563
1.41291
1.43287
1.47596
1.57764
1.78809
2.24734
4.09875
5.93264
5.75607
5.62833
5.64561
5.72247
5.80834
5.85803
5.88717
5.92275
5.95525
1.40001
1.40002
1.40005
1.40014
1.40034
1.40088
1.40202
1.40535
1.41215
1.43142
1.4719
1.56949
1.77049
2.20384
3.9144
5.95935
5.76273
5.61452
5.63024
5.70262
5.78685
5.83418
5.86466
5.90164
5.93514
1.40001
1.40002
1.40006
1.40012
1.40035
1.40074
1.40207
1.40454
1.41219
1.4277
1.46922
1.55636
1.74972
2.1485
3.66931
5.99146
5.77396
5.5986
5.61051
5.67864
5.76117
5.80716
5.83246
5.86616
5.90269
1.40001
1.40002
1.40005
1.40013
1.40028
1.40078
1.40167
1.40462
1.41022
1.42702
1.46099
1.54669
1.72093
2.08958
3.37427
6.0101
5.78887
5.58136
5.58571
5.64525
5.72221
5.76763
5.79089
5.82013
5.85738
1.40001
1.40002
1.40005
1.4001
1.40029
1.40061
1.40175
1.40368
1.41031
1.42255
1.45819
1.5304
1.69659
2.0305
3.07961
5.97473
5.78663
5.56019
5.55802
5.60455
5.67345
5.71111
5.72733
5.75041
5.78943
1.40001
1.40002
1.40004
1.40009
1.40026
1.40056
1.40155
1.40345
1.40913
1.42095
1.45246
1.51998
1.6722
1.98154
2.87986
5.79006
5.71667
5.52328
5.51869
5.54692
5.60984
5.63731
5.64155
5.65364
5.68741
1.40001
1.40002
1.40004
1.40009
1.40021
1.40056
1.40131
1.40328
1.40798
1.41944
1.44696
1.51033
1.64851
1.9362
2.70237
5.48076
5.58413
5.49823
5.46904
5.47853
5.52079
5.539
5.52443
5.5078
5.52065
1.40001
1.40001
1.40004
1.40008
1.4002
1.40047
1.40122
1.40283
1.40737
1.41701
1.44285
1.49866
1.62619
1.88913
2.53919
5.09081
5.51348
5.46249
5.40203
5.40363
5.41745
5.41044
5.37718
5.30107
5.25189
1.40001
1.40001
1.40003
1.40007
1.40018
1.40041
1.40111
1.40241
1.40667
1.41463
1.43837
1.48672
1.60256
1.83849
2.38592
4.62539
5.47226
5.43178
5.33181
5.31474
5.30283
5.26725
5.17149
4.94397
4.29065
1.40001
1.40001
1.40003
1.40007
1.40014
1.4004
1.40083
1.40234
1.4051
1.41376
1.43106
1.47749
1.5738
1.78625
2.23839
4.0789
5.45497
5.40679
5.27813
5.225
5.18944
5.11612
4.95867
4.63386
3.92354
1.40001
1.40001
1.40003
1.40005
1.40014
1.40029
1.4008
1.40172
1.40473
1.41048
1.42759
1.46237
1.54943
1.72639
2.09997
3.46957
5.44677
5.39399
5.24364
5.14466
5.08016
4.97075
4.76869
4.42123
3.85083
1.40001
1.40001
1.40002
1.40005
1.4001
1.40027
1.40056
1.4016
1.4034
1.40939
1.42063
1.45308
1.51911
1.672
1.97415
2.84925
5.35876
5.34685
5.23711
5.08114
4.9814
4.84913
4.63592
4.30436
3.85149
1.40001
1.40001
1.40002
1.40004
1.40009
1.4002
1.40051
1.40118
1.403
1.40719
1.41767
1.4424
1.50002
1.62602
1.88913
2.53683
4.96181
5.24793
5.18229
5.02348
4.89422
4.74693
4.54222
4.24069
3.86086
1.40001
1.40001
1.40002
1.40003
1.40008
1.40015
1.40043
1.40091
1.40254
1.40552
1.41485
1.43344
1.48299
1.58542
1.80957
2.29734
4.26991
5.13745
5.10291
4.98176
4.82647
4.66454
4.46927
4.20125
3.86986
1.40001
1.40001
1.40001
1.40002
1.40006
1.40012
1.40033
1.40074
1.40193
1.4045
1.41133
1.42696
1.46501
1.54947
1.73152
2.10268
3.52474
5.08781
5.06461
4.96314
4.77931
4.60312
4.41008
4.1691
3.87756
1.40001
1.40001
1.40001
1.40002
1.40004
1.40011
1.40023
1.40062
1.40133
1.4037
1.40795
1.42141
1.44756
1.51616
1.65503
1.93854
2.71995
4.94748
5.04823
4.96388
4.76958
4.56775
4.36961
4.14519
3.88397
1.40001
1.40001
1.40001
1.40002
1.40004
1.40008
1.40019
1.40045
1.40106
1.40272
1.40622
1.41612
1.43684
1.48983
1.60093
1.83775
2.37654
4.44176
4.95894
4.90785
4.75873
4.54213
4.34182
4.12782
3.88984
1.40001
1.40001
1.40001
1.40001
1.40003
1.40006
1.40014
1.40032
1.40085
1.40188
1.4051
1.41119
1.42945
1.4662
1.55737
1.74175
2.12697
3.63661
4.86739
4.84533
4.74943
4.53625
4.32597
4.11957
3.89738
1.40001
1.40001
1.40001
1.40001
1.40002
1.40005
1.4001
1.40026
1.40055
1.40152
1.40326
1.40889
1.41959
1.45026
1.51207
1.65655
1.92522
2.70864
4.69797
4.82615
4.75216
4.56418
4.32925
4.12071
3.9113
1.40001
1.40001
1.40001
1.40001
1.40002
1.40003
1.40008
1.40017
1.40045
1.401
1.40258
1.40597
1.41504
1.43526
1.48437
1.59047
1.81114
2.3036
4.16173
4.74927
4.70929
4.58265
4.34882
4.13182
3.92973
1.40001
1.40001
1.40001
1.40001
1.40001
1.40003
1.40005
1.40013
1.40031
1.40072
1.40184
1.4042
1.41092
1.42481
1.46167
1.539
1.71025
2.0414
3.29407
4.62614
4.63482
4.56902
4.38954
4.16114
3.95387
1.40001
1.40001
1.40001
1.40001
1.40001
1.40002
1.40004
1.40009
1.40022
1.40049
1.4013
1.4028
1.40763
1.41661
1.44306
1.49562
1.62094
1.8503
2.44565
4.31099
4.61451
4.56342
4.42397
4.20058
3.9852
1.40001
1.40001
1.40001
1.40001
1.40001
1.40002
1.40003
1.40007
1.40014
1.40035
1.40085
1.402
1.40509
1.41166
1.42946
1.46725
1.55737
1.73864
2.11126
3.55095
4.53042
4.51444
4.44528
4.2628
4.02982
1.40001
1.40001
1.40001
1.40001
1.40001
1.40001
1.40002
1.40005
1.40009
1.40025
1.40052
1.40143
1.40309
1.40827
1.41833
1.44648
1.5037
1.6366
1.8714
2.54074
4.29603
4.50887
4.45706
4.3279
4.09187
1.40001
1.40001
1.40001
1.40001
1.40001
1.40001
1.40002
1.40003
1.40007
1.40016
1.40037
1.40092
1.40211
1.40546
1.41226
1.43134
1.47055
1.56539
1.75013
2.14537
3.64572
4.43292
4.4206
4.35394
4.1858
1.40001
1.40001
1.40001
1.40001
1.40001
1.40001
1.40001
1.40002
1.40005
1.4001
1.40026
1.40055
1.40149
1.40322
1.4086
1.41905
1.44824
1.50722
1.64374
1.8837
2.63278
4.19934
4.40378
4.36246
4.25113
1.40001
1.40001
1.40001
1.40001
1.40001
1.40001
1.40001
1.40002
1.40003
1.40007
1.40016
1.40038
1.40089
1.40225
1.40514
1.41314
1.42988
1.4727
1.56246
1.74708
2.13546
3.5796
4.32085
4.32358
4.27086
1.40001
1.40001
1.40001
1.40001
1.40001
1.40001
1.40001
1.40001
1.40002
1.40004
1.40011
1.40022
1.40061
1.40128
1.40354
1.4075
1.42013
1.4439
1.50728
1.63094
1.86307
2.55566
4.0651
4.30375
4.27362
1.40001
1.40001
1.40001
1.40001
1.40001
1.40001
1.40001
1.40001
1.40002
1.40003
1.40007
1.40014
1.40038
1.40083
1.40215
1.40487
1.41225
1.42836
1.46798
1.55299
1.72557
2.0823
3.40602
4.20399
4.24013
1.40001
1.40001
1.40001
1.40001
1.40001
1.40001
1.40001
1.40001
1.40001
1.40002
1.40004
1.4001
1.40021
1.40056
1.40117
1.40321
1.40684
1.41815
1.43972
1.4967
1.60849
1.81334
2.35752
3.91037
4.21716
1.40001
1.40001
1.40001
1.40001
1.40001
1.40001
1.40001
1.40001
1.40001
1.40001
1.40003
1.40006
1.40014
1.40032
1.40076
1.40189
1.40433
1.411
1.42481
1.46101
1.5355
1.69435
1.99937
3.14418
4.06833
1.40001
1.40001
1.40001
1.40001
1.40001
1.40001
1.40001
1.40001
1.40001
1.40001
1.40002
1.40004
1.40009
1.40019
1.40048
1.40104
1.40281
1.40594
1.41594
1.43446
1.48503
1.58379
1.77068
2.22934
3.67441
1.40001
1.40001
1.40001
1.40001
1.40001
1.40001
1.40001
1.40001
1.40001
1.40001
1.40001
1.40003
1.40005
1.40012
1.40027
1.40066
1.40158
1.4037
1.40919
1.42101
1.45132
1.5147
1.65146
1.89793
2.75455
1.40001
1.40001
1.40001
1.40001
1.40001
1.40001
1.40001
1.40001
1.40001
1.40001
1.40001
1.40002
1.40003
1.40007
1.40015
1.40041
1.40086
1.40232
1.40492
1.41314
1.42843
1.47081
1.5536
1.71866
2.07924
1.40001
1.40001
1.40001
1.40001
1.40001
1.40001
1.40001
1.40001
1.40001
1.40001
1.40001
1.40001
1.40002
1.40004
1.4001
1.40021
1.40055
1.40119
1.40305
1.40686
1.41704
1.43882
1.49115
1.59657
1.78168
1.40001
1.40001
1.40001
1.40001
1.40001
1.40001
1.40001
1.40001
1.40001
1.40001
1.40001
1.40001
1.40001
1.40003
1.40005
1.40013
1.4003
1.40071
1.40171
1.40397
1.40988
1.42229
1.4546
1.52048
1.66057
1.40001
1.40001
1.40001
1.40001
1.40001
1.40001
1.40001
1.40001
1.40001
1.40001
1.40001
1.40001
1.40001
1.40002
1.40003
1.40007
1.40018
1.40038
1.401
1.40213
1.4057
1.41215
1.4315
1.46821
1.55894
1.40001
1.40001
1.40001
1.40001
1.40001
1.40001
1.40001
1.40001
1.40001
1.40001
1.40001
1.40001
1.40001
1.40001
1.40002
1.40004
1.4001
1.40021
1.40055
1.40117
1.40312
1.40658
1.41737
1.43716
1.4909
1.40001
1.40001
1.40001
1.40001
1.40001
1.40001
1.40001
1.40001
1.40001
1.40001
1.40001
1.40001
1.40001
1.40001
1.40001
1.40003
1.40006
1.40012
1.4003
1.40068
1.40163
1.40392
1.40906
1.42211
1.45015
1.40001
1.40001
1.40001
1.40001
1.40001
1.40001
1.40001
1.40001
1.40001
1.40001
1.40001
1.40001
1.40001
1.40001
1.40001
1.40002
1.40003
1.40007
1.40017
1.40036
1.40093
1.40198
1.40528
1.41117
1.429
1.40001
1.40001
1.40001
1.40001
1.40001
1.40001
1.40001
1.40001
1.40001
1.40001
1.40001
1.40001
1.40001
1.40001
1.40001
1.40001
1.40002
1.40004
1.40008
1.40021
1.40046
1.40114
1.40262
1.40626
1.41486
1.40001
1.40001
1.40001
1.40001
1.40001
1.40001
1.40001
1.40001
1.40001
1.40001
1.40001
1.40001
1.40001
1.40001
1.40001
1.40001
1.40001
1.40002
1.40005
1.40011
1.40025
1.40063
1.40133
1.40353
1.40743
1.40001
1.40001
1.40001
1.40001
1.40001
1.40001
1.40001
1.40001
1.40001
1.40001
1.40001
1.40001
1.40001
1.40001
1.40001
1.40001
1.40001
1.40001
1.40003
1.40006
1.40014
1.40032
1.40074
1.40183
1.40402
1.40001
1.40001
1.40001
1.40001
1.40001
1.40001
1.40001
1.40001
1.40001
1.40001
1.40001
1.40001
1.40001
1.40001
1.40001
1.40001
1.40001
1.40001
1.40002
1.40003
1.40008
1.40017
1.40043
1.4009
1.40237
1.40001
1.40001
1.40001
1.40001
1.40001
1.40001
1.40001
1.40001
1.40001
1.40001
1.40001
1.40001
1.40001
1.40001
1.40001
1.40001
1.40001
1.40001
1.40001
1.40002
1.40004
1.40011
1.40022
1.40057
1.40123
1.40001
1.40001
1.40001
1.40001
1.40001
1.40001
1.40001
1.40001
1.40001
1.40001
1.40001
1.40001
1.40001
1.40001
1.40001
1.40001
1.40001
1.40001
1.40001
1.40002
1.40003
1.40007
1.40017
1.40036
1.40096
1.40001
1.40001
1.40001
1.40001
1.40001
1.40001
1.40001
1.40001
1.40001
1.40001
1.40001
1.40001
1.40001
1.40001
1.40001
1.40001
1.40001
1.40001
1.40001
1.40001
1.40003
1.40006
1.40012
1.40034
1.40071
1.40001
1.40001
1.40001
1.40001
1.40001
1.40001
1.40001
1.40001
1.40001
1.40001
1.40001
1.40001
1.40001
1.40001
1.40001
1.40001
1.40001
1.40001
1.40001
1.40001
1.40002
1.40006
1.40012
1.40031
1.4007
1.89877
1.03966
0.722963
0.645277
0.645159
0.677524
0.765767
0.839383
0.863085
0.862715
0.859551
0.857124
0.857095
0.8581
0.861559
0.865669
0.867807
0.867747
0.867273
0.866829
0.866651
0.86704
0.868899
0.873737
0.885022
0.910155
0.965076
1.08598
1.36211
1.6337
1.64643
1.63496
1.59099
1.57992
1.59143
1.60971
1.63477
1.67303
1.72272
1.78515
1.85027
1.90825
1.95766
1.99653
2.03471
2.06024
2.07811
2.08782
2.09589
2.09775
2.0997
2.09373
2.0905
2.08125
2.07578
2.06417
2.05616
2.0426
2.03267
2.0179
2.00667
1.99122
1.97916
1.96304
1.95019
1.93331
1.91962
1.9021
1.88767
1.86976
1.8548
1.83669
1.82136
1.80319
1.78763
1.76949
1.75385
1.73574
1.72018
1.70207
1.68668
1.66854
1.65336
1.63516
1.62023
1.602
1.58739
1.56917
1.55493
1.53678
1.5229
1.50497
1.49138
1.47387
1.46047
1.4439
1.43107
1.41607
1.4052
1.39684
2.34368
1.53911
1.17876
1.02766
0.964607
0.919371
0.909169
0.913274
0.923339
0.947542
0.972269
0.982573
0.982173
0.981369
0.978642
0.978611
0.978866
0.97967
0.981506
0.982709
0.982877
0.983404
0.985005
0.988971
0.998373
1.0198
1.06728
1.16229
1.4109
1.71643
1.72253
1.67759
1.6176
1.58549
1.58041
1.5922
1.61405
1.64875
1.70971
1.79461
1.88922
1.96468
2.03998
2.09588
2.15056
2.18561
2.21822
2.23477
2.25267
2.25959
2.27005
2.26937
2.26945
2.26281
2.25974
2.25039
2.24407
2.23239
2.22361
2.21045
2.1998
2.18533
2.1731
2.15748
2.14401
2.12751
2.1131
2.09594
2.08087
2.06309
2.04757
2.02917
2.01339
1.99436
1.97856
1.959
1.94333
1.92337
1.90791
1.88767
1.87244
1.85205
1.83699
1.81666
1.80162
1.78164
1.76647
1.74704
1.73177
1.7128
1.69763
1.67921
1.66423
1.64638
1.63162
1.61435
1.60022
1.58445
1.57214
1.56339
2.86259
2.13344
1.66251
1.36084
1.16576
1.04459
0.967119
0.957
0.960674
0.971206
0.997112
1.02248
1.03954
1.04794
1.04843
1.04808
1.04707
1.047
1.04714
1.04749
1.04859
1.04928
1.05089
1.05437
1.06212
1.07928
1.11741
1.18913
1.38064
1.71997
1.83555
1.80701
1.75918
1.71538
1.68305
1.66989
1.68508
1.72601
1.79419
1.87919
1.9674
2.04793
2.1227
2.18053
2.23234
2.26906
2.3013
2.32077
2.33882
2.34729
2.35857
2.36103
2.36232
2.35665
2.35397
2.34546
2.33981
2.32885
2.32076
2.30773
2.29766
2.28277
2.27115
2.25463
2.24178
2.22389
2.21009
2.19106
2.17668
2.15691
2.14222
2.12196
2.10683
2.08623
2.07038
2.04966
2.03305
2.01251
1.99537
1.97514
1.95782
1.93787
1.92063
1.90089
1.88389
1.8642
1.84739
1.82788
1.81134
1.79205
1.77563
1.75661
1.74031
1.72191
1.70576
1.68817
1.67259
1.6566
1.64273
1.63354
3.15907
2.51832
2.02597
1.67349
1.43328
1.2687
1.16473
1.09875
1.05838
1.04702
1.04893
1.05462
1.06892
1.08658
1.09958
1.10665
1.10666
1.10612
1.10483
1.10269
1.10262
1.10278
1.10364
1.10585
1.1112
1.12327
1.15019
1.20741
1.32031
1.5907
1.93707
1.92171
1.88244
1.85991
1.83591
1.83496
1.85815
1.89202
1.94128
2.00401
2.07521
2.13815
2.20159
2.25752
2.30891
2.34575
2.37787
2.39799
2.41726
2.42592
2.43879
2.44354
2.4486
2.44206
2.4392
2.43021
2.42559
2.41472
2.4082
2.39519
2.38644
2.37117
2.36027
2.34328
2.33088
2.31307
2.2997
2.28143
2.26698
2.24805
2.23242
2.21284
2.1963
2.17624
2.15897
2.13855
2.12079
2.10018
2.08234
2.0617
2.04407
2.02335
2.00575
1.98485
1.96739
1.94649
1.92901
1.90813
1.89068
1.87017
1.85297
1.83284
1.81602
1.7962
1.77991
1.76034
1.74471
1.72604
1.71164
1.69884
3.33198
2.79072
2.32825
1.96598
1.69486
1.49384
1.34552
1.23809
1.16149
1.11251
1.08404
1.08408
1.08601
1.09149
1.10439
1.11796
1.12735
1.13379
1.13529
1.13511
1.13457
1.13451
1.13478
1.136
1.13934
1.14736
1.16547
1.20571
1.27229
1.47812
1.84508
1.98792
2.02857
2.01483
2.01045
2.03428
2.06311
2.08797
2.1192
2.1479
2.18391
2.22501
2.26661
2.31623
2.3688
2.41143
2.44648
2.46826
2.48758
2.49742
2.5104
2.51709
2.52598
2.52336
2.52079
2.51219
2.50719
2.49691
2.4897
2.47737
2.46801
2.4539
2.44288
2.42696
2.41406
2.39607
2.38139
2.3619
2.34615
2.32587
2.30949
2.28877
2.27184
2.2508
2.23323
2.21174
2.19337
2.17126
2.15232
2.12986
2.11084
2.08847
2.07001
2.04791
2.02971
2.00772
1.98978
1.96782
1.94999
1.92814
1.91036
1.88876
1.87106
1.8499
1.83246
1.81196
1.79506
1.77589
1.7602
1.74641
3.44478
2.99057
2.57358
2.22204
1.9389
1.71645
1.54317
1.41064
1.30975
1.23657
1.18312
1.14814
1.12799
1.12759
1.12901
1.1332
1.14309
1.15478
1.1638
1.17033
1.17147
1.1713
1.17061
1.17062
1.17148
1.17494
1.1844
1.20747
1.2584
1.35748
1.59642
2.01448
2.10852
2.16511
2.22998
2.27883
2.30484
2.31366
2.32354
2.31324
2.29621
2.31049
2.33038
2.35765
2.40582
2.45145
2.49194
2.52023
2.54421
2.55644
2.56783
2.57506
2.58589
2.58925
2.5882
2.5802
2.5741
2.56411
2.55654
2.54482
2.53456
2.51974
2.5067
2.48975
2.4754
2.4573
2.44197
2.42242
2.40569
2.38456
2.36667
2.34461
2.32624
2.30378
2.28515
2.26221
2.24324
2.21973
2.20059
2.177
2.15804
2.13448
2.11555
2.09211
2.07311
2.04995
2.03101
2.00834
1.98953
1.96747
1.94886
1.92735
1.90901
1.88787
1.8699
1.8491
1.83162
1.81168
1.79531
1.77969
3.52247
3.13769
2.76641
2.43577
2.15438
1.92217
1.73295
1.5809
1.45877
1.36267
1.28659
1.23102
1.18873
1.16345
1.15037
1.15058
1.15202
1.15567
1.16472
1.17329
1.17987
1.18397
1.18574
1.18628
1.18739
1.18996
1.19611
1.2104
1.24311
1.31258
1.46232
1.79427
2.15124
2.32666
2.48633
2.56739
2.56805
2.56661
2.54227
2.46565
2.40986
2.38697
2.39395
2.40467
2.43067
2.47194
2.51586
2.55296
2.58381
2.6024
2.61678
2.62382
2.63426
2.63978
2.64323
2.6367
2.63021
2.61873
2.60893
2.59519
2.58386
2.5684
2.55528
2.53739
2.522
2.50188
2.48506
2.46403
2.44687
2.42541
2.40759
2.38497
2.36578
2.34186
2.32176
2.29733
2.27735
2.2535
2.23413
2.21054
2.19138
2.16776
2.14842
2.12462
2.10502
2.08123
2.06156
2.03809
2.0185
1.99555
1.97617
1.95382
1.93473
1.91293
1.89421
1.87296
1.85475
1.83445
1.81742
1.80083
3.57965
3.24873
2.9191
2.61304
2.34153
2.10814
1.91098
1.74668
1.61049
1.49893
1.40765
1.33499
1.27749
1.23483
1.20285
1.18423
1.17417
1.17439
1.17569
1.17896
1.18703
1.19502
1.20161
1.20635
1.20742
1.20903
1.21259
1.221
1.24064
1.28498
1.3768
1.57466
2.03615
2.42798
2.79572
2.87883
2.86563
2.82488
2.72022
2.60945
2.52646
2.47537
2.45111
2.45104
2.46698
2.48856
2.51962
2.56226
2.60218
2.63063
2.65254
2.66177
2.67068
2.67472
2.67981
2.67455
2.66849
2.65729
2.64825
2.6339
2.62148
2.60387
2.58904
2.56975
2.55414
2.5342
2.51801
2.49689
2.47927
2.45645
2.43731
2.41338
2.39362
2.36946
2.34973
2.32575
2.30609
2.28185
2.26193
2.23747
2.21725
2.19279
2.17238
2.14802
2.12755
2.10343
2.08306
2.0594
2.03927
2.0162
1.99634
1.97383
1.95429
1.93226
1.9131
1.89148
1.87282
1.85192
1.83451
1.81669
3.62098
3.33193
3.03867
2.75842
2.50115
2.27286
2.07374
1.90318
1.75763
1.6351
1.53167
1.44582
1.37447
1.31674
1.27081
1.23612
1.21062
1.19629
1.18935
1.18956
1.19068
1.19337
1.19994
1.20537
1.21042
1.21452
1.21796
1.22489
1.23947
1.27095
1.33817
1.47999
1.76571
2.40428
3.1108
3.164
3.12994
3.03278
2.868
2.74084
2.6442
2.57504
2.53094
2.50982
2.51229
2.52571
2.54259
2.56642
2.60307
2.63673
2.66499
2.68317
2.69564
2.69955
2.70485
2.70251
2.69658
2.68335
2.6732
2.65825
2.64701
2.63059
2.61753
2.59875
2.58324
2.56216
2.54479
2.5223
2.50391
2.4806
2.46143
2.43738
2.41743
2.39292
2.37259
2.3479
2.32729
2.30255
2.2818
2.25714
2.23637
2.21187
2.19109
2.16674
2.14593
2.1218
2.10111
2.07736
2.05695
2.03373
2.01367
1.99102
1.9713
1.94913
1.92973
1.90797
1.88903
1.86789
1.85023
1.83173
3.65532
3.39706
3.13375
2.87731
2.63646
2.41681
2.22041
2.04778
1.8972
1.76724
1.65526
1.55969
1.47819
1.40963
1.35238
1.3056
1.26887
1.24072
1.21991
1.2083
1.20273
1.20292
1.20396
1.20646
1.21269
1.21911
1.22596
1.23251
1.24565
1.27276
1.33031
1.45175
1.66955
2.29779
3.37501
3.39228
3.34178
3.20666
3.03582
2.89708
2.78596
2.69921
2.64069
2.60021
2.58017
2.57635
2.57738
2.58823
2.60267
2.62543
2.65284
2.67849
2.69719
2.70652
2.71192
2.71304
2.71378
2.70406
2.69451
2.67827
2.66505
2.64648
2.63192
2.61221
2.59659
2.57572
2.55889
2.53691
2.51882
2.49575
2.47642
2.45249
2.43249
2.40823
2.38787
2.36333
2.34267
2.31796
2.29707
2.27243
2.25146
2.22708
2.20618
2.18205
2.16131
2.13739
2.11682
2.09319
2.0728
2.04956
2.02939
2.00657
1.98667
1.96423
1.94467
1.92265
1.90357
1.88219
1.8644
1.84537
3.6873
3.45211
3.21212
2.9762
2.75092
2.54199
2.35092
2.17984
2.02732
1.89334
1.7755
1.67302
1.58366
1.5066
1.44016
1.38368
1.33622
1.29708
1.26633
1.24261
1.22559
1.21564
1.21218
1.21245
1.21377
1.2169
1.22403
1.23409
1.24882
1.27814
1.33698
1.45966
1.67948
2.24505
3.39022
3.60369
3.57967
3.47684
3.29369
3.11988
2.97588
2.85702
2.76482
2.69896
2.65188
2.6238
2.6096
2.60486
2.60781
2.61607
2.62863
2.6533
2.67444
2.6925
2.70407
2.70627
2.70891
2.70644
2.70109
2.68604
2.67319
2.65528
2.64172
2.62296
2.60798
2.58754
2.57093
2.54912
2.53112
2.50812
2.48892
2.46534
2.44539
2.42145
2.40095
2.37671
2.35589
2.3315
2.31052
2.28611
2.26503
2.24069
2.21962
2.1955
2.17452
2.15071
2.12989
2.10638
2.08583
2.06254
2.0423
2.01927
1.99933
1.97662
1.957
1.93473
1.91559
1.89395
1.87613
1.85659
3.71938
3.50151
3.27986
3.0612
2.8498
2.65114
2.46689
2.29874
2.14692
2.01064
1.88957
1.78185
1.68704
1.60317
1.52996
1.46568
1.41039
1.36258
1.32289
1.28947
1.26406
1.24378
1.23025
1.22286
1.22308
1.22469
1.22923
1.23891
1.25865
1.2962
1.37034
1.51279
1.82355
2.2928
3.05299
3.56389
3.62303
3.59603
3.48832
3.31639
3.15175
3.00962
2.89213
2.80182
2.73331
2.68266
2.64749
2.62815
2.61716
2.61218
2.61815
2.62558
2.64111
2.66176
2.67903
2.69097
2.69601
2.69726
2.69789
2.69128
2.68094
2.66412
2.6503
2.63111
2.61596
2.59599
2.57986
2.5587
2.54094
2.51849
2.49959
2.47636
2.45659
2.43271
2.41226
2.38807
2.36728
2.3431
2.32214
2.29798
2.27688
2.25262
2.23156
2.20733
2.18646
2.1624
2.14163
2.11787
2.09711
2.07375
2.05314
2.03015
2.00999
1.9873
1.96775
1.9454
1.92646
1.90465
1.88695
1.86697
3.75197
3.54855
3.34204
3.13798
2.93931
2.74976
2.57254
2.4081
2.25787
2.12116
1.99773
1.88691
1.78739
1.69888
1.61964
1.54983
1.48758
1.4335
1.38588
1.34538
1.31116
1.28255
1.26189
1.24317
1.24067
1.24157
1.24583
1.25739
1.28271
1.33481
1.43341
1.66056
2.05994
2.36993
2.68462
3.11904
3.47459
3.55956
3.54768
3.47207
3.32526
3.17895
3.03821
2.92428
2.83499
2.7624
2.707
2.66675
2.63973
2.62503
2.61494
2.61321
2.61978
2.62845
2.64575
2.66076
2.67404
2.68117
2.68399
2.68359
2.6813
2.66915
2.65708
2.63808
2.62292
2.60296
2.58693
2.56603
2.54883
2.52717
2.50888
2.48622
2.46676
2.4432
2.42296
2.39892
2.37825
2.35405
2.33316
2.30894
2.28792
2.26369
2.24261
2.2184
2.19743
2.17334
2.15253
2.1287
2.1081
2.08464
2.06436
2.04132
2.02139
1.99875
1.97916
1.95687
1.93774
1.91577
1.89796
1.87734
3.78682
3.59375
3.40079
3.20776
3.02046
2.83954
2.66828
2.50844
2.35982
2.2239
2.0991
1.98628
1.88349
1.79139
1.70757
1.6333
1.56566
1.5065
1.45283
1.40658
1.36564
1.33044
1.30298
1.27661
1.27004
1.27115
1.27695
1.29319
1.33012
1.40393
1.55977
1.92802
2.23933
2.40358
2.53741
2.73315
3.03005
3.32826
3.46609
3.46497
3.42756
3.32461
3.19936
3.07266
2.96105
2.868
2.79142
2.73011
2.68351
2.65053
2.63077
2.6151
2.6072
2.61066
2.61578
2.62467
2.64029
2.65259
2.66253
2.66469
2.66603
2.66369
2.65866
2.64243
2.62859
2.60882
2.59267
2.57202
2.55533
2.53435
2.51663
2.49449
2.47548
2.45228
2.43239
2.40851
2.38805
2.36383
2.34304
2.31875
2.29789
2.27367
2.25293
2.22882
2.20825
2.18438
2.16389
2.14029
2.11981
2.09639
2.07602
2.05276
2.03266
2.00962
1.98986
1.96718
1.94792
1.92585
1.90799
1.88742
3.83033
3.64284
3.45875
3.27662
3.09606
2.92385
2.75753
2.60165
2.45546
2.32013
2.19489
2.08084
1.97519
1.88084
1.79293
1.71546
1.64321
1.58002
1.52157
1.47041
1.42463
1.38356
1.35178
1.31834
1.31476
1.31639
1.32542
1.35136
1.40696
1.5271
1.8276
2.15833
2.34218
2.42807
2.48267
2.55968
2.67975
2.87879
3.14103
3.3384
3.38406
3.37422
3.32507
3.21911
3.11406
2.99965
2.90235
2.82136
2.75337
2.69963
2.66017
2.63264
2.61485
2.60058
2.59454
2.59966
2.60478
2.61527
2.62733
2.63809
2.64446
2.64535
2.64518
2.64014
2.63054
2.61266
2.59669
2.57582
2.55876
2.53762
2.52017
2.49865
2.48053
2.45806
2.4389
2.41546
2.39547
2.37159
2.35122
2.32728
2.30681
2.28284
2.26237
2.2384
2.21787
2.194
2.17345
2.14975
2.12925
2.10573
2.08536
2.06211
2.04206
2.01925
1.99964
1.9773
1.95816
1.93623
1.91841
1.8975
3.88572
3.69777
3.51725
3.34161
3.16968
3.00097
2.84186
2.68843
2.5448
2.41128
2.28523
2.17139
2.06362
1.96722
1.87694
1.79585
1.72118
1.65329
1.59228
1.53608
1.48694
1.44184
1.405
1.37368
1.37322
1.37778
1.39532
1.43932
1.533
1.76843
2.11682
2.32673
2.41471
2.45045
2.46817
2.4895
2.52908
2.60438
2.73131
2.94213
3.1626
3.30289
3.30781
3.29327
3.24074
3.13572
3.04051
2.93776
2.85059
2.77769
2.71643
2.66903
2.63502
2.61163
2.59284
2.58202
2.58068
2.58418
2.58976
2.60113
2.61074
2.61932
2.62102
2.6211
2.61953
2.61179
2.59811
2.57795
2.56081
2.53963
2.52224
2.50095
2.48327
2.4614
2.44292
2.4203
2.40094
2.3778
2.35783
2.33433
2.31401
2.29024
2.26974
2.24588
2.22533
2.20151
2.18097
2.15736
2.13691
2.11366
2.0934
2.07045
2.05043
2.02772
2.00809
1.98576
1.96671
1.9448
1.92717
1.90608
3.95323
3.75883
3.57872
3.40619
3.23875
3.07695
2.91859
2.77239
2.62794
2.49773
2.37155
2.25687
2.14955
2.04987
1.95959
1.87409
1.7986
1.72631
1.66327
1.60322
1.551
1.50425
1.4617
1.4457
1.44679
1.45805
1.49192
1.56751
1.74719
2.10992
2.3466
2.44195
2.46644
2.47478
2.47335
2.46124
2.4667
2.48705
2.53231
2.62001
2.76426
2.97104
3.14523
3.23707
3.23802
3.21799
3.1541
3.06007
2.97316
2.88119
2.80122
2.73486
2.68029
2.63828
2.60844
2.58699
2.56881
2.55984
2.56226
2.56505
2.57115
2.58152
2.59034
2.59528
2.59577
2.59444
2.59078
2.57776
2.56326
2.54271
2.52511
2.50359
2.48579
2.46416
2.44594
2.42393
2.40493
2.38234
2.36261
2.33959
2.31954
2.29626
2.27609
2.25263
2.23238
2.20891
2.18849
2.16511
2.14452
2.12132
2.10092
2.07809
2.05815
2.03569
2.01614
1.99391
1.97484
1.95273
1.93512
1.91352
4.02605
3.81914
3.6409
3.46985
3.30622
3.149
2.99428
2.84884
2.71045
2.57751
2.45615
2.33827
2.23259
2.13085
2.03905
1.95291
1.8733
1.80108
1.7331
1.67277
1.61687
1.56911
1.53226
1.53122
1.5375
1.56385
1.62473
1.76287
2.12756
2.39246
2.50242
2.51896
2.52567
2.51926
2.48709
2.45981
2.4439
2.44478
2.45334
2.47969
2.53457
2.62532
2.76984
2.94947
3.0934
3.16077
3.16026
3.13952
3.07873
2.99122
2.91154
2.8298
2.75591
2.69485
2.64485
2.6063
2.57858
2.55817
2.54373
2.53808
2.5412
2.5447
2.55191
2.55996
2.56754
2.56857
2.56844
2.56568
2.5596
2.54184
2.52566
2.50459
2.48677
2.46524
2.44716
2.42555
2.40706
2.3851
2.36604
2.3436
2.32411
2.30128
2.28147
2.25835
2.23825
2.21513
2.19499
2.17211
2.15208
2.12922
2.10919
2.08627
2.06632
2.04356
2.02393
2.00146
1.98241
1.96025
1.94273
1.92114
4.12854
3.9008
3.70466
3.53658
3.37131
3.21852
3.06796
2.92369
2.78691
2.65728
2.53368
2.4197
2.31
2.21098
2.11529
2.02971
1.94759
1.87353
1.80445
1.74095
1.68726
1.63492
1.62803
1.63014
1.649
1.70395
1.82397
2.14991
2.45352
2.58544
2.60081
2.60714
2.59549
2.54783
2.50494
2.47329
2.45039
2.43488
2.42469
2.42849
2.43887
2.46627
2.52369
2.61335
2.74568
2.90064
3.02324
3.08024
3.07913
3.06019
3.00702
2.92599
2.8526
2.78014
2.71051
2.65402
2.60801
2.57361
2.54922
2.5299
2.51816
2.51607
2.51757
2.52115
2.52866
2.53474
2.53879
2.53877
2.53738
2.53223
2.52228
2.50397
2.48686
2.46528
2.44724
2.42584
2.40782
2.38641
2.36805
2.34618
2.32732
2.30496
2.28571
2.26307
2.24336
2.22039
2.20024
2.17712
2.15695
2.13406
2.11415
2.0916
2.07205
2.04978
2.03064
2.00857
1.98991
1.96793
1.95065
1.92889
4.18472
3.98428
3.77894
3.60266
3.44182
3.28673
3.14089
2.99853
2.86247
2.73374
2.61198
2.49629
2.38886
2.28634
2.19289
2.10275
2.02239
1.94434
1.87586
1.81207
1.75599
1.73032
1.73069
1.74556
1.79669
1.90649
2.198
2.53834
2.69383
2.70935
2.7151
2.69738
2.63628
2.57876
2.53197
2.49515
2.46649
2.44714
2.42647
2.41243
2.40181
2.40558
2.41562
2.44093
2.4932
2.57714
2.69248
2.82986
2.93798
2.99746
2.998
2.98367
2.94057
2.86809
2.799
2.73315
2.66791
2.61427
2.57154
2.53999
2.51715
2.49913
2.48931
2.49021
2.49161
2.49503
2.5015
2.50755
2.50776
2.50713
2.50489
2.49713
2.48362
2.46441
2.44733
2.42628
2.40825
2.38695
2.36871
2.34706
2.32835
2.3061
2.28686
2.26429
2.24485
2.2223
2.20279
2.18037
2.16072
2.13852
2.11889
2.09691
2.0775
2.05563
2.03656
2.01476
1.9962
1.97428
1.95719
1.93515
4.19895
4.08605
3.86716
3.67717
3.51007
3.35759
3.21033
3.07184
2.93757
2.80919
2.68768
2.5734
2.4643
2.36323
2.26695
2.17858
2.09404
2.01811
1.94736
1.88557
1.8443
1.84268
1.85333
1.89605
1.99812
2.25537
2.64034
2.82357
2.84018
2.84543
2.82186
2.74738
2.67844
2.62163
2.57462
2.53466
2.49936
2.46735
2.44219
2.42048
2.39959
2.38316
2.37056
2.3719
2.37954
2.40165
2.44801
2.52659
2.62714
2.75196
2.85031
2.91618
2.91814
2.90765
2.87752
2.81422
2.7468
2.68399
2.6235
2.57308
2.53358
2.50507
2.48341
2.46849
2.4624
2.46353
2.46549
2.46985
2.47416
2.47625
2.47611
2.47439
2.46985
2.45766
2.44332
2.42336
2.40548
2.38437
2.3663
2.34541
2.32746
2.30639
2.28819
2.26655
2.24794
2.22588
2.20688
2.18474
2.16541
2.14339
2.12392
2.1021
2.08266
2.06097
2.04167
2.02001
2.00123
1.97938
1.96229
1.94023
4.19614
4.12869
3.96645
3.7627
3.58621
3.42876
3.28369
3.14334
3.01165
2.88436
2.763
2.64841
2.54025
2.4375
2.34158
2.25117
2.16817
2.08987
2.02342
1.96753
1.96387
1.97069
2.00677
2.10854
2.33854
2.76072
2.97182
2.99002
2.99374
2.9649
2.87842
2.7989
2.73233
2.67717
2.62816
2.5843
2.54268
2.50476
2.4689
2.43766
2.41199
2.38603
2.36274
2.3446
2.33058
2.32977
2.336
2.35487
2.39434
2.46596
2.55363
2.66565
2.75816
2.8297
2.84058
2.83528
2.81293
2.76252
2.6964
2.63438
2.57844
2.53161
2.49499
2.46724
2.44747
2.43589
2.43382
2.43439
2.43627
2.44004
2.4432
2.44312
2.44214
2.43917
2.43341
2.41812
2.40331
2.38357
2.36595
2.34509
2.32709
2.30611
2.28815
2.26694
2.24868
2.22707
2.20834
2.1866
2.16763
2.14595
2.12684
2.10531
2.0862
2.06482
2.04592
2.02451
2.00614
1.98447
1.96769
1.94575
4.16966
4.13765
4.04875
3.84942
3.66504
3.50276
3.3558
3.21739
3.085
2.95958
2.83908
2.72427
2.61518
2.51362
2.41587
2.326
2.24157
2.16916
2.10004
2.09439
2.09685
2.12579
2.21757
2.41362
2.88727
3.13127
3.15264
3.15513
3.12182
3.02503
2.93521
2.86034
2.79725
2.74096
2.68944
2.64044
2.5941
2.54942
2.50751
2.46818
2.4317
2.40082
2.37258
2.34529
2.32001
2.30032
2.28531
2.28209
2.28687
2.30213
2.33396
2.39484
2.47436
2.57275
2.66439
2.73761
2.7651
2.76189
2.74609
2.70819
2.64652
2.58621
2.53116
2.48591
2.45082
2.42638
2.41016
2.40243
2.40285
2.40409
2.40581
2.41067
2.41189
2.41133
2.40928
2.40432
2.39511
2.37857
2.36264
2.34256
2.32497
2.30421
2.28655
2.26575
2.24796
2.22689
2.20863
2.18727
2.16867
2.14737
2.12853
2.10735
2.08837
2.06726
2.0485
2.02743
2.00925
1.98801
1.97142
1.94975
4.11419
4.11238
4.06973
3.95674
3.75853
3.58334
3.43022
3.28981
3.15826
3.03228
2.91319
2.79942
2.6906
2.58779
2.4919
2.40094
2.32207
2.24814
2.22957
2.23028
2.25686
2.3413
2.53337
3.02836
3.29935
3.32912
3.33003
3.2923
3.18511
3.08493
3.00162
2.93071
2.86777
2.80937
2.75375
2.69974
2.64798
2.59831
2.55155
2.50687
2.46514
2.42546
2.38932
2.35771
2.32662
2.29817
2.27268
2.25158
2.23576
2.22914
2.23247
2.24433
2.26934
2.31825
2.39209
2.47892
2.5718
2.64359
2.69128
2.6903
2.67878
2.65184
2.6037
2.54865
2.49612
2.45113
2.41587
2.39154
2.3774
2.37026
2.37054
2.37173
2.37352
2.37796
2.3776
2.37672
2.37398
2.36766
2.35581
2.33853
2.3223
2.30198
2.28443
2.26378
2.24616
2.22554
2.2077
2.18704
2.16881
2.14818
2.12968
2.10904
2.09045
2.06969
2.05122
2.03038
2.0125
1.99144
1.97521
1.95362
3.88382
4.08355
4.06704
4.00546
3.85711
3.6718
3.50971
3.36587
3.2327
3.10723
2.98721
2.87356
2.76518
2.66316
2.56683
2.4814
2.40243
2.37459
2.37353
2.39825
2.48033
2.67963
3.18739
3.48342
3.51814
3.51765
3.47492
3.35666
3.24571
3.15373
3.07601
3.00682
2.94226
2.87987
2.8194
2.76095
2.70498
2.65129
2.60013
2.55093
2.50395
2.45894
2.41646
2.37644
2.34092
2.30899
2.27706
2.24769
2.22134
2.19875
2.18191
2.17217
2.17442
2.18366
2.20294
2.24113
2.30784
2.38635
2.47581
2.54986
2.61125
2.61707
2.61163
2.59277
2.55158
2.49982
2.45159
2.41149
2.38084
2.35855
2.34524
2.33792
2.33803
2.33894
2.34068
2.3431
2.34235
2.34075
2.33679
2.32824
2.31552
2.29744
2.28106
2.26088
2.24347
2.22298
2.20537
2.18514
2.1674
2.1473
2.12935
2.10922
2.09115
2.07096
2.05291
2.03254
2.01495
1.99422
1.97828
1.95703
3.32228
3.97846
4.0449
4.0166
3.94041
3.7673
3.59516
3.44497
3.30988
3.18308
3.06374
2.94966
2.84138
2.7395
2.64795
2.56374
2.52788
2.52515
2.54867
2.63107
2.84027
3.35575
3.68191
3.72061
3.71912
3.66984
3.54004
3.41819
3.31761
3.23293
3.15737
3.08642
3.01767
2.95104
2.88623
2.82384
2.76364
2.70603
2.65043
2.59718
2.54557
2.49646
2.44932
2.40517
2.36344
2.32464
2.28971
2.25595
2.22363
2.19309
2.16637
2.14248
2.12555
2.11378
2.11524
2.12176
2.13609
2.16606
2.22415
2.29741
2.38156
2.46184
2.5269
2.55097
2.54762
2.53133
2.49643
2.45098
2.40968
2.3749
2.34634
2.32553
2.3134
2.30652
2.30639
2.30697
2.308
2.30811
2.30683
2.30445
2.2994
2.28793
2.27463
2.25615
2.23964
2.21967
2.20225
2.18233
2.16494
2.14536
2.1279
2.10842
2.09076
2.07119
2.05358
2.03371
2.01657
1.9962
1.98056
1.95962
2.27455
3.66153
4.00659
4.00359
3.96611
3.87161
3.69442
3.53237
3.39038
3.26078
3.13945
3.02574
2.918
2.82099
2.73182
2.68999
2.68563
2.70847
2.7925
3.00945
3.54724
3.89558
3.93751
3.93325
3.87763
3.73617
3.60324
3.4935
3.40098
3.31861
3.24115
3.16631
3.09343
3.02233
2.95353
2.88713
2.82324
2.76166
2.70212
2.64468
2.58934
2.53648
2.48597
2.43802
2.39227
2.34881
2.30761
2.2693
2.23447
2.19971
2.16741
2.13687
2.11034
2.08596
2.06848
2.05475
2.05459
2.05829
2.06924
2.09399
2.14292
2.21082
2.28984
2.37482
2.44436
2.48511
2.48246
2.4696
2.44194
2.40262
2.36733
2.33665
2.3104
2.292
2.28156
2.27531
2.27486
2.27389
2.27428
2.27221
2.27066
2.26733
2.26085
2.24638
2.23219
2.21387
2.19748
2.17826
2.16128
2.1422
2.12513
2.10625
2.08915
2.07015
2.05321
2.03392
2.01743
1.99763
1.98248
1.96201
1.9221
2.85429
3.80184
3.97567
3.96515
3.918
3.80072
3.62922
3.47657
3.34133
3.21831
3.10352
3.00066
2.9061
2.86029
2.85439
2.87732
2.96565
3.19489
3.76941
4.13343
4.16772
4.15984
4.09488
3.9417
3.79829
3.67964
3.57966
3.49047
3.40672
3.3255
3.24621
3.16867
3.09346
3.02067
2.95039
2.88247
2.81677
2.75337
2.69234
2.63384
2.57779
2.52422
2.4728
2.42376
2.37669
2.33204
2.28953
2.24936
2.21232
2.17713
2.14269
2.11021
2.07961
2.05236
2.02771
2.00956
1.99514
1.99171
1.99435
2.00357
2.02412
2.06474
2.12739
2.20405
2.29267
2.36644
2.4188
2.41807
2.40896
2.39147
2.356
2.32497
2.29724
2.27521
2.25931
2.24945
2.24366
2.24124
2.24063
2.23898
2.23719
2.23479
2.22916
2.21902
2.204
2.18982
2.17226
2.15621
2.13787
2.12132
2.10296
2.08648
2.06805
2.05175
2.03308
2.01719
1.99811
1.98352
1.96388
1.71284
2.08183
3.29577
3.87326
3.95227
3.92973
3.86916
3.72799
3.56651
3.42467
3.29892
3.18883
3.08777
3.03953
3.03213
3.05608
3.15131
3.39701
4.02319
4.39887
4.4175
4.40088
4.32221
4.15593
4.00289
3.87585
3.76893
3.67323
3.58336
3.49602
3.41048
3.32642
3.24452
3.1648
3.08775
3.01307
2.94106
2.87152
2.80473
2.74053
2.67907
2.62003
2.56357
2.50932
2.45743
2.40762
2.35995
2.31426
2.27055
2.22891
2.18941
2.15281
2.11677
2.0824
2.04995
2.01991
1.9928
1.96864
1.95009
1.93532
1.92965
1.93179
1.93965
1.95709
1.99076
2.04889
2.12475
2.21316
2.29331
2.34989
2.35826
2.35351
2.33848
2.30817
2.2816
2.25852
2.23948
2.22503
2.21546
2.20997
2.20738
2.20583
2.20391
2.20169
2.19743
2.1878
2.1775
2.163
2.14905
2.13226
2.11683
2.09921
2.08355
2.06569
2.0501
2.03202
2.01686
1.99848
1.98456
1.96615
1.5891
1.77108
2.24714
3.54689
3.89556
3.91989
3.88975
3.817
3.66194
3.5141
3.38864
3.27798
3.22817
3.21982
3.24628
3.35092
3.62005
4.30869
4.68437
4.68913
4.65524
4.55293
4.38007
4.21867
4.08528
3.97106
3.86843
3.77115
3.67681
3.58416
3.49315
3.40414
3.31749
3.23352
3.15225
3.0739
2.99831
2.92574
2.85591
2.78901
2.72468
2.66304
2.60375
2.54685
2.49209
2.43946
2.38878
2.34018
2.29339
2.24867
2.20594
2.16518
2.12713
2.09074
2.05556
2.02198
1.99031
1.96102
1.93431
1.91093
1.89182
1.87705
1.86919
1.87077
1.87735
1.89206
1.92023
1.97514
2.04972
2.13464
2.2231
2.28238
2.30121
2.29799
2.28634
2.26217
2.24067
2.22098
2.20403
2.19089
2.18239
2.17727
2.17453
2.17219
2.16992
2.16532
2.15909
2.14884
2.13831
2.12393
2.11048
2.09413
2.07948
2.0625
2.04775
2.03043
2.01608
1.99877
1.98538
1.96949
1.51613
1.64281
1.89024
2.73327
3.66105
3.88191
3.87876
3.84994
3.76938
3.62305
3.48761
3.42737
3.41763
3.44798
3.56772
3.86781
4.62437
4.98077
4.98294
4.92938
4.79027
4.60815
4.44446
4.30482
4.18528
4.07513
3.97074
3.8686
3.76848
3.67011
3.57382
3.48006
3.38896
3.30085
3.21573
3.13379
3.05497
2.97926
2.90656
2.83671
2.7696
2.70506
2.64297
2.58327
2.52579
2.47059
2.41739
2.36638
2.31721
2.27013
2.22492
2.18164
2.1404
2.10116
2.06421
2.02822
1.99371
1.961
1.93028
1.90203
1.87566
1.85293
1.8332
1.81852
1.80888
1.81008
1.81587
1.82848
1.85359
1.90781
1.9799
2.06386
2.15736
2.21861
2.24472
2.24287
2.23514
2.22025
2.2021
2.18398
2.16912
2.15798
2.15038
2.14544
2.14219
2.13898
2.13532
2.1292
2.12222
2.11165
2.101
2.08693
2.07401
2.05818
2.04471
2.02846
2.01511
1.99989
1.98707
1.97701
1.46252
1.54578
1.68782
2.01548
3.09471
3.73687
3.86187
3.85207
3.82127
3.73442
3.65202
3.63851
3.67142
3.81684
4.18363
4.96802
5.29708
5.2897
5.21901
5.03676
4.84301
4.67536
4.53622
4.41165
4.29612
4.1828
4.07244
3.96339
3.85712
3.75312
3.65202
3.55374
3.45859
3.36663
3.27807
3.19283
3.11091
3.03214
2.95636
2.88345
2.81329
2.74578
2.68089
2.61847
2.55854
2.50089
2.44553
2.39226
2.34111
2.29187
2.24467
2.19925
2.15577
2.11413
2.07427
2.03676
2.00027
1.96513
1.93171
1.90001
1.87021
1.84263
1.81685
1.79469
1.7752
1.76076
1.75071
1.75182
1.75725
1.76894
1.79309
1.84428
1.91399
1.99906
2.09463
2.1584
2.18875
2.19235
2.18855
2.17882
2.16341
2.14758
2.13534
2.12546
2.11828
2.11294
2.10909
2.10487
2.10044
2.09362
2.08637
2.07577
2.06561
2.05219
2.0406
2.02677
2.0148
2.0043
1.99611
1.98989
1.43427
1.47942
1.57125
1.73212
2.14016
3.34398
3.7768
3.85892
3.85609
3.84924
3.85252
3.9085
4.11207
4.58509
5.34705
5.62308
5.6062
5.52065
5.30578
5.09075
4.91704
4.77321
4.64695
4.5249
4.40613
4.28715
4.17086
4.05578
3.94379
3.83411
3.72774
3.62462
3.52518
3.42941
3.33728
3.24869
3.1634
3.08131
3.00229
2.92621
2.85313
2.78284
2.71542
2.65065
2.58843
2.52867
2.47115
2.41589
2.36272
2.31157
2.26244
2.21515
2.16976
2.12617
2.08432
2.04425
2.00618
1.96942
1.93401
1.90025
1.86821
1.83791
1.80929
1.78304
1.7584
1.73716
1.71845
1.70454
1.69463
1.69569
1.70092
1.71234
1.73722
1.78552
1.85327
1.93926
2.03382
2.10232
2.13441
2.1452
2.14301
2.13661
2.12637
2.11315
2.10229
2.09292
2.0862
2.08052
2.07636
2.07158
2.06705
2.06031
2.05355
2.04458
2.03613
2.02664
2.0217
2.01504
2.01169
2.01176
1.41947
1.4416
1.50046
1.60573
1.80974
2.42859
3.48268
3.80963
3.90704
3.98042
4.12624
4.44052
5.10154
5.79595
5.96016
5.92934
5.82404
5.5702
5.34623
5.16603
5.02121
4.89119
4.76666
4.63979
4.51323
4.38587
4.26182
4.13971
4.02189
3.90717
3.79668
3.68982
3.58679
3.4874
3.39154
3.29912
3.21011
3.12439
3.042
2.96289
2.88703
2.81432
2.74457
2.67769
2.61346
2.55185
2.49262
2.43571
2.381
2.32833
2.27772
2.22892
2.18201
2.13682
2.09331
2.05158
2.0114
1.97322
1.93634
1.90094
1.8673
1.83515
1.80464
1.77593
1.74872
1.72376
1.70053
1.68008
1.66235
1.6492
1.63985
1.64087
1.64596
1.65807
1.68178
1.7287
1.79833
1.8842
1.97702
2.05071
2.08314
2.09914
2.09966
2.09727
2.09178
2.08054
2.07069
2.06194
2.05619
2.05076
2.04682
2.04295
2.04011
2.0359
2.03541
2.0345
2.03434
2.03492
2.04053
2.05798
1.41036
1.42225
1.4556
1.51856
1.65203
1.90884
2.76774
3.60697
3.92678
4.2188
4.703
5.63658
6.32423
6.34618
6.29231
6.12743
5.83955
5.60552
5.42783
5.27931
5.14588
5.01268
4.87975
4.7437
4.60949
4.47535
4.34529
4.21721
4.09407
3.97405
3.85887
3.74726
3.64005
3.53654
3.43694
3.34099
3.24865
3.15994
3.07486
2.99327
2.91512
2.84019
2.76837
2.69947
2.63334
2.56987
2.50889
2.45033
2.39406
2.3399
2.28785
2.23766
2.18936
2.14282
2.09797
2.05487
2.0134
1.97359
1.93569
1.89906
1.86417
1.83078
1.79895
1.76879
1.74001
1.71303
1.68753
1.66395
1.64228
1.62289
1.60628
1.59409
1.58617
1.58728
1.59255
1.60605
1.63009
1.67735
1.74803
1.8338
1.92598
2.00151
2.03692
2.05666
2.06248
2.06115
2.05747
2.05028
2.04258
2.03638
2.03178
2.03185
2.03326
2.03597
2.04327
2.04958
2.06057
2.07694
2.09826
2.15667
1.40501
1.41314
1.42806
1.46927
1.54658
1.70527
2.03808
3.10505
3.84712
4.76004
6.11582
6.79836
6.78793
6.65814
6.36181
6.08297
5.85978
5.67783
5.53228
5.39499
5.25754
5.11542
4.97291
4.82815
4.68632
4.54547
4.40966
4.27642
4.14879
4.02456
3.90565
3.7904
3.67979
3.57283
3.47
3.37079
3.27557
3.18402
3.09636
3.01236
2.93202
2.85513
2.78153
2.71106
2.6435
2.57871
2.51653
2.45678
2.39938
2.34408
2.29086
2.23952
2.19001
2.1423
2.09628
2.05204
2.00949
1.96865
1.92966
1.89228
1.85656
1.82255
1.78993
1.7591
1.72947
1.70152
1.6749
1.64977
1.62615
1.60419
1.58406
1.56597
1.55051
1.53933
1.53368
1.53457
1.53994
1.55418
1.58002
1.62959
1.7019
1.78795
1.88158
1.95643
1.99654
2.01892
2.02956
2.03029
2.02965
2.02837
2.02917
2.03232
2.03903
2.04839
2.06607
2.08809
2.11977
2.16758
2.21862
2.3578
1.40314
1.40705
1.41731
1.43935
1.49197
1.59867
1.81373
2.30992
3.52001
6.12386
7.17721
7.15777
6.95646
6.56218
6.27933
6.07462
5.90659
5.75986
5.61738
5.46878
5.31698
5.16123
5.00826
4.85688
4.7119
4.56937
4.43296
4.29854
4.16989
4.04364
3.92282
3.80479
3.69156
3.58138
3.47561
3.37333
3.27549
3.18159
3.09214
3.00672
2.9254
2.84784
2.77381
2.70311
2.63537
2.57046
2.50807
2.44801
2.39011
2.33417
2.28014
2.22793
2.17746
2.12889
2.08206
2.03717
1.99416
1.95298
1.91379
1.87631
1.8406
1.80656
1.77396
1.74295
1.71322
1.68485
1.65787
1.63196
1.60759
1.58437
1.56251
1.5423
1.52379
1.50714
1.4935
1.48271
1.48122
1.48238
1.48806
1.5034
1.53381
1.58716
1.66182
1.74873
1.84407
1.92109
1.9654
1.99209
2.00923
2.01886
2.03204
2.04436
2.06444
2.08926
2.12989
2.1806
2.25206
2.36041
2.45018
2.68635
1.40205
1.40554
1.41193
1.43121
1.46906
1.56452
1.75793
2.17827
3.41113
6.67588
6.75115
6.66251
6.37449
6.15827
6.01402
5.89014
5.77514
5.64754
5.51024
5.36279
5.21317
5.06329
4.92035
4.7805
4.6456
4.51076
4.37921
4.24747
4.12001
3.99364
3.8725
3.75344
3.63973
3.52885
3.42328
3.32132
3.22468
3.13214
3.04461
2.96116
2.88203
2.80659
2.7346
2.66576
2.59961
2.53597
2.47446
2.41493
2.35725
2.3013
2.24717
2.19486
2.14447
2.09611
2.04981
2.00556
1.96341
1.92315
1.88482
1.84819
1.81315
1.77969
1.74749
1.71668
1.6871
1.65863
1.63152
1.60536
1.58055
1.55691
1.53428
1.51331
1.49339
1.47497
1.45873
1.44406
1.433
1.42472
1.42546
1.42927
1.43786
1.45574
1.49074
1.5508
1.63052
1.72255
1.82213
1.90603
1.96078
2.0036
2.0448
2.08213
2.1348
2.19378
2.27634
2.39248
2.51895
2.6778
2.78704
2.92588
1.40197
1.40426
1.41151
1.42582
1.46513
1.54727
1.73384
2.11628
3.35998
6.48891
6.23736
5.97676
5.8709
5.79077
5.7011
5.59798
5.48842
5.36966
5.24698
5.11806
4.98825
4.85582
4.72414
4.59124
4.46095
4.32893
4.19949
4.07013
3.94545
3.82236
3.70534
3.59089
3.48315
3.37863
3.28075
3.18629
3.09775
3.01246
2.93202
2.85459
2.78102
2.71025
2.64254
2.57739
2.51476
2.45441
2.3963
2.34021
2.28629
2.23423
2.18429
2.13616
2.08998
2.04552
2.00277
1.96154
1.92181
1.8834
1.84626
1.81041
1.77563
1.74224
1.70986
1.67887
1.64902
1.62049
1.59317
1.56718
1.54232
1.51895
1.49661
1.47572
1.45628
1.43775
1.42145
1.40606
1.39302
1.38202
1.37403
1.3728
1.37528
1.38195
1.39519
1.41838
1.46894
1.53532
1.63035
1.73588
1.86173
1.97405
2.07899
2.17731
2.28509
2.41257
2.54334
2.67399
2.77411
2.84704
2.87372
2.88655
1.40179
1.40426
1.41066
1.42573
1.4622
1.54516
1.72587
2.10116
3.37406
6.44823
6.08943
5.83619
5.72885
5.63167
5.52381
5.41336
5.30688
5.19341
5.07367
4.9441
4.81127
4.67315
4.53521
4.39523
4.25754
4.12211
3.99273
3.8666
3.74733
3.63161
3.52312
3.41824
3.32038
3.22586
3.13763
3.05217
2.97197
2.89397
2.82016
2.7482
2.67955
2.61264
2.54843
2.48602
2.42592
2.36774
2.31166
2.25755
2.20543
2.15526
2.10693
2.06054
2.01578
1.97289
1.93148
1.89176
1.85347
1.81665
1.7812
1.74709
1.71427
1.68272
1.65243
1.62335
1.59556
1.56892
1.54357
1.51941
1.49641
1.4747
1.45407
1.43461
1.41642
1.39918
1.38336
1.36847
1.3554
1.34318
1.33364
1.32544
1.32524
1.3273
1.33338
1.34545
1.36821
1.41318
1.4847
1.59195
1.73844
1.92219
2.12727
2.33997
2.52838
2.67354
2.76936
2.81125
2.80951
2.80094
2.78448
2.76819
)
;

boundaryField
{
    inlet
    {
        type            calculated;
        value           uniform 1.40001;
    }
    outlet
    {
        type            calculated;
        value           nonuniform List<scalar> 
40
(
1.39345
1.55959
1.62957
1.69473
1.74219
1.7754
1.79651
1.81234
1.82736
1.84098
1.85219
1.86257
1.87293
1.88301
1.89308
1.90167
1.90912
1.91675
1.9245
1.93078
1.93587
1.9414
1.94542
1.9493
1.95272
1.95533
1.95771
1.95957
1.9618
1.96499
1.9721
1.98464
2.00567
2.04965
2.14425
2.3378
2.66116
2.91135
2.88099
2.76412
)
;
    }
    top
    {
        type            symmetryPlane;
    }
    bottom
    {
        type            symmetryPlane;
    }
    obstacle
    {
        type            calculated;
        value           nonuniform List<scalar> 
110
(
5.96594
5.96701
5.95525
5.93514
5.90269
5.85738
5.78943
5.68741
5.52065
5.25189
1.89877
1.03966
0.722963
0.645277
0.645159
0.677524
0.765767
0.839383
0.863085
0.862715
0.859551
0.857124
0.857095
0.8581
0.861559
0.865669
0.867807
0.867747
0.867273
0.866829
0.866651
0.86704
0.868899
0.873737
0.885022
0.910155
0.965076
1.08598
1.36211
1.6337
1.64643
1.63496
1.59099
1.57992
1.59143
1.60971
1.63477
1.67303
1.72272
1.78515
1.85027
1.90825
1.95766
1.99653
2.03471
2.06024
2.07811
2.08782
2.09589
2.09775
2.0997
2.09373
2.0905
2.08125
2.07578
2.06417
2.05616
2.0426
2.03267
2.0179
2.00667
1.99122
1.97916
1.96304
1.95019
1.93331
1.91962
1.9021
1.88767
1.86976
1.8548
1.83669
1.82136
1.80319
1.78763
1.76949
1.75385
1.73574
1.72018
1.70207
1.68668
1.66854
1.65336
1.63516
1.62023
1.602
1.58739
1.56917
1.55493
1.53678
1.5229
1.50497
1.49138
1.47387
1.46047
1.4439
1.43107
1.41607
1.4052
1.39684
)
;
    }
    frontAndBack
    {
        type            empty;
    }
}


// ************************************************************************* //
