/*--------------------------------*- C++ -*----------------------------------*\
  =========                 |
  \\      /  F ield         | OpenFOAM: The Open Source CFD Toolbox
   \\    /   O peration     | Website:  https://openfoam.org
    \\  /    A nd           | Version:  13
     \\/     M anipulation  |
\*---------------------------------------------------------------------------*/
FoamFile
{
    format      ascii;
    class       volScalarField;
    location    "8.5";
    object      Ma;
}
// * * * * * * * * * * * * * * * * * * * * * * * * * * * * * * * * * * * * * //

dimensions      [];

internalField   nonuniform List<scalar> 
5250
(
2.99999
2.99996
2.99987
2.9997
2.99917
2.9981
2.99498
2.98821
2.96988
2.92702
2.81642
2.5476
1.95657
0.982463
0.405221
0.328479
0.343137
0.337805
0.304664
0.252124
0.203008
0.161971
0.120886
0.0754861
0.0418592
2.99999
2.99996
2.99989
2.99967
2.99926
2.99795
2.99535
2.98775
2.97115
2.92651
2.8198
2.55171
1.96596
0.994688
0.413038
0.329707
0.344675
0.33991
0.307208
0.255583
0.207688
0.168044
0.129189
0.0890371
0.0650948
2.99999
2.99996
2.99989
2.99969
2.99923
2.99809
2.99525
2.98849
2.97096
2.92949
2.82269
2.56271
1.98626
1.02173
0.430877
0.333222
0.349235
0.346173
0.314841
0.265573
0.220615
0.18442
0.15065
0.119094
0.103532
2.99999
2.99996
2.99989
2.99969
2.9993
2.99809
2.99562
2.98852
2.97275
2.93101
2.83027
2.57744
2.01801
1.0646
0.458063
0.33815
0.356405
0.356348
0.327135
0.281343
0.24027
0.208637
0.1806
0.156331
0.145479
3
2.99996
2.9999
2.99971
2.99933
2.99818
2.99584
2.98909
2.97414
2.93445
2.83895
2.59825
2.06099
1.12459
0.494471
0.344292
0.366055
0.370145
0.343547
0.301807
0.265146
0.238243
0.215784
0.197315
0.189735
3
2.99997
2.99991
2.99973
2.99938
2.99831
2.9961
2.98986
2.97576
2.93897
2.84959
2.62475
2.11601
1.2046
0.540957
0.352395
0.378597
0.387828
0.364125
0.326857
0.294878
0.273012
0.256075
0.243217
0.239039
3
2.99997
2.99991
2.99976
2.9994
2.99852
2.99626
2.99106
2.97712
2.94522
2.8613
2.65743
2.18347
1.30803
0.598016
0.364079
0.395374
0.410124
0.389163
0.356493
0.329332
0.312773
0.301888
0.295402
0.296586
3
2.99997
2.99992
2.99978
2.99948
2.99863
2.99674
2.9918
2.97992
2.9504
2.87679
2.69339
2.26365
1.43804
0.66635
0.383938
0.419351
0.438511
0.419606
0.391362
0.368968
0.358096
0.354237
0.356458
0.368052
3
2.99998
2.99994
2.9998
2.99956
2.99875
2.99728
2.9925
2.98305
2.95563
2.89375
2.73173
2.35377
1.59518
0.747222
0.418783
0.454574
0.474337
0.457036
0.432602
0.414844
0.409505
0.414007
0.430259
0.464184
3
2.99998
2.99994
2.99984
2.9996
2.99895
2.99757
2.99358
2.9853
2.96149
2.90884
2.76887
2.44142
1.75877
0.83525
0.462623
0.496772
0.513019
0.499776
0.479497
0.466673
0.466897
0.484156
0.527077
0.627853
3
2.99999
2.99995
2.99987
2.99963
2.99915
2.99771
2.99483
2.98613
2.96817
2.91763
2.80013
2.50503
1.87958
0.927295
0.511745
0.526415
0.540702
0.539473
0.526743
0.520388
0.529139
0.564101
0.643607
0.802163
3
2.99999
2.99996
2.99988
2.99969
2.99925
2.99803
2.99547
2.98797
2.9723
2.92813
2.82628
2.56581
2.0002
1.06389
0.586332
0.54575
0.562282
0.571188
0.569189
0.571928
0.591216
0.640495
0.736656
0.892994
3
2.99999
2.99996
2.9999
2.99974
2.99933
2.99841
2.99583
2.99039
2.9748
2.94066
2.84865
2.62841
2.12375
1.23243
0.675318
0.562291
0.580035
0.597411
0.606295
0.618874
0.647894
0.703363
0.794943
0.923279
3
3
2.99997
2.99992
2.99977
2.99948
2.99855
2.99682
2.99126
2.98034
2.94832
2.87632
2.68774
2.25645
1.43566
0.781775
0.588589
0.603775
0.624281
0.641287
0.661038
0.695324
0.75084
0.832126
0.93825
3
3
2.99998
2.99994
2.99982
2.99957
2.99885
2.99739
2.99299
2.9841
2.95828
2.90105
2.74961
2.3979
1.6827
0.908472
0.638155
0.641613
0.658212
0.678602
0.700643
0.735328
0.787666
0.859612
0.950975
3.00001
3
2.99999
2.99995
2.99987
2.99963
2.99916
2.99771
2.99495
2.98627
2.96888
2.91924
2.80546
2.52045
1.91987
1.04984
0.70098
0.683858
0.697842
0.717736
0.73919
0.771679
0.819232
0.882848
0.962328
3.00001
3
2.99999
2.99996
2.9999
2.9997
2.99934
2.99817
2.9959
2.98916
2.97473
2.93565
2.84351
2.61128
2.09755
1.22777
0.782917
0.716754
0.730356
0.749861
0.773656
0.804791
0.847911
0.904074
0.973152
3.00001
3
2.99999
2.99997
2.99991
2.99979
2.99944
2.99864
2.99665
2.99166
2.9799
2.9495
2.87696
2.69273
2.2697
1.47114
0.900116
0.750826
0.7581
0.777116
0.803233
0.833993
0.873732
0.923764
0.983912
3.00001
3
3
2.99998
2.99994
2.99982
2.9996
2.99892
2.99752
2.99358
2.98482
2.9619
2.90732
2.7697
2.44413
1.77582
1.04722
0.804692
0.793197
0.807386
0.832769
0.862685
0.898442
0.942693
0.99529
3.00001
3
3
2.99999
2.99996
2.99987
2.9997
2.99918
2.99816
2.99516
2.98872
2.97138
2.93121
2.82855
2.58273
2.04417
1.22056
0.874867
0.83115
0.841252
0.862912
0.891355
0.923098
0.961534
1.00728
3.00001
3.00001
3
2.99999
2.99997
2.99991
2.99977
2.9994
2.99861
2.99634
2.99171
2.97807
2.94931
2.87037
2.68538
2.25307
1.4677
0.983197
0.868514
0.871556
0.889563
0.916686
0.945954
0.980212
1.01997
3.00001
3.00001
3
3
2.99998
2.99994
2.99983
2.99957
2.99898
2.99736
2.99393
2.98414
2.96329
2.90622
2.77346
2.45004
1.79343
1.13198
0.921899
0.905109
0.916844
0.940214
0.968306
0.99859
1.03365
3.00001
3.00001
3
3
2.99999
2.99996
2.99988
2.99971
2.99924
2.99819
2.99554
2.98902
2.97353
2.93429
2.84009
2.60868
2.10172
1.32634
0.996646
0.940833
0.946777
0.964901
0.990369
1.01771
1.04792
3.00001
3.00001
3.00001
3
2.99999
2.99997
2.99991
2.9998
2.99945
2.99876
2.99672
2.99243
2.98071
2.95398
2.88535
2.71969
2.33352
1.60468
1.11491
0.982392
0.976296
0.987265
1.0096
1.03626
1.06351
3.00001
3.00001
3.00001
3
3
2.99998
2.99995
2.99986
2.99963
2.99914
2.99775
2.99493
2.98658
2.96958
2.92192
2.81411
2.54802
1.98643
1.28791
1.04362
1.00996
1.01439
1.03169
1.05549
1.07904
3.00001
3.00001
3.00001
3.00001
3
2.99999
2.99997
2.9999
2.99977
2.99936
2.99856
2.99621
2.99127
2.97781
2.94715
2.86871
2.68092
2.25279
1.51155
1.12465
1.04191
1.0398
1.05201
1.07227
1.09212
3.00001
3.00001
3.00001
3.00001
3
3
2.99998
2.99994
2.99983
2.9996
2.99894
2.99761
2.99364
2.98573
2.96279
2.9129
2.78169
2.48093
1.85798
1.27162
1.08928
1.06695
1.07277
1.08692
1.10204
3.00001
3.00001
3.00001
3.00001
3
3
2.99999
2.99996
2.9999
2.99971
2.99936
2.99823
2.99617
2.98968
2.97671
2.94029
2.85808
2.65153
2.19595
1.48522
1.16636
1.09959
1.09383
1.09891
1.10509
3.00001
3.00001
3.00001
3.00001
3.00001
3
3
2.99998
2.99993
2.99982
2.99954
2.99893
2.99721
2.99368
2.98348
2.9621
2.90375
2.7695
2.44683
1.81169
1.29598
1.13879
1.11268
1.10686
1.09976
3.00001
3.00001
3.00001
3.00001
3.00001
3
3
2.99999
2.99996
2.99988
2.99972
2.99927
2.99828
2.99572
2.98969
2.97502
2.93884
2.8518
2.64124
2.17466
1.49723
1.20637
1.13488
1.10857
1.08455
3.00001
3.00001
3.00001
3.00001
3.00001
3.00001
3
2.99999
2.99998
2.99992
2.99982
2.99953
2.99888
2.99723
2.99326
2.9838
2.95997
2.90398
2.76395
2.442
1.81201
1.32024
1.15304
1.09603
1.04776
3.00001
3.00001
3.00001
3.00001
3.00001
3.00001
3
3
2.99999
2.99996
2.99988
2.9997
2.99928
2.99817
2.99581
2.98912
2.97528
2.93671
2.85097
2.6356
2.16881
1.49893
1.18688
1.06901
0.985475
3.00001
3.00001
3.00001
3.00001
3.00001
3.00001
3.00001
3
2.99999
2.99997
2.99993
2.9998
2.99954
2.99876
2.99728
2.99265
2.9837
2.95764
2.90098
2.75407
2.42272
1.78362
1.24424
1.01073
0.889998
3.00001
3.00001
3.00001
3.00001
3.00001
3.00001
3.00001
3
3
2.99999
2.99995
2.99987
2.99966
2.99919
2.99799
2.99507
2.98823
2.97048
2.92989
2.82564
2.58177
2.05545
1.31589
0.911183
0.765251
3.00001
3.00001
3.00001
3.00001
3.00001
3.00001
3.00001
3.00001
3
2.99999
2.99996
2.99991
2.99973
2.99941
2.99836
2.99642
2.99028
2.97791
2.94284
2.86271
2.65775
2.20015
1.40342
0.789632
0.610624
3.00001
3.00001
3.00001
3.00001
3.00001
3.00001
3.00001
3.00001
3
2.99999
2.99997
2.99992
2.99979
2.99949
2.99866
2.99695
2.99182
2.98131
2.95096
2.8825
2.70228
2.28739
1.50087
0.687059
0.448125
3.00001
3.00001
3.00001
3.00001
3.00001
3.00001
3.00001
3.00001
3
2.99999
2.99998
2.99993
2.99982
2.99953
2.99883
2.99713
2.99275
2.98255
2.95544
2.89111
2.724
2.32894
1.54512
0.622108
0.31169
3.00001
3.00001
3.00001
3.00001
3.00001
3.00001
3.00001
3.00001
3
3
2.99998
2.99994
2.99982
2.99959
2.99883
2.99742
2.99292
2.9837
2.95739
2.89663
2.73687
2.35684
1.58363
0.614728
0.244986
3.00001
3.00001
3.00001
3.00001
3.00001
3.00001
3.00001
3.00001
3
3
2.99998
2.99993
2.99984
2.99956
2.99897
2.99731
2.99353
2.98369
2.95973
2.89929
2.74727
2.3795
1.62393
0.636509
0.235262
3.00001
3.00001
3.00001
3.00001
3.00001
3.00001
3.00001
3.00001
3
3
2.99998
2.99994
2.99984
2.99959
2.99897
2.99747
2.99353
2.98454
2.96021
2.90322
2.75405
2.39814
1.65763
0.664372
0.245508
3.00001
3.00001
3.00001
3.00001
3.00001
3.00001
3.00001
3.00001
3
3
2.99998
2.99995
2.99983
2.99962
2.99895
2.9976
2.99362
2.98497
2.96135
2.90567
2.76109
2.41427
1.68836
0.693398
0.26075
3.00001
3.00001
3.00001
3.00001
3.00001
3.00001
3.00001
3.00001
3
3
2.99998
2.99995
2.99984
2.99963
2.99898
2.99764
2.99382
2.9852
2.96251
2.90772
2.76759
2.4291
1.717
0.721506
0.276838
3.00001
3.00001
3.00001
3.00001
3.00001
3.00001
3.00001
3.00001
3
3
2.99998
2.99995
2.99984
2.99963
2.99899
2.99772
2.99378
2.98592
2.96258
2.91088
2.77214
2.44325
1.7433
0.747936
0.292986
3.00001
3.00001
3.00001
3.00001
3.00001
3.00001
3.00001
3.00001
3
3
2.99998
2.99994
2.99985
2.99963
2.99904
2.9977
2.99402
2.986
2.96354
2.91251
2.77726
2.45522
1.76721
0.772531
0.309101
3.00001
3.00001
3.00001
3.00001
3.00001
3.00001
3.00001
3.00001
3
3
2.99998
2.99995
2.99985
2.99963
2.99908
2.99764
2.99441
2.98547
2.96564
2.91195
2.78365
2.4643
1.7886
0.794588
0.32399
3.00001
3.00001
3.00001
3.00001
3.00001
3.00001
3.00001
3.00001
3
3
2.99998
2.99995
2.99986
2.99962
2.99911
2.99763
2.99456
2.98555
2.96636
2.9131
2.78743
2.47288
1.80723
0.813456
0.336797
3.00001
3.00001
3.00001
3.00001
3.00001
3.00001
3.00001
3.00001
3
3
2.99998
2.99995
2.99985
2.99966
2.99903
2.99787
2.99416
2.98667
2.96517
2.91643
2.78817
2.48103
1.82288
0.828563
0.347019
3.00001
3.00001
3.00001
3.00001
3.00001
3.00001
3.00001
3.00001
3
3
2.99998
2.99995
2.99986
2.99964
2.99908
2.99781
2.99432
2.9867
2.96549
2.91741
2.79027
2.48643
1.83503
0.840175
0.354996
3.00001
3.00001
3.00001
3.00001
3.00001
3.00001
3.00001
3.00001
3
3
2.99999
2.99994
2.99987
2.99962
2.99914
2.9977
2.99464
2.98619
2.96682
2.91642
2.79332
2.48909
1.84328
0.847933
0.360616
3.00001
3.00001
3.00001
3.00001
3.00001
3.00001
3.00001
3.00001
3
3
2.99998
2.99995
2.99985
2.99966
2.99908
2.99783
2.99445
2.98654
2.96649
2.91722
2.79352
2.49091
1.84726
0.851199
0.363294
0.978456
0.780414
0.264049
0.243589
0.315486
0.402578
0.436344
0.46728
0.508551
0.548621
0.581589
0.61059
0.640972
0.667713
0.682252
0.685659
0.682813
0.671078
0.648859
0.618159
0.581867
0.542925
0.503284
0.464238
0.426665
0.390621
0.355996
0.322504
0.289973
0.258102
0.226588
0.195092
0.164214
0.134184
0.105104
0.0768081
0.0493668
0.0246833
0.0168652
0.0395879
0.0642113
0.0890889
0.113419
0.136736
0.158707
0.180133
0.20263
0.225083
0.246678
0.267538
0.287931
0.307901
0.327443
0.346695
0.365522
0.384056
0.402237
0.420119
0.437695
0.455037
0.472032
0.488866
0.505366
0.521773
0.537782
0.553805
0.56941
0.585029
0.600316
0.61554
0.630522
0.645411
0.660062
0.674657
0.688977
0.703268
0.717275
0.731252
0.744945
0.758628
0.771986
0.785415
0.798415
0.811611
0.824256
0.837192
0.849525
0.862121
0.874196
0.886376
0.898157
0.909868
0.921208
0.93232
0.942952
0.953102
0.96234
0.970479
0.976565
0.980936
0.961285
0.841515
0.57465
0.42155
0.283666
0.148174
0.0655047
0.161325
0.24422
0.301804
0.340208
0.370399
0.401347
0.432492
0.450729
0.452298
0.444979
0.430591
0.405815
0.373079
0.336061
0.297995
0.260031
0.223439
0.188915
0.156049
0.124855
0.0954113
0.0681907
0.0456219
0.0353834
0.0463512
0.0673779
0.0910806
0.115646
0.140023
0.163987
0.187249
0.209569
0.231184
0.252589
0.273954
0.294978
0.315672
0.335285
0.354305
0.373675
0.393701
0.41295
0.431659
0.4498
0.46769
0.48517
0.502452
0.519276
0.535979
0.552241
0.568416
0.584137
0.599853
0.615054
0.630338
0.645109
0.659951
0.674385
0.688811
0.702954
0.717032
0.730884
0.74467
0.758233
0.771744
0.785037
0.79826
0.8113
0.824232
0.837014
0.849672
0.862175
0.874597
0.886799
0.899013
0.910914
0.922909
0.934543
0.946263
0.957672
0.969062
0.980284
0.991322
1.00235
1.01305
1.02377
1.03399
1.04408
1.05339
1.06218
1.06961
1.07542
1.07915
0.976057
0.944409
0.836528
0.742163
0.633817
0.517114
0.398288
0.295922
0.205774
0.126264
0.0618918
0.0790639
0.121937
0.163846
0.191881
0.191114
0.165888
0.150763
0.127994
0.102196
0.079988
0.0659055
0.0652016
0.0777092
0.0965287
0.118455
0.14162
0.165314
0.188896
0.212372
0.235134
0.257233
0.278755
0.300364
0.321469
0.342376
0.362627
0.382475
0.401533
0.420243
0.438524
0.456711
0.474603
0.492269
0.509209
0.525257
0.541579
0.558458
0.575262
0.591341
0.607039
0.622421
0.637626
0.652554
0.667264
0.68177
0.696028
0.710131
0.724015
0.737699
0.751274
0.764546
0.777847
0.79076
0.803791
0.816408
0.829177
0.841544
0.854069
0.866212
0.878515
0.890447
0.90254
0.914278
0.926156
0.937716
0.949357
0.960757
0.972127
0.98339
0.994479
1.00561
1.01643
1.0274
1.03802
1.04878
1.0593
1.06993
1.08041
1.09086
1.10117
1.11132
1.12128
1.131
1.14037
1.14931
1.1575
1.16476
1.17022
1.1739
1.00457
1.01923
0.984829
0.932258
0.863106
0.781632
0.695371
0.609206
0.527457
0.446974
0.372795
0.304824
0.247472
0.198499
0.160351
0.139566
0.147719
0.171126
0.195507
0.227063
0.256461
0.281054
0.30238
0.322155
0.341243
0.360126
0.378916
0.397696
0.416326
0.434752
0.452718
0.470206
0.487336
0.504254
0.52093
0.537314
0.553373
0.56902
0.584315
0.599231
0.61393
0.628532
0.642928
0.657364
0.671095
0.684295
0.69731
0.711145
0.725122
0.738762
0.751804
0.764859
0.777503
0.790304
0.802673
0.815197
0.827314
0.839553
0.851447
0.863433
0.875115
0.88689
0.898358
0.909959
0.921213
0.932649
0.943704
0.954988
0.965881
0.977019
0.987765
0.998749
1.00934
1.02016
1.03058
1.04127
1.0515
1.06207
1.0721
1.08255
1.09238
1.10268
1.11236
1.12253
1.13226
1.14234
1.15209
1.16191
1.17155
1.18107
1.19054
1.19975
1.20895
1.21775
1.22646
1.23452
1.24224
1.24877
1.25405
1.25707
1.02379
1.06334
1.0668
1.04565
1.00909
0.95774
0.899812
0.837524
0.7749
0.709726
0.643119
0.582038
0.528457
0.485082
0.453617
0.439495
0.443531
0.460981
0.481459
0.503382
0.525076
0.54235
0.556278
0.568569
0.580237
0.591995
0.603828
0.616009
0.628218
0.640551
0.652645
0.664579
0.676241
0.687826
0.699255
0.710639
0.721822
0.732931
0.743815
0.754616
0.765343
0.776088
0.786885
0.797804
0.808352
0.818513
0.82845
0.839223
0.850331
0.861562
0.872208
0.882987
0.893406
0.904088
0.914498
0.925093
0.935471
0.945937
0.956257
0.966592
0.976845
0.987079
0.997284
1.00744
1.01762
1.02771
1.03788
1.04791
1.0581
1.06806
1.07823
1.08812
1.09825
1.10809
1.11813
1.12791
1.13779
1.14746
1.15715
1.16673
1.17635
1.18599
1.19567
1.20526
1.21484
1.22422
1.2337
1.24288
1.25224
1.26119
1.27038
1.27906
1.28797
1.29628
1.30473
1.3124
1.31992
1.32622
1.3315
1.33444
1.03491
1.08558
1.11115
1.11397
1.10054
1.07361
1.03734
0.995393
0.949341
0.900089
0.848173
0.796247
0.749273
0.709593
0.682486
0.670248
0.675949
0.694434
0.717954
0.740941
0.760855
0.773688
0.781693
0.786279
0.790372
0.794039
0.798871
0.803934
0.809914
0.815797
0.822075
0.828146
0.834437
0.840658
0.847154
0.853699
0.860473
0.86728
0.874248
0.881292
0.888474
0.895858
0.903379
0.91127
0.918955
0.926459
0.933819
0.94192
0.950602
0.959695
0.968511
0.977371
0.986134
0.995025
1.00397
1.01297
1.02209
1.03115
1.04038
1.04947
1.05874
1.06785
1.07712
1.08623
1.09549
1.10459
1.11385
1.12297
1.13221
1.14136
1.15058
1.15977
1.16894
1.17816
1.18722
1.19647
1.20543
1.21473
1.2237
1.23319
1.24217
1.25159
1.26046
1.26978
1.27859
1.28775
1.2965
1.30548
1.31416
1.32293
1.33148
1.34
1.34832
1.3565
1.36443
1.37204
1.37916
1.38556
1.39067
1.39385
1.04158
1.09669
1.13386
1.1534
1.15719
1.14842
1.12918
1.10229
1.0697
1.03149
0.989647
0.945663
0.905298
0.870983
0.848781
0.840609
0.8478
0.86694
0.892323
0.91795
0.938751
0.951915
0.956492
0.955033
0.951244
0.947685
0.945356
0.944601
0.945029
0.946239
0.9479
0.949952
0.952226
0.954874
0.957846
0.961278
0.965017
0.969112
0.973458
0.978107
0.982981
0.98817
0.993581
0.999486
1.00537
1.01115
1.01688
1.0232
1.03021
1.03777
1.04533
1.05293
1.06055
1.06824
1.07607
1.08396
1.09203
1.10012
1.1084
1.11666
1.12512
1.13352
1.14213
1.15066
1.15939
1.16803
1.17685
1.18558
1.19446
1.20327
1.21216
1.22103
1.22987
1.23879
1.24753
1.2565
1.26524
1.27434
1.283
1.29203
1.30058
1.30952
1.31802
1.32682
1.3353
1.34392
1.35238
1.36079
1.3692
1.37738
1.38569
1.39361
1.40171
1.40929
1.41702
1.42406
1.43105
1.43697
1.44209
1.44491
1.0465
1.10185
1.14489
1.17413
1.1904
1.19429
1.18795
1.1725
1.1489
1.11765
1.08125
1.04244
1.00653
0.975914
0.957853
0.952828
0.962421
0.985574
1.01666
1.04358
1.06384
1.07807
1.08573
1.08535
1.07887
1.06971
1.06169
1.05566
1.05176
1.0495
1.04822
1.04772
1.04752
1.04783
1.04851
1.04966
1.0512
1.05328
1.05563
1.05851
1.06162
1.06525
1.06908
1.0736
1.07812
1.08267
1.08716
1.09217
1.09786
1.10415
1.11071
1.11734
1.12415
1.13097
1.13806
1.14514
1.15255
1.15992
1.1676
1.17521
1.18311
1.1909
1.19894
1.20686
1.21503
1.22308
1.23135
1.23953
1.24789
1.25621
1.26461
1.27304
1.28144
1.28998
1.29848
1.30715
1.31561
1.32425
1.33266
1.34126
1.34967
1.35818
1.3666
1.375
1.38343
1.3917
1.4001
1.40823
1.41656
1.4245
1.43271
1.44042
1.44842
1.45581
1.46345
1.47033
1.47726
1.4831
1.48823
1.49109
1.05154
1.10453
1.14955
1.18401
1.2076
1.22026
1.22206
1.21365
1.19452
1.16567
1.13386
1.0981
1.06262
1.03594
1.024
1.02358
1.03754
1.0661
1.10105
1.13153
1.15279
1.16638
1.17599
1.17928
1.17622
1.16778
1.15666
1.14634
1.13821
1.13227
1.12807
1.12501
1.1228
1.12116
1.12002
1.11939
1.11925
1.11963
1.12048
1.12185
1.12353
1.12581
1.12831
1.13157
1.13484
1.13833
1.1417
1.14568
1.15017
1.15541
1.16089
1.1667
1.17262
1.17871
1.18495
1.19134
1.19796
1.2047
1.21169
1.21877
1.22608
1.23344
1.24102
1.24861
1.25641
1.26422
1.27221
1.28022
1.28836
1.29652
1.30474
1.31304
1.32133
1.32975
1.33798
1.34643
1.3546
1.36308
1.37122
1.3797
1.38783
1.39626
1.4044
1.41275
1.4209
1.42912
1.43727
1.44534
1.45346
1.46135
1.46936
1.47704
1.48485
1.49221
1.49965
1.50651
1.51322
1.51908
1.52401
1.52705
1.05739
1.10665
1.15083
1.18733
1.2143
1.2314
1.23698
1.23015
1.21129
1.18535
1.15495
1.11784
1.0839
1.06607
1.05997
1.06637
1.08733
1.12097
1.157
1.18841
1.21193
1.22723
1.2364
1.24318
1.24441
1.24047
1.23203
1.22077
1.20947
1.19972
1.19201
1.18593
1.18145
1.17787
1.17533
1.17322
1.17182
1.17081
1.17038
1.17043
1.17102
1.17205
1.17354
1.17562
1.17812
1.18072
1.18342
1.18643
1.19006
1.19426
1.19901
1.20405
1.2095
1.21508
1.221
1.22698
1.23332
1.23969
1.24642
1.25317
1.26023
1.26729
1.27462
1.28197
1.28952
1.29715
1.3049
1.31278
1.32067
1.32875
1.33674
1.345
1.35295
1.36125
1.36915
1.37748
1.38537
1.3937
1.4016
1.4099
1.41782
1.42606
1.43402
1.44215
1.45013
1.45814
1.46611
1.47396
1.48187
1.48952
1.4973
1.5047
1.51224
1.51928
1.5264
1.53288
1.53924
1.54468
1.54931
1.55213
1.06412
1.10898
1.15063
1.1864
1.21361
1.23107
1.23549
1.22559
1.207
1.18214
1.14836
1.1113
1.08685
1.07782
1.07822
1.09215
1.12097
1.15749
1.19213
1.2221
1.24627
1.26427
1.27595
1.28354
1.28898
1.29012
1.28693
1.27968
1.26951
1.25815
1.24723
1.23818
1.23072
1.22536
1.22104
1.21805
1.2156
1.21393
1.21274
1.21213
1.21198
1.21239
1.21327
1.21476
1.21673
1.21899
1.22125
1.22385
1.22699
1.23074
1.23502
1.23969
1.24477
1.25004
1.25565
1.26135
1.26739
1.27347
1.27989
1.28632
1.29308
1.29985
1.30693
1.31401
1.32138
1.32878
1.33639
1.34407
1.35189
1.35983
1.36772
1.37572
1.38361
1.39168
1.39959
1.40769
1.41563
1.42373
1.43169
1.43976
1.44774
1.45575
1.46375
1.47169
1.47968
1.48752
1.49549
1.5032
1.51108
1.51859
1.52633
1.53356
1.54103
1.54783
1.55482
1.56095
1.56705
1.57209
1.57637
1.5789
1.07215
1.11207
1.14959
1.18232
1.20642
1.21987
1.21805
1.20487
1.18594
1.15734
1.12111
1.09241
1.08022
1.07817
1.08669
1.11039
1.14435
1.17879
1.21047
1.23834
1.26222
1.28198
1.29729
1.30864
1.3159
1.32096
1.32302
1.32108
1.31564
1.30746
1.29655
1.28521
1.27519
1.26705
1.26072
1.25602
1.25247
1.24989
1.24804
1.24669
1.24596
1.24558
1.24587
1.24664
1.24801
1.24982
1.25166
1.25372
1.25622
1.25933
1.26297
1.26703
1.27158
1.27643
1.28169
1.28711
1.29288
1.29872
1.30488
1.31109
1.31762
1.32419
1.33105
1.33798
1.34516
1.35246
1.3599
1.36755
1.37518
1.38297
1.39063
1.39853
1.40622
1.41419
1.4219
1.42991
1.43765
1.44566
1.45343
1.46141
1.46919
1.47711
1.48489
1.49272
1.50049
1.50822
1.51596
1.52354
1.53119
1.53856
1.54605
1.55307
1.56024
1.56676
1.57335
1.57911
1.58474
1.58937
1.5929
1.59518
1.08157
1.11578
1.1479
1.1744
1.19254
1.19618
1.1883
1.17329
1.14927
1.11617
1.08637
1.07283
1.06976
1.07512
1.09352
1.12393
1.15693
1.18811
1.2168
1.24262
1.26621
1.28691
1.30511
1.31985
1.33168
1.33956
1.34481
1.34734
1.34712
1.34402
1.33767
1.32803
1.31725
1.30701
1.29846
1.29152
1.28633
1.2825
1.27969
1.27785
1.27653
1.27592
1.27575
1.27614
1.27711
1.27861
1.2803
1.28207
1.28424
1.28692
1.29024
1.29397
1.29828
1.30289
1.30798
1.31325
1.3189
1.32463
1.3307
1.33681
1.34324
1.3497
1.35647
1.36331
1.37041
1.37763
1.38505
1.39256
1.40008
1.40773
1.4153
1.42306
1.43065
1.43847
1.44607
1.45393
1.46156
1.46943
1.4771
1.48494
1.49263
1.50042
1.50813
1.51583
1.52352
1.53108
1.53872
1.54606
1.55358
1.56064
1.56792
1.57457
1.58142
1.58742
1.59352
1.59862
1.6036
1.60722
1.60971
1.61132
1.09144
1.11938
1.14383
1.16201
1.16826
1.16336
1.15073
1.13001
1.10006
1.07183
1.05819
1.05514
1.05917
1.07478
1.10152
1.13184
1.1614
1.18884
1.2148
1.239
1.26238
1.2838
1.30398
1.32139
1.33672
1.34871
1.35804
1.36357
1.36704
1.36834
1.36734
1.36318
1.35561
1.34589
1.33615
1.32723
1.32004
1.31428
1.31028
1.30724
1.3054
1.30412
1.30361
1.30363
1.3042
1.30536
1.3069
1.30849
1.31034
1.3126
1.31551
1.31887
1.3228
1.32708
1.33188
1.3369
1.34234
1.34788
1.35377
1.3597
1.36597
1.37227
1.37889
1.38559
1.39257
1.39968
1.40688
1.41422
1.42153
1.42906
1.43645
1.44409
1.45155
1.45924
1.46675
1.47444
1.48199
1.48966
1.49724
1.50487
1.51246
1.52003
1.5276
1.53508
1.5426
1.54996
1.55738
1.56453
1.57178
1.57859
1.58554
1.59179
1.59818
1.6036
1.60914
1.61346
1.61742
1.61981
1.62102
1.62217
1.101
1.12068
1.13537
1.1405
1.13603
1.12425
1.10449
1.07693
1.05095
1.03831
1.03579
1.0399
1.0548
1.07952
1.1069
1.13372
1.15931
1.18379
1.2078
1.23115
1.2543
1.27637
1.29766
1.31707
1.33482
1.35008
1.36307
1.37316
1.38053
1.38483
1.38752
1.38815
1.38625
1.38093
1.37275
1.36383
1.35506
1.34774
1.34163
1.3373
1.33414
1.33222
1.33117
1.33078
1.33104
1.33187
1.33322
1.33469
1.3363
1.33821
1.34075
1.3438
1.34744
1.35143
1.356
1.3608
1.36606
1.37144
1.37718
1.38299
1.38911
1.3953
1.40177
1.40838
1.41521
1.42214
1.42915
1.43632
1.44348
1.45082
1.45809
1.46555
1.47287
1.4804
1.48776
1.49531
1.50271
1.51024
1.51767
1.52516
1.5326
1.54
1.54742
1.55468
1.56203
1.56909
1.5763
1.58308
1.59004
1.59639
1.60288
1.60857
1.61424
1.61904
1.62359
1.62686
1.62926
1.63
1.62979
1.63117
1.10743
1.11738
1.11847
1.11169
1.09886
1.07739
1.05012
1.02627
1.01541
1.01379
1.01907
1.03492
1.05881
1.08377
1.10803
1.13123
1.15381
1.17631
1.19888
1.22165
1.24453
1.26696
1.28892
1.30966
1.32914
1.34693
1.36272
1.37646
1.38772
1.39659
1.40251
1.40623
1.40845
1.4086
1.40557
1.39945
1.39177
1.38356
1.37612
1.3699
1.36508
1.36185
1.35971
1.35872
1.3584
1.35883
1.35988
1.36126
1.36277
1.36441
1.36655
1.36922
1.37249
1.37612
1.38033
1.3848
1.3898
1.39492
1.40047
1.40607
1.41206
1.4181
1.42451
1.43098
1.43768
1.44441
1.45132
1.45829
1.46532
1.47248
1.4796
1.48687
1.49404
1.50133
1.50858
1.51583
1.52316
1.53033
1.5377
1.54481
1.55215
1.55921
1.56646
1.57344
1.58052
1.58736
1.59417
1.60075
1.6071
1.61321
1.6188
1.62407
1.62865
1.63283
1.63572
1.63763
1.63787
1.63721
1.63576
1.63672
1.10852
1.10504
1.09423
1.07856
1.05282
1.02352
1.00077
0.991057
0.990294
0.99766
1.01523
1.03902
1.06287
1.08509
1.10624
1.12673
1.14732
1.16838
1.19012
1.21239
1.23498
1.25753
1.27976
1.30138
1.32194
1.34155
1.35933
1.37598
1.39027
1.40294
1.41296
1.4208
1.4256
1.42921
1.43092
1.43055
1.42666
1.4201
1.41281
1.40533
1.39906
1.39383
1.39038
1.38794
1.38693
1.38659
1.38716
1.38829
1.38971
1.39111
1.39294
1.39515
1.39811
1.40134
1.40525
1.40938
1.41415
1.419
1.42442
1.42982
1.43572
1.44161
1.44793
1.45422
1.46072
1.46732
1.47395
1.48081
1.48756
1.49461
1.50146
1.5086
1.51553
1.52268
1.52968
1.53679
1.54384
1.55089
1.55797
1.56492
1.572
1.57881
1.58583
1.59245
1.59931
1.60565
1.61215
1.6181
1.62397
1.62921
1.63407
1.63834
1.64197
1.64455
1.64564
1.64549
1.64444
1.64232
1.63856
1.63745
1.10033
1.08497
1.06492
1.03317
0.999025
0.975862
0.96688
0.967099
0.976782
0.996462
1.02097
1.04422
1.06533
1.08469
1.10342
1.1222
1.14159
1.16173
1.1829
1.20464
1.22696
1.24934
1.27171
1.29369
1.31497
1.33563
1.35491
1.37348
1.39009
1.40568
1.41902
1.43061
1.43958
1.44635
1.45088
1.45444
1.45559
1.45439
1.44979
1.44346
1.43629
1.42987
1.42419
1.42022
1.4174
1.41609
1.41561
1.41624
1.41746
1.41873
1.42036
1.42217
1.42475
1.4276
1.43115
1.4349
1.43929
1.44384
1.44892
1.45414
1.45978
1.46561
1.47168
1.47785
1.48413
1.49057
1.49703
1.50367
1.51027
1.51705
1.52375
1.53062
1.53739
1.54431
1.55108
1.55803
1.56475
1.57169
1.57833
1.58521
1.59175
1.59849
1.60494
1.61141
1.61768
1.62373
1.62961
1.63497
1.64008
1.6444
1.6484
1.65149
1.65362
1.65407
1.65337
1.65198
1.64941
1.6442
1.63564
1.63179
1.0828
1.05656
1.01845
0.978364
0.9532
0.944036
0.944955
0.956785
0.978821
1.0042
1.02769
1.04824
1.06662
1.08398
1.10117
1.11898
1.13754
1.15717
1.17765
1.19899
1.22079
1.24296
1.26518
1.28724
1.30896
1.33014
1.35064
1.37033
1.38896
1.40647
1.42251
1.43704
1.44965
1.46013
1.46798
1.47433
1.47872
1.48143
1.48214
1.4801
1.47513
1.46848
1.462
1.456
1.45156
1.44818
1.4465
1.44574
1.44626
1.44731
1.44867
1.45009
1.45217
1.45457
1.45775
1.46107
1.46513
1.46929
1.47414
1.47902
1.48454
1.49003
1.49594
1.50179
1.50794
1.51407
1.52043
1.52675
1.53327
1.53971
1.54634
1.55284
1.55954
1.56607
1.57277
1.57933
1.58595
1.59251
1.59898
1.6055
1.61179
1.61818
1.62423
1.63035
1.63603
1.64165
1.64667
1.65138
1.6553
1.6588
1.6614
1.66284
1.66271
1.6615
1.65957
1.65573
1.6496
1.6402
1.62805
1.6226
1.04987
1.00446
0.961324
0.933691
0.923345
0.924702
0.938638
0.963037
0.989453
1.01329
1.03373
1.05163
1.06799
1.08406
1.10041
1.11761
1.13569
1.15485
1.17484
1.19564
1.21702
1.23883
1.26081
1.28283
1.30466
1.32625
1.34732
1.3678
1.38768
1.40651
1.4246
1.44114
1.45661
1.47003
1.48181
1.49093
1.49851
1.5045
1.50859
1.51038
1.51038
1.5072
1.50166
1.49541
1.4892
1.48394
1.48001
1.47756
1.47636
1.4766
1.47749
1.47862
1.4801
1.48206
1.48476
1.48782
1.49139
1.4953
1.49965
1.50435
1.50942
1.51476
1.52027
1.52598
1.53183
1.5378
1.54392
1.55008
1.55639
1.56265
1.56908
1.57537
1.58188
1.58815
1.59469
1.6009
1.60738
1.61352
1.61985
1.62587
1.63196
1.63776
1.64351
1.64891
1.6541
1.65879
1.66299
1.66653
1.66945
1.67157
1.67227
1.67159
1.67008
1.66735
1.66279
1.65455
1.64393
1.63181
1.61853
1.61299
0.992069
0.942574
0.914194
0.903848
0.905955
0.922724
0.949698
0.976929
1.00107
1.02156
1.03914
1.05507
1.07033
1.08578
1.1018
1.11866
1.13642
1.15508
1.17459
1.19491
1.2158
1.23713
1.25873
1.28052
1.30223
1.3239
1.34525
1.36631
1.38688
1.40677
1.42614
1.44428
1.46172
1.47744
1.49205
1.50447
1.5151
1.52354
1.53109
1.53602
1.53908
1.54008
1.53902
1.53492
1.52885
1.52261
1.51669
1.51199
1.50866
1.50698
1.50658
1.50732
1.50832
1.50972
1.51167
1.51431
1.51741
1.52097
1.52491
1.52934
1.534
1.53905
1.54422
1.54977
1.55532
1.56124
1.56701
1.5732
1.5791
1.58542
1.59141
1.59774
1.60381
1.61005
1.61617
1.62228
1.62837
1.6343
1.64024
1.64594
1.65161
1.65696
1.66217
1.66692
1.67133
1.67503
1.67812
1.68052
1.68207
1.68205
1.68081
1.67878
1.67541
1.66898
1.65992
1.64775
1.63478
1.6221
1.60987
1.60545
0.921955
0.890847
0.881679
0.886276
0.907641
0.938536
0.967002
0.991226
1.01153
1.02899
1.04467
1.05955
1.07438
1.08956
1.10542
1.12205
1.13952
1.1578
1.17687
1.19659
1.21692
1.23773
1.25887
1.2803
1.30177
1.32333
1.34475
1.366
1.387
1.40756
1.4276
1.44697
1.46547
1.48308
1.49937
1.51446
1.52766
1.5391
1.54857
1.5568
1.56322
1.56721
1.5688
1.56894
1.56647
1.56137
1.55507
1.54864
1.54315
1.53894
1.53645
1.53535
1.53565
1.53648
1.5377
1.53944
1.54213
1.54526
1.54904
1.55305
1.55755
1.56214
1.56718
1.5723
1.57777
1.58332
1.58907
1.59493
1.60082
1.60687
1.61278
1.6189
1.62478
1.63088
1.63671
1.64271
1.64844
1.65425
1.65977
1.66524
1.67039
1.67529
1.6798
1.68379
1.68707
1.68966
1.69148
1.69229
1.69169
1.69
1.68742
1.68265
1.67508
1.66409
1.65175
1.63814
1.62528
1.61423
1.60472
1.60205
0.850656
0.846172
0.857499
0.886817
0.923932
0.955738
0.981298
1.00196
1.01952
1.03523
1.05009
1.06475
1.07957
1.09496
1.11084
1.12749
1.1447
1.16268
1.18124
1.20044
1.22018
1.2404
1.26104
1.28195
1.30311
1.32441
1.34573
1.367
1.3881
1.40887
1.42935
1.44919
1.46858
1.48702
1.50469
1.52112
1.53641
1.55004
1.56206
1.57214
1.58106
1.58834
1.59325
1.59545
1.59598
1.59487
1.59083
1.58481
1.57822
1.57195
1.56685
1.56335
1.56151
1.5613
1.56198
1.56301
1.56464
1.56717
1.57055
1.5743
1.57849
1.58279
1.58762
1.59242
1.59783
1.60305
1.60887
1.6144
1.62042
1.62616
1.63221
1.63803
1.64401
1.64979
1.65561
1.66127
1.66684
1.67227
1.67748
1.68248
1.68714
1.69138
1.69508
1.69796
1.70012
1.70151
1.70162
1.70043
1.69851
1.69489
1.68896
1.67949
1.66791
1.65445
1.64107
1.62841
1.61771
1.60983
1.60369
1.60272
0.770576
0.800295
0.847191
0.896279
0.935377
0.964913
0.987757
1.00646
1.02298
1.03852
1.05369
1.06897
1.08436
1.10019
1.11632
1.13302
1.15016
1.16793
1.18622
1.20509
1.22439
1.24412
1.26419
1.28464
1.30531
1.32623
1.34721
1.36821
1.38913
1.40983
1.43034
1.45034
1.46996
1.48884
1.50709
1.52439
1.54075
1.55602
1.56987
1.58215
1.59256
1.60173
1.60956
1.61531
1.61803
1.61859
1.61818
1.61564
1.61038
1.60362
1.59687
1.5909
1.58651
1.58381
1.58296
1.58331
1.58419
1.58576
1.58817
1.59179
1.59557
1.59998
1.60437
1.60928
1.61421
1.61952
1.62494
1.63059
1.63632
1.64217
1.64803
1.65396
1.6598
1.66562
1.67131
1.6769
1.6823
1.68749
1.69242
1.69695
1.70104
1.70444
1.70702
1.70875
1.70964
1.70934
1.70787
1.70516
1.70072
1.69278
1.68243
1.66966
1.6561
1.64265
1.6305
1.62066
1.61324
1.60883
1.60557
1.60597
0.669692
0.747289
0.826235
0.88344
0.924435
0.954506
0.978266
0.998508
1.01697
1.03455
1.05166
1.06859
1.08537
1.10215
1.11896
1.13601
1.15336
1.17116
1.18939
1.20811
1.22721
1.24665
1.26634
1.28638
1.30655
1.32701
1.34749
1.3681
1.38863
1.40904
1.42923
1.44905
1.4685
1.48739
1.50574
1.52336
1.54023
1.55616
1.57097
1.58465
1.59677
1.6074
1.6165
1.62481
1.63105
1.63486
1.63583
1.63547
1.63369
1.62953
1.62323
1.61613
1.60953
1.60417
1.60075
1.59911
1.59912
1.59999
1.60146
1.60384
1.6072
1.61131
1.61578
1.62058
1.62556
1.63081
1.63626
1.64191
1.64771
1.6536
1.65957
1.66552
1.67145
1.67732
1.68298
1.68857
1.69376
1.69879
1.70323
1.70731
1.71049
1.71284
1.71433
1.71471
1.71408
1.71244
1.70904
1.70323
1.69406
1.68255
1.66921
1.65561
1.64246
1.63116
1.62211
1.61577
1.61186
1.61001
1.60888
1.61021
0.563745
0.687255
0.778307
0.840541
0.885005
0.919164
0.947559
0.972584
0.995492
1.01696
1.03742
1.05711
1.07617
1.09474
1.11298
1.13108
1.14926
1.16761
1.18624
1.20517
1.22435
1.2439
1.2634
1.28324
1.30304
1.32315
1.34317
1.36335
1.38336
1.4033
1.42298
1.44241
1.46149
1.48015
1.49835
1.51598
1.53299
1.54921
1.56466
1.57904
1.59243
1.60448
1.61506
1.62442
1.63274
1.6393
1.64369
1.64525
1.64515
1.64382
1.64089
1.6353
1.62853
1.62154
1.61564
1.61149
1.60911
1.6089
1.60988
1.61133
1.61359
1.61705
1.62146
1.62626
1.63139
1.63669
1.64229
1.64794
1.65387
1.65978
1.66589
1.67191
1.67798
1.68387
1.68968
1.69515
1.70033
1.70499
1.709
1.71228
1.71437
1.71558
1.71587
1.71516
1.71306
1.70881
1.70109
1.69109
1.67861
1.66541
1.65181
1.63949
1.62893
1.62099
1.61546
1.61231
1.61097
1.61073
1.61072
1.61292
0.473661
0.617202
0.708096
0.770392
0.818555
0.858847
0.894122
0.92565
0.954427
0.981067
1.00594
1.02934
1.05157
1.07268
1.09309
1.11291
1.13258
1.15204
1.17164
1.19124
1.21098
1.23085
1.25075
1.27059
1.29046
1.31028
1.33017
1.34993
1.36967
1.38918
1.40857
1.4276
1.44643
1.46478
1.48281
1.50028
1.51723
1.53357
1.54923
1.56413
1.57825
1.59137
1.60348
1.61418
1.62383
1.63244
1.63956
1.64452
1.64692
1.64716
1.64591
1.64341
1.63939
1.63326
1.62633
1.62019
1.61539
1.61271
1.61216
1.61301
1.61474
1.61726
1.62067
1.62519
1.63023
1.63565
1.64128
1.64706
1.65304
1.65911
1.66533
1.67154
1.67776
1.68377
1.6896
1.69499
1.69997
1.70421
1.70757
1.70987
1.71108
1.71145
1.71081
1.70813
1.70221
1.69385
1.68272
1.67024
1.65678
1.64387
1.63223
1.62283
1.61577
1.61132
1.60877
1.60815
1.60822
1.6088
1.60921
1.61175
0.41651
0.550665
0.631499
0.689936
0.739655
0.784459
0.825117
0.861998
0.895827
0.927109
0.956313
0.983584
1.00928
1.03348
1.05663
1.07886
1.1006
1.12188
1.14292
1.16368
1.18427
1.20472
1.22519
1.24542
1.2655
1.28555
1.30544
1.32541
1.34501
1.3647
1.38387
1.40298
1.4216
1.43994
1.45784
1.47528
1.49224
1.50867
1.52458
1.53986
1.55461
1.56853
1.58171
1.59385
1.6048
1.61465
1.62363
1.63098
1.63666
1.63995
1.64098
1.64041
1.63887
1.6362
1.63099
1.62497
1.61863
1.61392
1.61072
1.6095
1.61012
1.61211
1.61449
1.61788
1.62238
1.62785
1.63358
1.63957
1.64566
1.65189
1.65818
1.66449
1.67074
1.67677
1.68248
1.68766
1.69212
1.69572
1.69802
1.69963
1.70014
1.69916
1.69541
1.68879
1.6796
1.66828
1.65561
1.64266
1.63049
1.61993
1.6117
1.60575
1.60211
1.60038
1.60012
1.60064
1.60134
1.60256
1.60336
1.60593
0.390831
0.506231
0.571659
0.621252
0.667585
0.711919
0.753566
0.792325
0.828363
0.86218
0.893844
0.923732
0.951875
0.978672
1.00416
1.02882
1.05252
1.07577
1.09827
1.12053
1.14226
1.16395
1.18532
1.20686
1.22793
1.24896
1.26942
1.28993
1.30964
1.32953
1.34858
1.36772
1.38629
1.40456
1.42259
1.44
1.45725
1.4739
1.49023
1.5061
1.52136
1.53624
1.5501
1.56358
1.57565
1.58704
1.59724
1.60656
1.61505
1.6211
1.6264
1.62847
1.62977
1.629
1.62749
1.62427
1.6195
1.61301
1.60826
1.60391
1.60235
1.60234
1.60399
1.60659
1.60973
1.61422
1.61947
1.62551
1.63163
1.63808
1.64436
1.65078
1.65687
1.66286
1.66816
1.67293
1.67658
1.67934
1.68135
1.68177
1.68017
1.67558
1.6686
1.6587
1.64723
1.63462
1.62224
1.61098
1.60162
1.59439
1.58956
1.58651
1.58544
1.58542
1.58606
1.58697
1.58814
1.59002
1.59113
1.59367
0.383863
0.485832
0.538044
0.576744
0.614789
0.653292
0.69087
0.727201
0.762034
0.795385
0.827448
0.857905
0.887312
0.915344
0.942489
0.968736
0.994209
1.01912
1.04344
1.0673
1.09075
1.11377
1.13647
1.1588
1.18072
1.20197
1.22283
1.24329
1.26336
1.28328
1.30288
1.32219
1.34146
1.35996
1.3788
1.3965
1.41456
1.43167
1.44862
1.46509
1.48091
1.4964
1.51116
1.52536
1.53898
1.55174
1.564
1.57523
1.5864
1.59601
1.60451
1.61127
1.61563
1.61816
1.61826
1.61753
1.61537
1.611
1.60383
1.59831
1.59252
1.59039
1.58883
1.59031
1.59273
1.59573
1.59991
1.6047
1.61104
1.61662
1.62342
1.62897
1.6352
1.64008
1.64483
1.64847
1.65175
1.65365
1.65378
1.65168
1.6465
1.63897
1.6289
1.61755
1.60544
1.59393
1.58366
1.5756
1.56953
1.5657
1.56359
1.56304
1.5634
1.56436
1.56569
1.56705
1.56893
1.57115
1.57252
1.57513
0.384726
0.478993
0.52337
0.553598
0.583179
0.613716
0.644551
0.675481
0.706234
0.736556
0.766479
0.795817
0.824565
0.852912
0.880447
0.907779
0.934239
0.960385
0.985885
1.01068
1.03514
1.05858
1.08192
1.10424
1.12665
1.14828
1.16986
1.19098
1.21199
1.23273
1.2532
1.27339
1.29321
1.31264
1.33168
1.3503
1.36844
1.38639
1.40354
1.42094
1.43728
1.454
1.46995
1.4859
1.50147
1.51672
1.53149
1.54561
1.55914
1.57179
1.58313
1.59275
1.60006
1.60546
1.60721
1.60743
1.60661
1.60434
1.59896
1.59204
1.58521
1.5791
1.57587
1.57362
1.57453
1.57646
1.57932
1.58302
1.58712
1.59251
1.59755
1.60294
1.60707
1.61135
1.61457
1.61709
1.61808
1.61745
1.61418
1.60796
1.60014
1.58975
1.57868
1.56726
1.55673
1.54786
1.54093
1.53617
1.5334
1.53221
1.53224
1.53324
1.53505
1.53642
1.53865
1.54063
1.54333
1.54573
1.54745
1.55002
0.387536
0.476482
0.517478
0.54337
0.567102
0.590984
0.615567
0.64059
0.666335
0.692354
0.718785
0.74554
0.77247
0.799538
0.826598
0.853378
0.880034
0.905965
0.931712
0.956533
0.981117
1.00496
1.02846
1.05164
1.07441
1.09719
1.11935
1.14155
1.16309
1.18457
1.20539
1.22607
1.24608
1.26597
1.28522
1.30445
1.3231
1.3419
1.3602
1.37874
1.39697
1.41525
1.43356
1.45129
1.46939
1.48623
1.50319
1.51872
1.5336
1.54712
1.55979
1.57048
1.57982
1.58686
1.592
1.59442
1.59512
1.59448
1.59307
1.58874
1.58281
1.57508
1.56965
1.56443
1.56254
1.56145
1.5625
1.56437
1.56685
1.57004
1.57328
1.57694
1.57971
1.58224
1.58324
1.58335
1.58153
1.57715
1.56968
1.56088
1.54986
1.5388
1.52753
1.51784
1.50982
1.50407
1.50039
1.4985
1.49784
1.49838
1.49993
1.50164
1.50358
1.50533
1.50767
1.50975
1.51222
1.51415
1.51585
1.51751
0.390207
0.473707
0.514086
0.538727
0.559199
0.579048
0.599454
0.620431
0.641983
0.664488
0.687608
0.711709
0.736392
0.76156
0.78699
0.812489
0.837903
0.863206
0.888196
0.913027
0.93742
0.961661
0.985437
1.00903
1.03223
1.05519
1.07772
1.0999
1.12161
1.14297
1.16391
1.18455
1.2049
1.22501
1.24508
1.26493
1.28497
1.30479
1.32489
1.34468
1.36471
1.38419
1.40377
1.42252
1.44111
1.45878
1.47582
1.49226
1.50734
1.52231
1.53561
1.54881
1.56004
1.57066
1.5787
1.58535
1.58891
1.59022
1.59
1.58893
1.58524
1.57804
1.57007
1.56244
1.55639
1.55245
1.55044
1.54965
1.55038
1.55156
1.55293
1.5545
1.55513
1.55518
1.55394
1.55066
1.54483
1.53665
1.5267
1.51517
1.50373
1.49243
1.48318
1.47542
1.47014
1.46659
1.46473
1.46393
1.4641
1.46477
1.46616
1.46733
1.46849
1.46982
1.47156
1.47325
1.47525
1.47696
1.4782
1.47974
0.391694
0.468943
0.511151
0.535974
0.554567
0.57219
0.590482
0.609495
0.62909
0.649647
0.671078
0.693417
0.716494
0.740003
0.763926
0.787953
0.812206
0.836454
0.860775
0.88502
0.909157
0.933036
0.956734
0.979964
1.00299
1.0255
1.04771
1.06942
1.09079
1.11181
1.13264
1.15332
1.17398
1.19468
1.21542
1.2363
1.25715
1.2781
1.29883
1.31953
1.33982
1.35994
1.37948
1.39878
1.41741
1.4358
1.45353
1.47095
1.4877
1.50394
1.51938
1.53412
1.5478
1.56009
1.57097
1.57959
1.58618
1.58956
1.59078
1.59006
1.58872
1.58451
1.57723
1.5683
1.55981
1.55256
1.54717
1.5435
1.54107
1.53956
1.53837
1.53689
1.53466
1.53134
1.52646
1.5189
1.50968
1.49813
1.48602
1.47328
1.46195
1.45178
1.44397
1.43791
1.43387
1.43118
1.42958
1.42892
1.42875
1.42923
1.42991
1.43058
1.43145
1.43266
1.4342
1.43588
1.43769
1.43934
1.44049
1.44194
0.392498
0.463895
0.50827
0.533339
0.550666
0.566927
0.584322
0.602752
0.62217
0.642509
0.663754
0.685573
0.707983
0.730709
0.753741
0.776993
0.80036
0.823874
0.847383
0.870898
0.894319
0.917553
0.940578
0.963256
0.985596
1.00754
1.02908
1.05029
1.07117
1.09198
1.11265
1.13351
1.15439
1.17554
1.19669
1.21806
1.2393
1.26058
1.2816
1.30246
1.32299
1.34328
1.36323
1.38293
1.40234
1.4214
1.44011
1.45842
1.47615
1.49349
1.50982
1.52575
1.54034
1.55409
1.56621
1.5768
1.58526
1.59161
1.5949
1.5959
1.59488
1.59346
1.58907
1.58119
1.57131
1.56156
1.55263
1.54529
1.53911
1.5338
1.52896
1.52338
1.51743
1.50961
1.50015
1.48841
1.47554
1.46149
1.44791
1.43534
1.42445
1.41589
1.40909
1.4044
1.40085
1.39881
1.39722
1.39661
1.39638
1.39681
1.39727
1.39781
1.3987
1.39989
1.40132
1.40285
1.40451
1.40608
1.40712
1.40832
0.39317
0.459423
0.50521
0.530255
0.54646
0.561761
0.578745
0.597433
0.617646
0.638861
0.660619
0.682845
0.705223
0.727857
0.750534
0.773447
0.796351
0.819338
0.842217
0.865083
0.88773
0.910344
0.932531
0.954643
0.976152
0.997577
1.01846
1.03931
1.0599
1.08061
1.10137
1.12236
1.14349
1.16486
1.18627
1.20777
1.22923
1.25056
1.27183
1.2928
1.31369
1.33424
1.35464
1.3747
1.39457
1.41402
1.43331
1.45199
1.47047
1.48808
1.5054
1.52151
1.53726
1.55143
1.56489
1.57652
1.58681
1.5949
1.60081
1.60378
1.6044
1.60335
1.60148
1.59626
1.58761
1.57657
1.56487
1.5536
1.54306
1.533
1.52325
1.51294
1.50182
1.48896
1.47494
1.45968
1.44432
1.42934
1.41593
1.40438
1.39504
1.38797
1.38235
1.37871
1.37572
1.374
1.37265
1.37212
1.37196
1.37226
1.37258
1.37304
1.37385
1.37479
1.37612
1.37748
1.37905
1.38039
1.38131
1.38243
0.393606
0.455433
0.502007
0.526615
0.54193
0.55646
0.573188
0.592497
0.613996
0.6364
0.659002
0.681828
0.704451
0.727232
0.749917
0.772728
0.795375
0.818019
0.840405
0.862758
0.884821
0.906826
0.928419
0.949872
0.970809
0.991664
1.01216
1.03274
1.05332
1.07404
1.09509
1.11619
1.13772
1.15913
1.18091
1.20238
1.22417
1.24549
1.26706
1.28811
1.3093
1.33
1.35068
1.37097
1.39109
1.41084
1.43035
1.44935
1.46813
1.48605
1.50378
1.52024
1.53649
1.55112
1.56536
1.57767
1.58918
1.59857
1.60631
1.61157
1.61389
1.6137
1.613
1.61035
1.60373
1.59344
1.58048
1.56604
1.55111
1.53603
1.52069
1.50491
1.48837
1.47093
1.45324
1.43572
1.41958
1.40514
1.39318
1.38329
1.37576
1.36991
1.3654
1.36237
1.35977
1.35824
1.357
1.35649
1.3563
1.35643
1.35662
1.35697
1.35763
1.35843
1.35967
1.36086
1.36226
1.36332
1.36419
1.3653
0.39403
0.452408
0.498877
0.522884
0.537224
0.551237
0.567927
0.588133
0.611041
0.634448
0.657842
0.681176
0.704171
0.727132
0.749967
0.772751
0.795313
0.817659
0.839701
0.861574
0.88323
0.904653
0.925813
0.946604
0.967149
0.987483
1.0078
1.02821
1.0489
1.06977
1.09111
1.11246
1.13428
1.15587
1.17789
1.19947
1.22142
1.24287
1.26458
1.28582
1.30714
1.32805
1.34887
1.36938
1.38958
1.40964
1.4291
1.44858
1.46711
1.48579
1.50309
1.52053
1.53629
1.55202
1.56585
1.57946
1.59096
1.60178
1.61054
1.61755
1.6218
1.62327
1.62272
1.62125
1.61723
1.60854
1.59583
1.57968
1.56123
1.54126
1.52033
1.49896
1.47733
1.45616
1.43621
1.41805
1.40247
1.38943
1.37917
1.37091
1.36483
1.3599
1.35621
1.35349
1.35121
1.34974
1.34858
1.34805
1.34783
1.34777
1.34789
1.34816
1.34872
1.34942
1.35056
1.35162
1.35288
1.35378
1.35457
1.3556
0.39459
0.450566
0.496546
0.519974
0.533353
0.546951
0.563701
0.584813
0.608895
0.633073
0.657125
0.680815
0.704197
0.727243
0.750186
0.772886
0.795417
0.817517
0.839315
0.860784
0.882146
0.903127
0.924045
0.944327
0.964688
0.984537
1.00482
1.02502
1.04584
1.06685
1.08836
1.11006
1.13198
1.15393
1.17594
1.19782
1.21972
1.24145
1.26308
1.28463
1.30588
1.32709
1.34792
1.3686
1.38892
1.40902
1.42867
1.44814
1.46688
1.48557
1.50302
1.52064
1.53641
1.55254
1.56636
1.58056
1.59222
1.60391
1.61319
1.62138
1.62732
1.62967
1.62958
1.62901
1.6262
1.61933
1.60765
1.59083
1.57011
1.54634
1.5207
1.4945
1.46893
1.44522
1.42428
1.40649
1.39208
1.38055
1.37174
1.36471
1.35957
1.35525
1.35209
1.34955
1.34753
1.34606
1.345
1.34439
1.34418
1.344
1.34399
1.34423
1.3447
1.3453
1.34635
1.34729
1.34846
1.34926
1.35
1.35097
0.394806
0.449382
0.495052
0.518042
0.530823
0.544147
0.560976
0.582643
0.607517
0.632294
0.656812
0.680761
0.704406
0.72752
0.750477
0.773073
0.795527
0.817455
0.839061
0.860271
0.881406
0.902163
0.922914
0.942982
0.963213
0.982854
1.00308
1.02317
1.04405
1.06513
1.08677
1.10865
1.13069
1.15284
1.17492
1.19698
1.2189
1.24079
1.26244
1.28413
1.3054
1.32674
1.34758
1.36836
1.38872
1.40884
1.4286
1.448
1.46693
1.48548
1.50318
1.52064
1.53673
1.55268
1.56689
1.58102
1.59302
1.60499
1.61451
1.6234
1.62993
1.6331
1.63368
1.63321
1.63078
1.62474
1.61374
1.59701
1.57529
1.54938
1.52085
1.4917
1.46385
1.43895
1.41783
1.40062
1.38711
1.37656
1.36856
1.36217
1.3575
1.3535
1.35059
1.34815
1.34627
1.34479
1.34378
1.34314
1.34291
1.3427
1.34262
1.34283
1.34326
1.34382
1.34483
1.34571
1.34685
1.34762
1.34833
1.34928
)
;

boundaryField
{
    inlet
    {
        type            calculated;
        value           uniform 3.00001;
    }
    outlet
    {
        type            calculated;
        value           nonuniform List<scalar> 
40
(
0.980936
1.07915
1.1739
1.25707
1.33444
1.39385
1.44491
1.49109
1.52705
1.55213
1.5789
1.59518
1.61132
1.62217
1.63117
1.63672
1.63745
1.63179
1.6226
1.61299
1.60545
1.60205
1.60272
1.60597
1.61021
1.61292
1.61175
1.60593
1.59367
1.57513
1.55002
1.51751
1.47974
1.44194
1.40832
1.38243
1.3653
1.3556
1.35097
1.34928
)
;
    }
    top
    {
        type            symmetryPlane;
    }
    bottom
    {
        type            symmetryPlane;
    }
    obstacle
    {
        type            calculated;
        value           nonuniform List<scalar> 
110
(
0.0278221
0.0581531
0.0993761
0.142313
0.186935
0.236267
0.293486
0.364038
0.457925
0.616409
0.729756
0.637014
0.0561984
0.243197
0.315447
0.402353
0.436298
0.467225
0.508429
0.548544
0.581569
0.610589
0.640971
0.667713
0.682251
0.685659
0.682811
0.671069
0.648837
0.618119
0.581806
0.542848
0.503192
0.464136
0.426556
0.390505
0.355874
0.322374
0.289828
0.257935
0.226379
0.194805
0.163832
0.133683
0.104412
0.0757887
0.0476378
0.0205218
0.00836717
0.0370847
0.0629109
0.088246
0.112801
0.136267
0.158338
0.179822
0.202346
0.224835
0.246469
0.267359
0.287775
0.307764
0.327321
0.346585
0.365424
0.383968
0.402158
0.420048
0.43763
0.454979
0.471979
0.488819
0.505323
0.521734
0.537747
0.553772
0.569381
0.585003
0.600292
0.615519
0.630503
0.645394
0.660047
0.674643
0.688965
0.703258
0.717266
0.731245
0.744939
0.758623
0.771981
0.785411
0.798412
0.811609
0.824254
0.83719
0.849524
0.86212
0.874196
0.886376
0.898156
0.909867
0.921208
0.93232
0.942952
0.953102
0.96234
0.970479
0.976565
0.980935
)
;
    }
    frontAndBack
    {
        type            empty;
    }
}


// ************************************************************************* //
