/*--------------------------------*- C++ -*----------------------------------*\
  =========                 |
  \\      /  F ield         | OpenFOAM: The Open Source CFD Toolbox
   \\    /   O peration     | Website:  https://openfoam.org
    \\  /    A nd           | Version:  13
     \\/     M anipulation  |
\*---------------------------------------------------------------------------*/
FoamFile
{
    format      ascii;
    class       volScalarField;
    location    "8.5";
    object      p;
}
// * * * * * * * * * * * * * * * * * * * * * * * * * * * * * * * * * * * * * //

dimensions      [1 -1 -2 0 0 0 0];

internalField   nonuniform List<scalar> 
5250
(
1.00001
1.00004
1.00011
1.00028
1.00069
1.00174
1.00418
1.01066
1.02549
1.06491
1.16098
1.42242
2.15716
4.34448
10.1784
11.2518
11.1171
11.0835
11.1725
11.395
11.6131
11.7529
11.8624
11.9484
12.0152
1.00001
1.00004
1.0001
1.00028
1.00068
1.0017
1.00424
1.01024
1.0259
1.06306
1.16066
1.41553
2.14538
4.29988
10.0898
11.2477
11.1125
11.0748
11.1639
11.3862
11.6039
11.7441
11.8551
11.9425
12.0108
1.00001
1.00003
1.00011
1.00026
1.0007
1.0016
1.00427
1.00974
1.02579
1.0608
1.15776
1.40419
2.11565
4.20842
9.89133
11.2381
11.0987
11.0471
11.1336
11.352
11.5665
11.7047
11.8149
11.9014
11.9693
1.00001
1.00003
1.0001
1.00026
1.00065
1.00158
1.00401
1.00957
1.0245
1.05907
1.15126
1.38896
2.06971
4.07018
9.57892
11.2298
11.0791
11.0005
11.0818
11.292
11.501
11.6345
11.7411
11.8251
11.8932
1.00001
1.00003
1.0001
1.00024
1.00062
1.0015
1.0038
1.0091
1.02325
1.05608
1.1434
1.36796
2.0087
3.887
9.14663
11.229
11.0564
10.9366
11.0107
11.2092
11.4108
11.5373
11.6381
11.7183
11.7876
1.00001
1.00003
1.00009
1.00023
1.00058
1.0014
1.00357
1.00845
1.0218
1.05217
1.13383
1.34155
1.93303
3.66006
8.58312
11.2383
11.0331
10.8554
10.9199
11.1019
11.2925
11.4076
11.498
11.5701
11.6396
1.00001
1.00003
1.00008
1.0002
1.00055
1.00125
1.00334
1.0076
1.02024
1.04727
1.12277
1.31005
1.84361
3.39266
7.88156
11.265
11.0111
10.7568
10.8094
10.9694
11.1436
11.2406
11.3122
11.3671
11.4304
1
1.00002
1.00007
1.00019
1.00048
1.00114
1.00296
1.00687
1.01802
1.04239
1.10944
1.27526
1.74316
3.09208
7.0501
11.2984
10.9895
10.643
10.6804
10.8107
10.9609
11.0298
11.0691
11.0873
11.1245
1
1.00002
1.00006
1.00017
1.0004
1.00105
1.00247
1.00632
1.01521
1.03801
1.09418
1.23993
1.63603
2.77577
6.12128
11.2784
10.949
10.5205
10.5365
10.6255
10.7407
10.7675
10.7544
10.6983
10.6463
1
1.00002
1.00005
1.00015
1.00035
1.00093
1.0021
1.00562
1.01278
1.0337
1.07978
1.20703
1.53667
2.48628
5.24642
11.0842
10.8344
10.3991
10.3692
10.4149
10.4758
10.4535
10.3592
10.1417
9.82268
1
1.00002
1.00005
1.00012
1.00033
1.00074
1.002
1.00453
1.012
1.02793
1.07199
1.17757
1.46738
2.28185
4.67554
10.4836
10.5324
10.3105
10.1747
10.1821
10.1738
10.0918
9.84853
9.28472
7.85033
1
1.00001
1.00004
1.0001
1.00028
1.00065
1.00174
1.00393
1.01047
1.02417
1.06291
1.15338
1.40358
2.09699
4.13205
9.44904
10.3012
10.1713
9.98111
9.93942
9.87037
9.70116
9.32294
8.56522
7.10694
1
1.00001
1.00003
1.0001
1.00022
1.0006
1.00137
1.00367
1.00831
1.02207
1.05163
1.13385
1.33917
1.92407
3.61282
8.26399
10.1588
10.0527
9.8162
9.69823
9.57724
9.33192
8.86433
8.10646
6.97585
1
1.00001
1.00003
1.00008
1.0002
1.00047
1.00124
1.00286
1.0074
1.01756
1.04445
1.10949
1.28168
1.75193
3.10932
6.95148
10.0706
9.95816
9.67697
9.47006
9.29408
9.00689
8.53224
7.8451
6.95953
1
1.00001
1.00003
1.00006
1.00017
1.00038
1.00101
1.00229
1.00608
1.01396
1.0363
1.08706
1.22451
1.586
2.61788
5.53786
9.89176
9.83333
9.57544
9.26739
9.03875
8.73685
8.28679
7.67531
6.93486
1
1.00001
1.00002
1.00005
1.00012
1.00033
1.00075
1.00197
1.00453
1.01171
1.02773
1.07021
1.17386
1.45283
2.22587
4.4089
9.3653
9.63376
9.45325
9.09037
8.81848
8.51204
8.09156
7.54391
6.89981
1
1.00001
1.00002
1.00004
1.0001
1.00026
1.00061
1.00154
1.00373
1.00912
1.02272
1.05537
1.1396
1.35712
1.9649
3.69392
8.17204
9.36752
9.24985
8.95395
8.63478
8.32044
7.92751
7.43379
6.86381
1
1
1.00001
1.00003
1.00008
1.0002
1.00047
1.00124
1.00283
1.00748
1.01712
1.04494
1.10716
1.27964
1.73614
3.0481
6.62429
9.14707
9.08377
8.8529
8.48894
8.15798
7.78658
7.33924
6.83024
1
1
1.00001
1.00003
1.00006
1.00015
1.00037
1.00091
1.00227
1.00538
1.01373
1.03255
1.08271
1.20492
1.53785
2.45363
4.97201
8.84285
8.94597
8.77658
8.40154
8.02923
7.66687
7.25822
6.80039
1
1
1.00001
1.00002
1.00004
1.00012
1.00028
1.00069
1.00169
1.00406
1.01024
1.02437
1.06154
1.15104
1.39051
2.03984
3.83936
8.07406
8.77534
8.64603
8.3243
7.9244
7.56671
7.18979
6.77506
1
1
1.00001
1.00001
1.00003
1.00009
1.0002
1.00054
1.0012
1.00321
1.00724
1.01913
1.04452
1.11448
1.28591
1.76179
3.08096
6.53825
8.51672
8.46634
8.25902
7.84884
7.48741
7.13348
6.75488
1
1
1
1.00001
1.00002
1.00006
1.00015
1.00039
1.00088
1.00234
1.00527
1.01393
1.0321
1.08283
1.20263
1.53183
2.42234
4.81289
8.14215
8.32562
8.18344
7.84007
7.44351
7.09281
6.74168
1
1
1
1.00001
1.00002
1.00004
1.00011
1.00027
1.00064
1.00165
1.00377
1.00989
1.02268
1.05876
1.14086
1.36538
1.95719
3.56184
7.28099
8.16779
8.07647
7.82043
7.43159
7.07255
6.73887
1
1
1
1.00001
1.00001
1.00003
1.00008
1.00019
1.00047
1.00114
1.00275
1.0069
1.01634
1.04136
1.0999
1.25542
1.66308
2.7882
5.69983
7.92029
7.91608
7.77852
7.4476
7.07461
6.74311
1
1
1
1
1.00001
1.00002
1.00006
1.00013
1.00033
1.00075
1.00198
1.00447
1.01169
1.02694
1.06871
1.16653
1.42855
2.11308
3.87138
7.40276
7.83692
7.73531
7.47494
7.09048
6.76028
1
1
1
1
1.00001
1.00002
1.00004
1.00009
1.00022
1.00055
1.00133
1.00319
1.00797
1.01883
1.04766
1.11484
1.29415
1.76234
3.03735
6.19146
7.6494
7.62752
7.47336
7.13637
6.80344
1
1
1
1
1
1.00001
1.00003
1.00006
1.00016
1.00036
1.00094
1.00211
1.00553
1.01267
1.03247
1.07726
1.19606
1.49926
2.31645
4.41565
7.2248
7.53498
7.44688
7.21733
6.89376
1
1
1
1
1
1.00001
1.00002
1.00004
1.0001
1.00026
1.00058
1.00151
1.0035
1.00876
1.02109
1.05172
1.12754
1.3212
1.83254
3.16729
6.25936
7.37517
7.36824
7.27263
7.05428
1
1
1
1
1
1
1.00001
1.00003
1.00007
1.00016
1.00042
1.00094
1.00247
1.00554
1.01452
1.03341
1.08528
1.20776
1.5378
2.40105
4.59028
7.00862
7.34338
7.32144
7.24597
1
1
1
1
1
1
1.00001
1.00002
1.00004
1.00011
1.00026
1.00062
1.00158
1.00362
1.00938
1.02142
1.05513
1.13083
1.33526
1.85482
3.19327
6.18506
7.25719
7.44036
7.50607
1
1
1
1
1
1
1
1.00001
1.00003
1.00007
1.00017
1.00041
1.00103
1.00236
1.00613
1.01389
1.03604
1.08415
1.21536
1.54214
2.41274
4.57052
6.98115
7.6698
7.96139
1
1
1
1
1
1
1
1.00001
1.00002
1.00005
1.00011
1.00028
1.00063
1.00164
1.00367
1.00962
1.02181
1.05621
1.13317
1.34094
1.86862
3.22366
6.27185
7.92786
8.71075
1
1
1
1
1
1
1
1.00001
1.00001
1.00003
1.00007
1.00019
1.00042
1.00109
1.00247
1.00634
1.01474
1.03697
1.08906
1.22364
1.57045
2.487
4.78935
8.06562
9.83024
1
1
1
1
1
1
1
1
1.00001
1.00002
1.00005
1.00013
1.00029
1.00076
1.00171
1.0045
1.01014
1.02666
1.06165
1.15854
1.39677
2.05121
3.79317
7.92529
11.102
1
1
1
1
1
1
1
1
1.00001
1.00002
1.00004
1.00009
1.00024
1.00054
1.00141
1.00329
1.00831
1.02014
1.04988
1.12428
1.31773
1.85083
3.37174
7.51487
12.1275
1
1
1
1
1
1
1
1
1.00001
1.00001
1.00003
1.00007
1.0002
1.00045
1.00119
1.0027
1.00721
1.01661
1.04348
1.10503
1.27476
1.73236
3.08939
7.0689
12.757
1
1
1
1
1
1
1
1
1
1.00001
1.00003
1.00007
1.00017
1.0004
1.00107
1.00245
1.00656
1.01507
1.04001
1.09601
1.25341
1.67519
2.9462
6.82714
12.9571
1
1
1
1
1
1
1
1
1
1.00001
1.00003
1.00006
1.00016
1.00038
1.001
1.00238
1.006
1.01482
1.03684
1.09267
1.23794
1.64036
2.83534
6.5398
12.9162
1
1
1
1
1
1
1
1
1
1.00001
1.00002
1.00006
1.00015
1.00037
1.00095
1.00226
1.00592
1.01387
1.03634
1.08789
1.2299
1.60979
2.73999
6.20687
12.8243
1
1
1
1
1
1
1
1
1
1.00001
1.00002
1.00006
1.00015
1.00035
1.00094
1.00216
1.00581
1.01334
1.03547
1.08484
1.2228
1.58781
2.66883
5.95373
12.6609
1
1
1
1
1
1
1
1
1
1.00001
1.00002
1.00006
1.00015
1.00035
1.00089
1.00222
1.00536
1.0137
1.03314
1.08452
1.21374
1.57125
2.6074
5.76032
12.4539
1
1
1
1
1
1
1
1
1
1.00001
1.00002
1.00006
1.00014
1.00035
1.00086
1.00218
1.00519
1.01346
1.03213
1.08259
1.20746
1.55431
2.55367
5.58744
12.2481
1
1
1
1
1
1
1
1
1
1.00001
1.00002
1.00005
1.00014
1.00033
1.00089
1.00202
1.00539
1.01249
1.03261
1.07882
1.20427
1.53678
2.50705
5.43366
12.055
1
1
1
1
1
1
1
1
1
1.00001
1.00002
1.00005
1.00014
1.00032
1.00087
1.00197
1.00531
1.01213
1.03223
1.07657
1.20016
1.52234
2.4653
5.29779
11.8704
1
1
1
1
1
1
1
1
1
1.00001
1.00002
1.00006
1.00013
1.00035
1.00079
1.00212
1.0048
1.01288
1.02981
1.07797
1.19255
1.51383
2.42723
5.18213
11.6975
1
1
1
1
1
1
1
1
1
1.00001
1.00002
1.00006
1.00013
1.00034
1.00078
1.00209
1.00473
1.01266
1.02939
1.07657
1.18926
1.50373
2.39741
5.08698
11.5467
1
1
1
1
1
1
1
1
1
1.00001
1.00002
1.00005
1.00014
1.00032
1.00082
1.00195
1.00491
1.01206
1.02976
1.0744
1.18788
1.49464
2.37386
5.01314
11.4238
1
1
1
1
1
1
1
1
1
1.00001
1.00002
1.00005
1.00014
1.00031
1.00083
1.00188
1.00503
1.01148
1.03043
1.07206
1.18766
1.48679
2.35764
4.95835
11.3309
1
1
1
1
1
1
1
1
1
1.00001
1.00002
1.00005
1.00013
1.00032
1.0008
1.00192
1.0049
1.01159
1.02987
1.07206
1.18562
1.48329
2.34617
4.92244
11.268
1
1
1
1
1
1
1
1
1
1.00001
1.00002
1.00005
1.00013
1.00032
1.00077
1.00199
1.00465
1.01216
1.02855
1.07379
1.18252
1.48393
2.33839
4.90597
11.2364
3.78451
3.25776
4.24387
4.27921
4.03479
3.9364
3.88464
3.79381
3.68524
3.58898
3.50908
3.42835
3.3376
3.27392
3.24648
3.23918
3.24482
3.286
3.35809
3.45437
3.56568
3.68306
3.80072
3.91426
4.02178
4.12283
4.21785
4.30734
4.39166
4.47119
4.5465
4.61759
4.68344
4.74262
4.79541
4.84222
4.88336
4.91848
4.95084
4.97895
5.0004
5.01542
5.02496
5.02991
5.03014
5.02777
5.02099
5.00878
4.99338
4.97501
4.95364
4.9294
4.90249
4.87296
4.84115
4.80707
4.77096
4.73292
4.69313
4.65166
4.60871
4.56432
4.51871
4.47189
4.42409
4.37529
4.32573
4.2754
4.22449
4.17306
4.12125
4.06915
4.01689
3.96457
3.91232
3.86023
3.8084
3.75691
3.70585
3.65527
3.60522
3.55576
3.50689
3.45868
3.41112
3.36425
3.31808
3.27266
3.22799
3.18412
3.1411
3.099
3.0579
3.01805
2.97969
2.9432
2.90922
2.87877
2.85327
2.83597
4.68992
4.20777
4.35335
4.23413
4.00576
3.96426
3.93922
3.81031
3.67703
3.56854
3.49036
3.41929
3.34538
3.27701
3.24291
3.23216
3.23698
3.27749
3.34954
3.44664
3.55916
3.67695
3.79511
3.90889
4.01654
4.11735
4.21198
4.30086
4.38464
4.46319
4.53776
4.60944
4.67588
4.73522
4.78841
4.83548
4.87688
4.91296
4.9448
4.97227
4.99396
5.00941
5.01932
5.02427
5.02458
5.02276
5.01684
5.00436
4.9883
4.96993
4.94888
4.92483
4.89804
4.86864
4.83693
4.80297
4.767
4.72908
4.68943
4.64809
4.60529
4.56104
4.51558
4.46892
4.42126
4.37264
4.32321
4.27305
4.22229
4.17101
4.11934
4.06738
4.01524
3.96304
3.91089
3.8589
3.80715
3.75574
3.70474
3.65422
3.60422
3.5548
3.50595
3.45775
3.41021
3.36332
3.31718
3.27177
3.22708
3.18315
3.14014
3.09805
3.05704
3.01715
2.9787
2.94208
2.90791
2.87714
2.85116
2.83334
5.50589
4.78062
4.518
4.27001
4.04798
3.96408
3.88549
3.77978
3.66388
3.56728
3.49601
3.41915
3.34001
3.27197
3.229
3.21226
3.2237
3.26772
3.33695
3.43194
3.54445
3.66201
3.78299
3.89737
4.00604
4.10763
4.20308
4.29289
4.37766
4.45738
4.53287
4.60408
4.67004
4.72938
4.78262
4.82971
4.87133
4.90754
4.9392
4.96606
4.98754
5.00306
5.01304
5.01786
5.01787
5.01641
5.01135
4.99987
4.98233
4.9633
4.94226
4.91842
4.89177
4.86249
4.83086
4.797
4.76113
4.72334
4.68382
4.64264
4.59998
4.55592
4.51063
4.46418
4.41671
4.3683
4.31909
4.26914
4.21859
4.16752
4.11605
4.06427
4.01232
3.96028
3.90829
3.85643
3.80482
3.75353
3.70264
3.6522
3.60226
3.5529
3.50407
3.45594
3.40844
3.36149
3.31539
3.27005
3.22546
3.18168
3.13867
3.09656
3.05548
3.01554
2.97699
2.94018
2.90569
2.87445
2.84773
2.82894
5.86663
5.08435
4.63983
4.34841
4.12508
3.98418
3.88559
3.77685
3.66411
3.56343
3.4844
3.40693
3.3328
3.27352
3.23596
3.21982
3.22675
3.26131
3.33308
3.42737
3.53684
3.65349
3.77171
3.88617
3.99495
4.09721
4.19328
4.28353
4.36851
4.44833
4.52346
4.594
4.65942
4.71872
4.77189
4.81902
4.86052
4.89668
4.92793
4.95428
4.97543
4.99099
5.00107
5.00585
5.00578
5.00453
5.0003
4.99039
4.97217
4.95221
4.93087
4.90719
4.88086
4.85186
4.82048
4.78686
4.75123
4.71369
4.67442
4.63352
4.59115
4.5474
4.50241
4.45629
4.40914
4.36108
4.31219
4.26259
4.21236
4.16161
4.11043
4.05895
4.00726
3.9555
3.90373
3.85212
3.80071
3.74965
3.69894
3.64868
3.59887
3.54968
3.5008
3.45286
3.4055
3.35898
3.31291
3.26757
3.22299
3.17921
3.13625
3.09416
3.05308
3.01311
2.97449
2.9375
2.90271
2.87095
2.84344
2.82357
6.04756
5.30192
4.79514
4.45906
4.216
4.03711
3.91006
3.79544
3.68272
3.58393
3.50409
3.43038
3.3633
3.30966
3.27387
3.25997
3.26535
3.29006
3.34838
3.43649
3.53425
3.64014
3.75351
3.86739
3.97719
4.08118
4.17898
4.27066
4.35656
4.43693
4.51212
4.58223
4.647
4.70589
4.75874
4.80561
4.84682
4.88264
4.91342
4.93924
4.96002
4.9755
4.98563
4.99042
4.99031
4.98916
4.9855
4.97692
4.9596
4.93885
4.91678
4.89298
4.8669
4.83829
4.80726
4.77398
4.73865
4.70144
4.66249
4.62194
4.57992
4.53655
4.49195
4.44623
4.39949
4.35183
4.30335
4.25414
4.2043
4.15391
4.1031
4.05195
4.0006
3.94914
3.89769
3.84636
3.79525
3.74444
3.69399
3.64391
3.59428
3.54523
3.49695
3.44905
3.40178
3.35523
3.3093
3.26405
3.21957
3.17584
3.13297
3.09094
3.04992
3.00995
2.97132
2.93421
2.89917
2.86696
2.83873
2.81779
6.1579
5.48068
4.96287
4.59161
4.32177
4.1204
3.96773
3.84334
3.7321
3.63698
3.55979
3.49732
3.44683
3.40796
3.38345
3.37532
3.37746
3.38771
3.41463
3.46945
3.53753
3.61925
3.72436
3.83754
3.95121
4.06011
4.16152
4.25539
4.34196
4.42235
4.49695
4.56619
4.63005
4.6883
4.74071
4.7873
4.82819
4.86365
4.89396
4.91931
4.93971
4.95506
4.96526
4.97019
4.97008
4.96904
4.96582
4.95832
4.94292
4.92207
4.89937
4.87525
4.84926
4.82102
4.79043
4.7576
4.7227
4.68591
4.64739
4.60726
4.56569
4.52277
4.47865
4.43339
4.38714
4.33995
4.29195
4.24319
4.1938
4.14384
4.09345
4.0427
3.99174
3.94066
3.88958
3.83865
3.78787
3.73733
3.68717
3.63759
3.58839
3.53974
3.49157
3.44396
3.39685
3.35043
3.30464
3.25955
3.21518
3.17159
3.12884
3.08695
3.04604
3.00619
2.96762
2.93054
2.8954
2.86293
2.83421
2.81236
6.22931
5.62306
5.11942
4.73114
4.43811
4.21634
4.04856
3.91752
3.81042
3.72577
3.66503
3.62438
3.59683
3.57792
3.56549
3.55744
3.55143
3.54388
3.5352
3.53858
3.55567
3.59904
3.67896
3.78181
3.90158
4.02137
4.13227
4.23206
4.32117
4.4021
4.47614
4.54443
4.60744
4.66507
4.71723
4.76375
4.80457
4.83988
4.86996
4.89501
4.91517
4.93044
4.94077
4.94599
4.94592
4.94502
4.94221
4.93567
4.92218
4.90219
4.87948
4.85511
4.82905
4.80101
4.77084
4.7385
4.70412
4.66784
4.62983
4.59021
4.54916
4.50677
4.46317
4.41845
4.37273
4.32607
4.27858
4.23032
4.1814
4.1319
4.08194
4.03163
3.98108
3.93045
3.87977
3.82926
3.77898
3.72914
3.67947
3.63027
3.58137
3.53297
3.48498
3.43756
3.39067
3.34442
3.29882
3.25391
3.20976
3.16635
3.12381
3.08212
3.04146
3.00182
2.96347
2.92656
2.89155
2.8591
2.83021
2.808
6.27631
5.73348
5.25634
4.86658
4.56011
4.32357
4.14361
4.00847
3.90974
3.8454
3.81224
3.8028
3.80519
3.81353
3.81359
3.8093
3.79458
3.75939
3.68899
3.62986
3.61434
3.62402
3.65747
3.72991
3.83119
3.95695
4.08079
4.19258
4.2899
4.37472
4.44985
4.51773
4.57983
4.63661
4.68833
4.73479
4.77563
4.811
4.84109
4.86609
4.88616
4.90144
4.91194
4.9176
4.91757
4.9168
4.91434
4.90861
4.89678
4.87834
4.85638
4.83212
4.80602
4.77807
4.74821
4.71635
4.68253
4.64683
4.6094
4.57036
4.52989
4.48807
4.44507
4.40092
4.35578
4.30967
4.26273
4.21499
4.16658
4.11757
4.0681
4.01829
3.96824
3.91814
3.86813
3.81832
3.76864
3.71925
3.67003
3.62117
3.57261
3.5245
3.47681
3.42967
3.38308
3.33709
3.29177
3.24712
3.20325
3.16012
3.1179
3.07652
3.03621
2.99693
2.95899
2.92248
2.88788
2.8558
2.82714
2.8052
6.3087
5.81999
5.37411
4.99383
4.68424
4.4407
4.25663
4.12454
4.04537
4.01598
4.01948
4.03581
4.07626
4.12687
4.12574
4.11419
4.07901
3.99859
3.86443
3.75246
3.68569
3.67531
3.68495
3.71699
3.78759
3.88234
4.00221
4.12399
4.23417
4.3293
4.41087
4.4818
4.5448
4.6015
4.65277
4.69892
4.73988
4.77557
4.80602
4.83141
4.85178
4.86744
4.87838
4.88467
4.88508
4.88444
4.88229
4.87727
4.86691
4.85037
4.82976
4.80619
4.78033
4.75256
4.72298
4.69156
4.65831
4.62325
4.58648
4.54811
4.50829
4.46712
4.42474
4.38122
4.33667
4.29115
4.24476
4.19754
4.14963
4.10112
4.05214
4.00286
3.95348
3.9042
3.85493
3.80578
3.75665
3.70773
3.65894
3.61049
3.56231
3.51458
3.46725
3.42046
3.3742
3.32856
3.28357
3.23926
3.19575
3.153
3.11117
3.07024
3.03041
2.99168
2.95433
2.91851
2.88464
2.8534
2.82545
2.80447
6.33326
5.89056
5.47688
5.11349
4.81037
4.57008
4.39311
4.27855
4.24032
4.24657
4.27246
4.3344
4.44092
4.48586
4.4784
4.44815
4.37309
4.21988
4.04445
3.8989
3.79897
3.74748
3.7462
3.75498
3.78323
3.84655
3.9302
4.03527
4.14927
4.2558
4.34935
4.4297
4.4986
4.55823
4.61052
4.65682
4.69783
4.7338
4.76488
4.79072
4.81183
4.82836
4.84015
4.8474
4.84886
4.84833
4.8465
4.84219
4.83331
4.81867
4.79977
4.77739
4.75225
4.72489
4.69567
4.66468
4.63196
4.59752
4.56144
4.52377
4.48465
4.44416
4.40244
4.35956
4.31562
4.27067
4.22481
4.17812
4.1307
4.08271
4.03438
3.98597
3.93743
3.88889
3.84026
3.79168
3.74308
3.69466
3.64635
3.59837
3.55063
3.50333
3.45643
3.41005
3.36421
3.31897
3.27441
3.23054
3.18748
3.14522
3.10393
3.06359
3.02442
2.98645
2.94997
2.91517
2.88243
2.85258
2.82579
2.80628
6.35446
5.95156
5.56985
5.22919
4.94217
4.71806
4.56307
4.49396
4.4995
4.52704
4.59597
4.73561
4.85097
4.85544
4.8358
4.7725
4.63193
4.4207
4.22497
4.06519
3.94639
3.86803
3.82794
3.82333
3.82925
3.8501
3.89852
3.96729
4.05479
4.15721
4.25833
4.3513
4.43216
4.50051
4.55814
4.60713
4.64935
4.68591
4.71745
4.74414
4.76623
4.7838
4.79677
4.80547
4.80862
4.80824
4.8068
4.80331
4.79603
4.78317
4.76607
4.74523
4.72126
4.69474
4.6661
4.6356
4.6034
4.56953
4.53409
4.49709
4.45867
4.41887
4.37782
4.33557
4.29222
4.24782
4.20247
4.15627
4.10941
4.06223
4.01478
3.96718
3.91938
3.87148
3.82345
3.77544
3.72742
3.67956
3.63182
3.58435
3.53716
3.49035
3.44396
3.39807
3.35273
3.308
3.26396
3.22063
3.17815
3.13652
3.09592
3.05635
3.01807
2.98113
2.94588
2.91256
2.88157
2.85359
2.82833
2.81172
6.3757
6.00833
5.65923
5.348
5.08905
4.89821
4.78816
4.78982
4.81305
4.88064
5.02395
5.18677
5.24136
5.22715
5.17492
5.05252
4.82964
4.60569
4.41002
4.24827
4.11964
4.02223
3.95374
3.91337
3.89627
3.89856
3.91017
3.94033
3.99673
4.06183
4.14904
4.24566
4.33766
4.41879
4.48743
4.54434
4.59149
4.63078
4.66378
4.69156
4.7147
4.73365
4.74792
4.75829
4.7638
4.76371
4.76282
4.76032
4.75489
4.744
4.72872
4.70966
4.68722
4.66187
4.6341
4.60428
4.57268
4.53943
4.50464
4.46835
4.43065
4.39156
4.35121
4.30961
4.26685
4.22298
4.17811
4.13257
4.08658
4.04027
3.99364
3.94677
3.89964
3.8524
3.80501
3.75765
3.71026
3.66302
3.61589
3.56903
3.52243
3.47622
3.43041
3.38511
3.34037
3.29625
3.25284
3.21019
3.16843
3.12759
3.08787
3.04931
3.01221
2.97666
2.94308
2.91182
2.88282
2.85734
2.83469
2.82271
6.39949
6.06595
5.75379
5.4807
5.26701
5.13182
5.10824
5.12869
5.19347
5.33599
5.52019
5.61045
5.60247
5.56146
5.45603
5.24378
5.00694
4.79071
4.60405
4.44505
4.31076
4.19862
4.10807
4.03862
3.99047
3.96074
3.95522
3.95985
3.977
4.01451
4.06306
4.13552
4.22311
4.31112
4.39136
4.46045
4.51775
4.56428
4.60191
4.63254
4.65764
4.67808
4.69419
4.70603
4.71364
4.71555
4.71503
4.71329
4.70923
4.70091
4.68769
4.67056
4.64989
4.62602
4.59944
4.57055
4.53972
4.50714
4.47302
4.4374
4.40038
4.36199
4.3223
4.28131
4.23909
4.19575
4.15162
4.10694
4.0618
4.01629
3.97039
3.92424
3.8778
3.83125
3.78455
3.73787
3.69117
3.6446
3.59815
3.55195
3.50602
3.46047
3.41534
3.37072
3.32668
3.28328
3.24065
3.19881
3.15796
3.1181
3.07953
3.04229
3.00676
2.9731
2.94187
2.91304
2.88681
2.86527
2.84681
2.84072
6.42833
6.13219
5.86497
5.64729
5.50063
5.45883
5.47668
5.53787
5.67545
5.86641
5.97432
5.96973
5.93459
5.83749
5.63791
5.4031
5.18103
4.98269
4.80748
4.65124
4.5116
4.38715
4.27858
4.18642
4.11194
4.0548
4.01669
3.99553
3.99647
4.00413
4.02452
4.06148
4.11662
4.19327
4.27427
4.35215
4.42125
4.4792
4.52617
4.56359
4.59324
4.61667
4.63505
4.64863
4.65811
4.66293
4.66278
4.6618
4.65913
4.65338
4.64246
4.6274
4.60867
4.58657
4.5615
4.53383
4.504
4.47227
4.4389
4.40399
4.36768
4.32997
4.29093
4.2505
4.20886
4.16631
4.12309
4.0793
4.03498
3.99025
3.94511
3.89972
3.85404
3.80825
3.7623
3.71636
3.67042
3.62459
3.5789
3.53345
3.4883
3.44351
3.39917
3.35535
3.31215
3.26962
3.22793
3.1871
3.14737
3.10879
3.0717
3.03621
3.00277
2.97176
2.94319
2.91744
2.89553
2.87945
2.86718
2.86701
6.4742
6.22285
6.01556
5.87361
5.82892
5.84649
5.90867
6.04819
6.2347
6.34476
6.34067
6.30485
6.2057
6.00367
5.77649
5.55929
5.36153
5.18092
5.0145
4.85907
4.71395
4.5793
4.45659
4.34686
4.2516
4.17152
4.10747
4.05971
4.02935
4.01744
4.01991
4.03017
4.05313
4.09434
4.15642
4.22938
4.30282
4.37079
4.42975
4.47821
4.51666
4.54636
4.56893
4.58564
4.59737
4.60474
4.60664
4.60615
4.60447
4.60061
4.59268
4.57987
4.56327
4.54316
4.51987
4.49373
4.46517
4.4345
4.40204
4.36794
4.33237
4.29536
4.2569
4.2171
4.17629
4.13467
4.09236
4.04945
4.00598
3.96207
3.91775
3.87316
3.8283
3.78331
3.73818
3.69304
3.64792
3.60291
3.55806
3.51344
3.46915
3.42522
3.38179
3.33889
3.29668
3.25519
3.21463
3.17506
3.13674
3.09982
3.06465
3.03151
3.00099
2.97303
2.94779
2.92693
2.91116
2.90214
2.89931
2.90064
6.55022
6.35761
6.23167
6.20203
6.2229
6.29451
6.45047
6.63248
6.73121
6.72425
6.68074
6.56941
6.35349
6.12958
5.91916
5.72668
5.54891
5.38038
5.21878
5.06263
4.91259
4.76992
4.63637
4.51327
4.402
4.30359
4.21882
4.14848
4.09292
4.05386
4.02908
4.02532
4.0283
4.0396
4.06567
4.11486
4.17623
4.24462
4.3112
4.371
4.42133
4.46133
4.49183
4.51427
4.53018
4.54044
4.54594
4.54584
4.54499
4.54267
4.53758
4.52735
4.513
4.49509
4.47387
4.44958
4.4226
4.39326
4.36191
4.32877
4.29405
4.25772
4.21994
4.181
4.14115
4.1005
4.05913
4.01714
3.97458
3.93157
3.88815
3.84444
3.80047
3.75636
3.71214
3.6679
3.6237
3.5796
3.5357
3.49203
3.44873
3.4058
3.36343
3.32162
3.28058
3.24035
3.20118
3.1632
3.12669
3.09193
3.05933
3.02945
3.0023
2.97794
2.95797
2.94415
2.93642
2.93677
2.93904
2.94632
6.67658
6.56279
6.56199
6.59156
6.68343
6.87498
7.05969
7.14231
7.12938
7.06993
6.92912
6.70273
6.47335
6.26538
6.07801
5.90466
5.73914
5.57712
5.41679
5.25882
5.10462
4.95578
4.81403
4.6808
4.55731
4.44468
4.34353
4.2549
4.17903
4.11704
4.069
4.03651
4.01994
4.01812
4.02126
4.03444
4.06442
4.11835
4.17913
4.24324
4.30337
4.35537
4.39748
4.42971
4.45298
4.46868
4.4781
4.48127
4.48092
4.47953
4.47618
4.46921
4.45733
4.44184
4.42296
4.40083
4.37576
4.34804
4.31809
4.28612
4.25236
4.21685
4.18001
4.14209
4.10328
4.06366
4.02331
3.98233
3.94076
3.89875
3.85631
3.81359
3.77059
3.72747
3.68423
3.64099
3.5978
3.55474
3.51189
3.46931
3.42711
3.38536
3.3442
3.30368
3.26405
3.22537
3.18794
3.15197
3.11785
3.08595
3.05695
3.03082
3.00759
2.98894
2.97675
2.97235
2.97343
2.97767
2.98909
3.01501
6.88895
6.89327
6.93987
7.06657
7.31744
7.51615
7.58378
7.56285
7.4831
7.30503
7.05632
6.81616
6.60452
6.4184
6.24869
6.08677
5.92727
5.76763
5.60692
5.44685
5.28916
5.13548
4.98749
4.84652
4.71367
4.59
4.47607
4.37282
4.28053
4.20007
4.1319
4.07697
4.03572
4.01127
3.99883
3.99589
4.00071
4.01712
4.05291
4.1075
4.16714
4.22648
4.28032
4.32521
4.3598
4.38455
4.40082
4.40947
4.41158
4.411
4.40906
4.40471
4.39589
4.38295
4.36656
4.34681
4.32394
4.2982
4.26996
4.23946
4.20686
4.17249
4.13685
4.10011
4.06245
4.02395
3.98471
3.94484
3.90438
3.86346
3.82212
3.78048
3.73858
3.69655
3.65442
3.61231
3.57025
3.52837
3.4867
3.44538
3.40445
3.36407
3.32433
3.2854
3.24746
3.21073
3.17553
3.14219
3.11124
3.08333
3.05846
3.03655
3.01972
3.00908
3.00811
3.00986
3.01594
3.03045
3.05927
3.11722
7.23995
7.29377
7.44773
7.7569
7.99479
8.05764
8.02809
7.92514
7.70335
7.42645
7.16849
6.94664
6.75592
6.58567
6.42558
6.26848
6.11054
5.95063
5.7886
5.62658
5.46597
5.30847
5.15561
5.00865
4.86859
4.73629
4.61238
4.49753
4.39219
4.29696
4.21236
4.13898
4.07752
4.0292
3.99508
3.97658
3.96189
3.96285
3.97036
3.99021
4.03131
4.08464
4.14247
4.19699
4.24391
4.28119
4.30822
4.32575
4.33487
4.33645
4.33574
4.33346
4.32837
4.31819
4.30427
4.28699
4.26656
4.24314
4.21701
4.18827
4.15726
4.12446
4.09028
4.05489
4.01853
3.98129
3.9433
3.90464
3.86541
3.82569
3.78558
3.74514
3.70448
3.66366
3.62279
3.58193
3.54118
3.50061
3.46032
3.42042
3.38099
3.3422
3.30418
3.26715
3.23134
3.19709
3.16481
3.135
3.1085
3.08508
3.06479
3.04993
3.04229
3.04282
3.04602
3.05517
3.07525
3.11584
3.16017
3.23859
7.64275
7.91537
8.24212
8.49933
8.56257
8.52504
8.39717
8.12803
7.81791
7.5371
7.29997
7.09967
6.92386
6.76151
6.60425
6.44707
6.28769
6.12588
5.96147
5.79773
5.63478
5.47429
5.31769
5.16609
5.02039
4.88136
4.74959
4.6256
4.50991
4.40291
4.30508
4.21675
4.13871
4.07156
4.01642
3.97447
3.94792
3.92626
3.915
3.91769
3.92853
3.95352
4.00013
4.05163
4.10486
4.15355
4.19375
4.22373
4.24376
4.25395
4.25615
4.25541
4.2529
4.24725
4.23604
4.22124
4.20331
4.18242
4.1587
4.13222
4.10326
4.0724
4.03998
4.00623
3.97138
3.93559
3.89898
3.86169
3.82381
3.78544
3.74667
3.70758
3.66829
3.62885
3.58939
3.54995
3.51068
3.47161
3.4329
3.39464
3.35699
3.32009
3.28419
3.24953
3.21647
3.18547
3.1571
3.13222
3.11067
3.09221
3.07952
3.07579
3.07713
3.08212
3.09516
3.12252
3.16783
3.22891
3.28424
3.36736
8.34558
8.77804
9.06321
9.11268
9.06328
8.90318
8.57516
8.23049
7.9256
7.6703
7.45641
7.27103
7.10201
6.94061
6.78117
6.62065
6.45798
6.29333
6.12801
5.96129
5.79598
5.63312
5.47363
5.31848
5.16834
5.02401
4.88592
4.75471
4.63075
4.51422
4.40571
4.30539
4.21393
4.13169
4.05951
3.99834
3.94886
3.91448
3.88592
3.86463
3.86239
3.86665
3.88022
3.90981
3.95607
4.00651
4.05555
4.09832
4.13184
4.15456
4.16723
4.17057
4.16986
4.16732
4.16149
4.14979
4.1345
4.11612
4.09486
4.07082
4.04447
4.01602
3.98578
3.95401
3.92094
3.8868
3.85175
3.81598
3.77958
3.74271
3.70542
3.66787
3.63009
3.59222
3.55434
3.51653
3.47893
3.4416
3.40473
3.36841
3.33287
3.29831
3.26504
3.23342
3.20398
3.17733
3.15451
3.13484
3.11918
3.10851
3.1087
3.11118
3.11897
3.13667
3.17246
3.22493
3.28671
3.35725
3.4148
3.48891
9.33599
9.70055
9.73764
9.66775
9.45814
9.04848
8.66148
8.33149
8.05824
7.82981
7.63225
7.45346
7.28443
7.11911
6.95421
6.78838
6.6213
6.45329
6.28517
6.11691
5.95006
5.78534
5.62357
5.46554
5.31191
5.16335
5.02031
4.88324
4.75247
4.62829
4.51111
4.40114
4.29878
4.20445
4.11851
4.04187
3.97517
3.91947
3.87719
3.84187
3.81479
3.79811
3.79944
3.80626
3.82353
3.85892
3.90366
3.9518
3.99611
4.0324
4.05852
4.0742
4.07978
4.07926
4.07715
4.07165
4.06051
4.04499
4.02606
4.00453
3.98081
3.95504
3.92738
3.89797
3.86706
3.83487
3.80164
3.76758
3.73286
3.69764
3.66202
3.62614
3.59007
3.55396
3.51786
3.48191
3.44621
3.41092
3.37619
3.34222
3.30925
3.27762
3.24772
3.22014
3.19551
3.17521
3.15776
3.14475
3.13873
3.13976
3.14427
3.15617
3.18135
3.22615
3.28328
3.35001
3.4182
3.48584
3.53472
3.59169
10.4675
10.4709
10.3623
10.0603
9.56453
9.11547
8.75234
8.46034
8.21832
8.00866
7.81851
7.63911
7.46492
7.2928
7.12116
6.94959
6.77801
6.60674
6.43611
6.26624
6.09786
5.93154
5.76789
5.60756
5.45111
5.29913
5.15202
5.01014
4.8738
4.74331
4.61902
4.50103
4.38982
4.28543
4.1886
4.09941
4.01886
3.94736
3.886
3.83612
3.79572
3.76069
3.73519
3.72855
3.73097
3.74006
3.76088
3.80025
3.84365
3.88779
3.92662
3.95644
3.97541
3.98489
3.98474
3.98316
3.97866
3.96908
3.95308
3.93403
3.91278
3.88964
3.86471
3.83795
3.80955
3.77968
3.74863
3.71657
3.68378
3.6504
3.61665
3.58263
3.54849
3.51433
3.48026
3.44643
3.41296
3.38005
3.3479
3.31679
3.28707
3.25919
3.23381
3.21155
3.1941
3.17958
3.16893
3.1681
3.17027
3.1777
3.19497
3.23013
3.28121
3.34436
3.4136
3.48338
3.54611
3.60015
3.63325
3.67172
11.3822
11.2041
10.74
10.1102
9.5895
9.18608
8.87256
8.61771
8.39746
8.19646
8.00586
7.82096
7.63926
7.45963
7.28147
7.10469
6.92914
6.75489
6.58196
6.41061
6.24047
6.07265
5.90735
5.74503
5.58614
5.43117
5.28049
5.13455
4.99365
4.85793
4.72767
4.60304
4.48438
4.37186
4.26587
4.16669
4.07467
3.99037
3.91459
3.84815
3.79203
3.74633
3.70448
3.6729
3.65357
3.6538
3.65755
3.66916
3.6943
3.73376
3.77639
3.81658
3.84951
3.87273
3.88546
3.88789
3.88683
3.88354
3.8757
3.86017
3.84169
3.821
3.7985
3.77431
3.74853
3.72128
3.69272
3.66303
3.63246
3.60124
3.56959
3.53768
3.50568
3.47373
3.44197
3.41058
3.37973
3.34967
3.32069
3.29318
3.26765
3.24475
3.2255
3.211
3.19976
3.19338
3.1945
3.19918
3.21155
3.23743
3.28207
3.33978
3.407
3.4784
3.54734
3.60814
3.65618
3.6912
3.70834
3.7318
12.0254
11.5356
10.7082
10.0841
9.62539
9.28807
9.02162
8.79275
8.58256
8.38162
8.1858
7.99368
7.80469
7.61869
7.43536
7.2545
7.07575
6.89895
6.72389
6.55062
6.37892
6.20947
6.0425
5.87832
5.71718
5.55959
5.40577
5.25616
5.11098
4.97054
4.83506
4.70473
4.57981
4.46045
4.34694
4.23948
4.1384
4.04407
3.95688
3.87746
3.80651
3.74475
3.69388
3.64672
3.60756
3.58204
3.57158
3.57281
3.57887
3.59397
3.6249
3.66376
3.70432
3.74001
3.76679
3.78308
3.78965
3.78914
3.78669
3.78053
3.76783
3.75052
3.73023
3.70821
3.68482
3.66016
3.63425
3.60718
3.57917
3.55044
3.52122
3.49173
3.46217
3.43274
3.40364
3.3751
3.34737
3.32082
3.29581
3.27294
3.25299
3.23686
3.22637
3.21738
3.2175
3.22025
3.22813
3.24685
3.28417
3.33615
3.40007
3.47116
3.54352
3.61083
3.66781
3.71175
3.74035
3.75861
3.76461
3.77687
12.3301
11.3959
10.5928
10.0578
9.69326
9.41893
9.18509
8.96826
8.75889
8.55367
8.35194
8.15407
7.96022
7.77016
7.58353
7.39983
7.21866
7.03962
6.86249
6.68718
6.51372
6.34202
6.17308
6.00692
5.84355
5.6834
5.52662
5.37364
5.22466
5.08003
4.93995
4.80464
4.67431
4.54909
4.42922
4.31484
4.20621
4.10354
4.00716
3.91745
3.83494
3.76028
3.69386
3.63799
3.5863
3.54206
3.51016
3.49063
3.48706
3.48951
3.49807
3.51753
3.55314
3.59186
3.62877
3.65901
3.67959
3.69078
3.69127
3.69005
3.68597
3.67689
3.66017
3.64072
3.61956
3.59717
3.57372
3.54933
3.52413
3.49823
3.47183
3.44515
3.41843
3.39195
3.36599
3.34089
3.31701
3.29484
3.27498
3.25825
3.24605
3.23865
3.23515
3.23666
3.24253
3.25721
3.28719
3.33343
3.39267
3.46157
3.5353
3.60758
3.6725
3.72543
3.76445
3.78977
3.80281
3.80855
3.8096
3.8128
12.2141
11.0996
10.4527
10.0685
9.79311
9.55867
9.33814
9.12327
8.91187
8.70396
8.50015
8.30055
8.10513
7.91351
7.72526
7.53981
7.35678
7.17572
6.99654
6.81906
6.64333
6.46943
6.29789
6.1294
5.96375
5.80104
5.64146
5.48534
5.33292
5.18452
5.04036
4.90067
4.76564
4.63538
4.51011
4.38992
4.275
4.16553
4.06172
3.96382
3.87222
3.78731
3.70965
3.63979
3.57932
3.52372
3.47521
3.43728
3.41307
3.40027
3.40107
3.40567
3.41813
3.44413
3.48033
3.5185
3.55202
3.57658
3.59188
3.59664
3.59597
3.59315
3.58621
3.57209
3.55421
3.534
3.51272
3.49079
3.46834
3.44541
3.42211
3.39864
3.37525
3.35226
3.33008
3.30916
3.29014
3.27359
3.26053
3.2524
3.24908
3.24986
3.25408
3.26529
3.28893
3.3301
3.38409
3.44971
3.52306
3.59836
3.66953
3.73109
3.77972
3.81403
3.83548
3.84559
3.84798
3.84748
3.84594
3.84647
11.9629
10.9114
10.3973
10.11
9.88898
9.67323
9.45793
9.24546
9.03658
8.83136
8.62992
8.43219
8.23793
8.04671
7.85812
7.67172
7.48725
7.30446
7.12328
6.94366
6.76569
6.58927
6.41489
6.24375
6.07555
5.9103
5.74803
5.58909
5.43355
5.28193
5.13419
4.99079
4.85172
4.71721
4.58739
4.46231
4.34219
4.2271
4.11723
4.01275
3.91391
3.82099
3.73437
3.65456
3.58201
3.51801
3.45921
3.4069
3.36513
3.33514
3.3166
3.31299
3.31519
3.32286
3.34036
3.37427
3.41142
3.44632
3.47483
3.4932
3.50356
3.50356
3.50215
3.49759
3.48754
3.47096
3.45226
3.43275
3.41291
3.39288
3.37284
3.35295
3.33343
3.31469
3.29725
3.28178
3.26913
3.25983
3.25636
3.25703
3.26035
3.26955
3.28901
3.32433
3.3728
3.43448
3.50604
3.58265
3.65855
3.72774
3.78558
3.82973
3.86009
3.87766
3.88626
3.88612
3.88509
3.88224
3.87619
3.8764
11.833
10.8407
10.3864
10.1465
9.94739
9.74396
9.53811
9.33443
9.13375
8.93568
8.74004
8.54672
8.35544
8.16596
7.97798
7.79137
7.606
7.42191
7.23905
7.0576
6.87757
6.69916
6.52226
6.3479
6.17685
6.00906
5.84429
5.68287
5.52469
5.37037
5.21972
5.07325
4.93091
4.79284
4.65932
4.53018
4.40582
4.2861
4.17131
4.06153
3.95688
3.85768
3.76402
3.67642
3.59514
3.52073
3.45422
3.39274
3.33787
3.29303
3.25871
3.23614
3.22613
3.22726
3.23241
3.24531
3.27203
3.30716
3.3439
3.37529
3.39876
3.41157
3.41603
3.41534
3.41254
3.40584
3.39236
3.3765
3.35935
3.34214
3.32538
3.3093
3.29421
3.28059
3.26926
3.26075
3.25648
3.2572
3.26034
3.26834
3.28512
3.31425
3.35768
3.415
3.48368
3.56011
3.63909
3.71449
3.78086
3.83467
3.87457
3.90143
3.91658
3.92274
3.92246
3.9212
3.91803
3.91167
3.90163
3.90176
11.7529
10.7953
10.3646
10.1468
9.96642
9.77948
9.58867
9.39789
9.2079
9.01856
8.82988
8.64187
8.45439
8.26733
8.08068
7.89451
7.70894
7.52414
7.34022
7.15739
6.97582
6.79567
6.61691
6.44015
6.26657
6.0963
5.92934
5.76574
5.60549
5.44892
5.29601
5.14701
5.00207
4.8611
4.72457
4.59212
4.4643
4.34086
4.22207
4.10806
3.99878
3.89461
3.79549
3.70182
3.61382
3.53185
3.45637
3.38815
3.32482
3.2682
3.22113
3.18374
3.15776
3.14255
3.14282
3.14586
3.1549
3.1749
3.20864
3.24662
3.2807
3.30702
3.32426
3.3325
3.33335
3.33233
3.32887
3.32107
3.30837
3.29492
3.28172
3.26958
3.25949
3.25202
3.24843
3.24907
3.25206
3.25958
3.27485
3.29933
3.33714
3.38981
3.45479
3.52966
3.61012
3.69034
3.76445
3.82772
3.87757
3.91382
3.93771
3.95156
3.95647
3.95609
3.95468
3.95133
3.94453
3.93642
3.92443
3.92439
11.6816
10.7548
10.336
10.1341
9.96688
9.79719
9.6223
9.44417
9.2639
9.08247
8.90029
8.71751
8.534
8.34979
8.16498
7.9799
7.79474
7.60987
7.4255
7.24187
7.05934
6.87799
6.69823
6.51984
6.34412
6.17163
6.00266
5.83715
5.67516
5.51682
5.36211
5.21123
5.06421
4.92112
4.78215
4.64727
4.51664
4.39036
4.26837
4.15105
4.03809
3.93
3.82659
3.72818
3.63497
3.54711
3.4651
3.3891
3.32003
3.25539
3.19815
3.14925
3.11003
3.08059
3.06387
3.0599
3.06181
3.0687
3.08476
3.11697
3.15447
3.19064
3.22017
3.24229
3.2532
3.26032
3.2607
3.25984
3.25704
3.25094
3.24252
3.23531
3.23173
3.23232
3.23505
3.2422
3.25702
3.27736
3.31049
3.35818
3.41808
3.48977
3.56978
3.65305
3.73366
3.80612
3.86639
3.91313
3.94645
3.96866
3.98218
3.98636
3.98612
3.98494
3.98203
3.97603
3.9669
3.95759
3.9448
3.94415
11.6174
10.7255
10.3141
10.1155
9.96273
9.8085
9.64697
9.47882
9.30624
9.13118
8.9545
8.77626
8.5964
8.41494
8.23217
8.04842
7.86414
7.67961
7.49527
7.31133
7.12824
6.9462
6.76558
6.58641
6.40934
6.23529
6.06461
5.89764
5.73425
5.57463
5.4186
5.26637
5.11784
4.9732
4.83241
4.69566
4.56288
4.43433
4.30988
4.18982
4.07401
3.96269
3.85593
3.75371
3.65647
3.56402
3.47698
3.39531
3.31963
3.24992
3.18514
3.12757
3.07807
3.03705
3.00664
2.98707
2.98048
2.98192
2.98765
3.00166
3.03038
3.06841
3.10666
3.14026
3.16557
3.18315
3.19317
3.19976
3.20355
3.20557
3.20603
3.20726
3.21035
3.21732
3.23172
3.25098
3.27785
3.31849
3.37318
3.4404
3.51794
3.60192
3.68714
3.76764
3.83835
3.89641
3.94034
3.97237
3.99389
4.007
4.01239
4.01231
4.0115
4.00926
4.00444
3.99623
3.98596
3.97572
3.96242
3.96093
11.5626
10.7101
10.2992
10.0969
9.95411
9.81517
9.66552
9.50561
9.3392
9.16919
8.99683
8.8222
8.64525
8.46608
8.28503
8.10259
7.91919
7.73527
7.55118
7.3673
7.18398
7.00162
6.82051
6.64092
6.46322
6.28818
6.11642
5.94835
5.78399
5.62339
5.46644
5.31319
5.16361
5.01775
4.87567
4.7374
4.60304
4.47264
4.34628
4.22402
4.10598
3.99214
3.88272
3.77762
3.67719
3.58131
3.49033
3.40439
3.32363
3.2488
3.17886
3.11479
3.05718
3.0073
2.96571
2.93403
2.91347
2.90532
2.90642
2.91128
2.92388
2.95023
2.98896
3.02997
3.06707
3.09752
3.12054
3.13785
3.15034
3.16186
3.1716
3.18316
3.19667
3.21731
3.24149
3.27537
3.32207
3.3827
3.45558
3.53806
3.6255
3.71229
3.79252
3.86193
3.91808
3.96081
3.99161
4.01297
4.0266
4.03394
4.03489
4.03439
4.03281
4.02928
4.02219
4.0129
4.0019
3.99072
3.97752
3.97442
11.4961
10.7193
10.2976
10.0831
9.94653
9.81979
9.68025
9.52754
9.36615
9.20007
9.03093
8.85897
8.68419
8.50674
8.32706
8.14568
7.9631
7.77974
7.59601
7.41229
7.22898
7.04648
6.86518
6.68539
6.50747
6.33199
6.15965
5.99085
5.82578
5.66444
5.50679
5.35278
5.2024
5.05565
4.91255
4.77318
4.63755
4.50579
4.3779
4.25401
4.13415
4.01841
3.90683
3.79951
3.69651
3.59793
3.50387
3.4145
3.32999
3.2505
3.17665
3.1074
3.04412
2.98723
2.93753
2.89606
2.86414
2.84291
2.83386
2.83486
2.83957
2.85193
2.878
2.91774
2.96143
3.00332
3.04003
3.07081
3.09648
3.11936
3.14142
3.16487
3.19314
3.22593
3.26666
3.32042
3.38622
3.46388
3.55014
3.64038
3.72834
3.80863
3.87712
3.9323
3.97442
4.00523
4.02672
4.0413
4.05003
4.05362
4.05341
4.05245
4.05006
4.04504
4.03663
4.02648
4.01491
4.00279
3.98983
3.98544
11.415
10.7493
10.3066
10.0777
9.94333
9.82471
9.69297
9.54634
9.38874
9.22578
9.05908
8.88907
8.71587
8.5397
8.36108
8.18054
7.9986
7.81571
7.63228
7.44873
7.26548
7.08296
6.90158
6.72172
6.54373
6.36815
6.19552
6.0263
5.86069
5.69881
5.54058
5.386
5.23497
5.08756
4.94368
4.80347
4.66688
4.53405
4.40499
4.27979
4.15851
4.0412
3.92793
3.81876
3.71373
3.61297
3.51649
3.42452
3.33701
3.25433
3.17649
3.10373
3.03597
2.97394
2.91802
2.86917
2.8281
2.79674
2.77515
2.76706
2.76824
2.77328
2.78621
2.81337
2.85605
2.90428
2.95251
2.9977
3.03859
3.07674
3.11412
3.15357
3.19791
3.24816
3.3096
3.38234
3.46504
3.55507
3.64729
3.73615
3.81629
3.88432
3.9391
3.98123
4.01256
4.03513
4.05092
4.06142
4.06765
4.06843
4.06804
4.06665
4.06346
4.05691
4.04797
4.03703
4.02523
4.01216
3.99922
3.99426
11.3396
10.7741
10.3208
10.0794
9.94443
9.83063
9.70401
9.56201
9.40799
9.24733
9.08251
8.91403
8.74197
8.56674
8.3889
8.20898
8.02751
7.84495
7.66174
7.47833
7.29513
7.11263
6.9312
6.75134
6.57334
6.39779
6.22503
6.05559
5.88964
5.72735
5.56869
5.41362
5.26211
5.11412
4.96966
4.82874
4.69142
4.55771
4.42775
4.30148
4.17907
4.0605
3.94589
3.83524
3.72867
3.62617
3.52788
3.43379
3.34409
3.25879
3.17817
3.10232
3.03122
2.96515
2.90469
2.85023
2.80264
2.76283
2.73264
2.71191
2.70592
2.70761
2.71377
2.72872
2.75961
2.80678
2.86166
2.91923
2.97675
3.03314
3.08959
3.14899
3.21254
3.28519
3.36682
3.45667
3.55146
3.64658
3.73641
3.81658
3.88433
3.93902
3.98168
4.01399
4.03807
4.0556
4.06799
4.0763
4.08051
4.08041
4.0797
4.07785
4.07391
4.06622
4.05675
4.0454
4.03338
4.01969
4.0062
4.00138
11.2753
10.7909
10.334
10.0844
9.94813
9.83672
9.71395
9.57518
9.4238
9.26506
9.10186
8.93439
8.76314
8.58853
8.41121
8.23166
8.05045
7.86807
7.68497
7.50163
7.31847
7.13598
6.95453
6.77464
6.59665
6.42113
6.24837
6.07882
5.91269
5.75009
5.59112
5.43564
5.28377
5.13529
4.9904
4.84889
4.71104
4.57663
4.44598
4.31887
4.19563
4.07607
3.96043
3.84865
3.74087
3.63705
3.53736
3.44172
3.35035
3.26315
3.18042
3.10213
3.0285
2.95956
2.89577
2.83735
2.78498
2.73937
2.70142
2.6734
2.6548
2.65329
2.65574
2.66387
2.68262
2.72069
2.7759
2.84126
2.91294
2.9886
3.06731
3.15049
3.2384
3.33305
3.43314
3.53558
3.6355
3.72807
3.80932
3.87752
3.93259
3.97597
4.0096
4.03534
4.05491
4.06944
4.07985
4.08685
4.08962
4.08939
4.08841
4.08608
4.08122
4.07316
4.06339
4.05154
4.03898
4.02526
4.01127
4.00634
11.2252
10.802
10.3447
10.0904
9.95236
9.84296
9.72094
9.58772
9.43709
9.27957
9.11742
8.95068
8.77989
8.60564
8.42854
8.24916
8.06805
7.88569
7.70259
7.51924
7.33608
7.15356
6.97212
6.7922
6.6143
6.43875
6.26602
6.09641
5.93018
5.76739
5.60818
5.4524
5.30021
5.15137
5.00612
4.86419
4.7259
4.59099
4.45979
4.3321
4.20818
4.08792
3.97149
3.8589
3.75017
3.64545
3.54463
3.44796
3.35523
3.26682
3.18243
3.10257
3.02693
2.95605
2.88976
2.82871
2.77296
2.72337
2.6805
2.64568
2.62066
2.60869
2.60992
2.61484
2.62753
2.65436
2.70439
2.77167
2.8532
2.94598
3.04756
3.15546
3.26891
3.38485
3.4996
3.60857
3.70711
3.7923
3.86294
3.91991
3.96492
4.00028
4.02795
4.04959
4.06638
4.07913
4.08832
4.09441
4.0964
4.0961
4.09498
4.09234
4.08691
4.07851
4.06837
4.0563
4.0432
4.02952
4.01511
4.00989
11.1905
10.8097
10.3526
10.0946
9.95543
9.8481
9.72531
9.5972
9.44691
9.28993
9.12829
8.96187
8.79124
8.6171
8.44007
8.26073
8.07962
7.89725
7.71414
7.53076
7.34761
7.16507
6.98365
6.80368
6.62578
6.45026
6.27763
6.10799
5.94175
5.77885
5.61948
5.46353
5.31109
5.16205
5.0165
4.87434
4.73571
4.60053
4.46891
4.34089
4.21648
4.09581
3.97884
3.86571
3.7564
3.65104
3.54957
3.45215
3.35865
3.26938
3.18401
3.10313
3.02627
2.95416
2.88629
2.82357
2.7657
2.71365
2.6677
2.62882
2.59929
2.5789
2.57931
2.58238
2.59155
2.61178
2.6534
2.71971
2.80651
2.91182
3.03235
3.16304
3.29803
3.43049
3.55411
3.66407
3.75765
3.83459
3.89627
3.94514
3.98367
4.0142
4.03846
4.05777
4.07301
4.08474
4.09328
4.09889
4.10053
4.10015
4.09893
4.09612
4.09043
4.08182
4.07139
4.05924
4.04583
4.0321
4.0174
4.01199
11.1733
10.8136
10.3568
10.0974
9.95702
9.85167
9.7289
9.60347
9.45348
9.29672
9.1352
8.96874
8.79797
8.62372
8.44655
8.26709
8.08587
7.90341
7.72021
7.53676
7.35357
7.17099
6.98957
6.80957
6.63171
6.45613
6.2835
6.11383
5.94756
5.78459
5.62513
5.46909
5.31649
5.16733
5.02159
4.8793
4.74045
4.60511
4.47325
4.34504
4.22034
4.09944
3.98216
3.86876
3.75913
3.65343
3.55163
3.45381
3.35995
3.27021
3.18441
3.10297
3.02556
2.95278
2.88423
2.82069
2.76186
2.70868
2.66128
2.62063
2.58848
2.56517
2.5621
2.56449
2.57252
2.5909
2.62849
2.69262
2.78113
2.89324
3.02529
3.17015
3.31834
3.45989
3.58704
3.69562
3.78481
3.85631
3.91286
3.95751
3.99286
4.02111
4.04377
4.06198
4.07646
4.0877
4.09591
4.1013
4.10271
4.10234
4.1011
4.0982
4.09235
4.08363
4.07302
4.06081
4.04727
4.03344
4.01864
4.01308
)
;

boundaryField
{
    inlet
    {
        type            fixedValue;
        value           uniform 1;
    }
    outlet
    {
        type            waveTransmissive;
        gamma           1.4;
        fieldInf        1;
        lInf            3;
        value           nonuniform List<scalar> 
40
(
2.82938
2.82673
2.82233
2.81695
2.81116
2.80571
2.80133
2.79848
2.79768
2.79941
2.8047
2.81547
2.83321
2.85917
2.89245
2.9376
3.00545
3.10657
3.22742
3.35591
3.4775
3.58048
3.66065
3.72074
3.76574
3.8015
3.83492
3.86472
3.88996
3.91248
3.93216
3.94885
3.96226
3.97323
3.98203
3.98911
3.99402
3.99756
3.99963
4.00071
)
;
    }
    top
    {
        type            symmetryPlane;
    }
    bottom
    {
        type            symmetryPlane;
    }
    obstacle
    {
        type            zeroGradient;
    }
    frontAndBack
    {
        type            empty;
    }
}


// ************************************************************************* //
