/*--------------------------------*- C++ -*----------------------------------*\
  =========                 |
  \\      /  F ield         | OpenFOAM: The Open Source CFD Toolbox
   \\    /   O peration     | Website:  https://openfoam.org
    \\  /    A nd           | Version:  13
     \\/     M anipulation  |
\*---------------------------------------------------------------------------*/
FoamFile
{
    format      ascii;
    class       volScalarField;
    location    "8.5";
    object      rho;
}
// * * * * * * * * * * * * * * * * * * * * * * * * * * * * * * * * * * * * * //

dimensions      [1 -3 0 0 0 0 0];

internalField   nonuniform List<scalar> 
5250
(
1.40001
1.40003
1.40007
1.40021
1.40046
1.40132
1.40279
1.40786
1.41713
1.44499
1.50117
1.63457
1.90422
2.592
5.25248
5.74362
5.68597
5.66474
5.68638
5.76626
5.85067
5.90313
5.94445
5.97575
6.00247
1.40001
1.40003
1.40008
1.40019
1.40052
1.40113
1.40319
1.40684
1.41875
1.44173
1.50352
1.62913
1.90192
2.57573
5.21326
5.74243
5.6848
5.66189
5.68372
5.76383
5.84828
5.90106
5.94327
5.97545
6.00323
1.40001
1.40003
1.40008
1.40018
1.40051
1.4011
1.40309
1.40674
1.41818
1.44099
1.50108
1.62452
1.89212
2.54417
5.12541
5.74011
5.68125
5.65248
5.67375
5.75216
5.8362
5.88766
5.93
5.96158
5.98936
1.40001
1.40003
1.40008
1.40017
1.4005
1.40105
1.40302
1.4064
1.41774
1.43919
1.49806
1.61697
1.87768
2.49691
4.9866
5.73962
5.67686
5.63651
5.65568
5.73218
5.8124
5.86512
5.90501
5.93734
5.96541
1.40001
1.40002
1.40008
1.40016
1.40047
1.401
1.40287
1.40608
1.41687
1.43725
1.49348
1.60723
1.85757
2.43564
4.79309
5.74385
5.67299
5.61469
5.6317
5.70307
5.78184
5.82927
5.86916
5.89849
5.92933
1.40001
1.40002
1.40007
1.40015
1.40044
1.40093
1.40268
1.40567
1.41579
1.43479
1.48775
1.59485
1.83196
2.36179
4.53887
5.75494
5.67124
5.58761
5.60137
5.66605
5.7415
5.78546
5.82037
5.84969
5.88024
1.40001
1.40002
1.40007
1.40014
1.4004
1.40087
1.40241
1.40532
1.41422
1.43234
1.48026
1.58049
1.80033
2.27772
4.21882
5.77797
5.67431
5.55576
5.56482
5.61981
5.68891
5.72622
5.7551
5.77721
5.80935
1.40001
1.40002
1.40006
1.40013
1.40037
1.40077
1.4022
1.40467
1.41298
1.42862
1.47284
1.56277
1.76462
2.18636
3.83452
5.81189
5.68473
5.52315
5.52551
5.56759
5.62614
5.65284
5.67012
5.68062
5.70691
1.40001
1.40002
1.40005
1.40012
1.40031
1.4007
1.40187
1.40421
1.4112
1.42546
1.46377
1.54472
1.72474
2.09479
3.39959
5.83241
5.69643
5.49315
5.4845
5.5085
5.55148
5.56019
5.55748
5.54242
5.54663
1.40001
1.40002
1.40004
1.40011
1.40025
1.40066
1.40151
1.40391
1.40918
1.42308
1.45408
1.52827
1.68477
2.01214
2.98815
5.77557
5.68072
5.46956
5.43949
5.44369
5.46313
5.45154
5.41909
5.34942
5.29321
1.40001
1.40002
1.40004
1.40009
1.40024
1.40054
1.40139
1.40331
1.40822
1.41992
1.44803
1.51267
1.65392
1.94701
2.7395
5.51242
5.55401
5.45256
5.37938
5.36943
5.35864
5.32482
5.23419
5.02237
4.42597
1.40001
1.40001
1.40004
1.40008
1.40021
1.40046
1.40122
1.40284
1.40723
1.41719
1.44229
1.49863
1.62513
1.88787
2.53361
5.04587
5.45337
5.40344
5.31203
5.28812
5.25474
5.18629
5.04056
4.74677
4.11524
1.40001
1.40001
1.40003
1.40008
1.40016
1.40044
1.40097
1.40258
1.40595
1.41525
1.43563
1.4865
1.59524
1.82931
2.35571
4.50575
5.39667
5.36049
5.25496
5.20055
5.1509
5.05482
4.86742
4.56149
4.08109
1.40001
1.40001
1.40003
1.40006
1.40015
1.40035
1.40084
1.40215
1.40495
1.41289
1.42971
1.47321
1.5661
1.76835
2.19575
3.89775
5.38071
5.33847
5.21287
5.12183
5.04853
4.93444
4.74488
4.46393
4.0879
1.40001
1.40001
1.40002
1.40005
1.40012
1.40028
1.40071
1.40167
1.40419
1.41012
1.42468
1.45895
1.53739
1.7054
2.05057
3.22355
5.34444
5.31728
5.19858
5.05773
4.96013
4.83592
4.65247
4.40327
4.09151
1.40001
1.40001
1.40002
1.40004
1.40009
1.40023
1.40056
1.40133
1.4034
1.40788
1.4201
1.44659
1.51147
1.6487
1.93376
2.68953
5.13957
5.26366
5.18273
5.01
4.88903
4.76093
4.58331
4.35665
4.08591
1.40001
1.40001
1.40002
1.40003
1.40008
1.40018
1.40047
1.40103
1.40281
1.40613
1.41653
1.43694
1.49156
1.60359
1.84703
2.40356
4.58414
5.16104
5.11478
4.97551
4.82961
4.69808
4.53037
4.32073
4.07863
1.40001
1.40001
1.40001
1.40003
1.40006
1.40016
1.40033
1.40092
1.40195
1.40541
1.41185
1.43131
1.47024
1.56731
1.76266
2.18396
3.84598
5.0859
5.06072
4.95859
4.78639
4.64314
4.48507
4.29288
4.07264
1.40001
1.40001
1.40001
1.40002
1.40005
1.40011
1.40029
1.40061
1.40171
1.40363
1.41007
1.42203
1.45662
1.52661
1.68765
2.00096
3.02927
4.98949
5.03218
4.95822
4.77962
4.60822
4.44884
4.27145
4.07112
1.40001
1.40001
1.40001
1.40002
1.40004
1.40008
1.40021
1.40047
1.40128
1.40274
1.40757
1.4165
1.443
1.49619
1.623
1.87186
2.49142
4.65154
4.98991
4.93122
4.77871
4.58808
4.42453
4.25581
4.07122
1.40001
1.40001
1.40001
1.40002
1.40003
1.40007
1.40015
1.40039
1.40087
1.40225
1.40526
1.41317
1.43128
1.47484
1.57089
1.77455
2.20474
3.89846
4.89733
4.87286
4.77984
4.5809
4.40996
4.24982
4.07637
1.40001
1.40001
1.40001
1.40001
1.40002
1.40005
1.40011
1.40029
1.40063
1.40166
1.4038
1.4097
1.42268
1.45547
1.52699
1.68477
1.99106
3.02117
4.75917
4.84102
4.77587
4.60994
4.41589
4.24933
4.08874
1.40001
1.40001
1.40001
1.40001
1.40002
1.40004
1.40008
1.40021
1.40044
1.40123
1.40261
1.40717
1.41568
1.44079
1.49088
1.61162
1.84287
2.40732
4.36064
4.80328
4.75866
4.63488
4.44186
4.26529
4.10481
1.40001
1.40001
1.40001
1.40001
1.40001
1.40003
1.40006
1.40015
1.40032
1.40087
1.40186
1.40514
1.41109
1.4295
1.46546
1.55647
1.7369
2.11231
3.5564
4.72058
4.70835
4.64327
4.47899
4.29384
4.13132
1.40001
1.40001
1.40001
1.40001
1.40001
1.40002
1.40005
1.40009
1.40024
1.40055
1.40139
1.40328
1.40807
1.41941
1.44624
1.50773
1.64104
1.89069
2.57699
4.50531
4.71381
4.6594
4.52898
4.32979
4.16344
1.40001
1.40001
1.40001
1.40001
1.40001
1.40002
1.40003
1.40007
1.40017
1.40037
1.40101
1.40215
1.40596
1.41276
1.43392
1.47467
1.57738
1.77533
2.21256
3.87634
4.6518
4.63441
4.55957
4.38463
4.20816
1.40001
1.40001
1.40001
1.40001
1.40001
1.40001
1.40002
1.40005
1.40012
1.40026
1.40066
1.40156
1.40382
1.40928
1.4222
1.45319
1.52286
1.67291
1.95783
2.92012
4.46572
4.62059
4.57565
4.45541
4.27992
1.40001
1.40001
1.40001
1.40001
1.40001
1.40001
1.40002
1.40004
1.40008
1.40018
1.40045
1.40102
1.40267
1.40591
1.41555
1.43472
1.4853
1.58888
1.80023
2.28145
3.97854
4.57445
4.5607
4.50976
4.38175
1.40001
1.40001
1.40001
1.40001
1.40001
1.40001
1.40001
1.40002
1.40006
1.40012
1.40031
1.40068
1.40175
1.40404
1.41011
1.42377
1.45719
1.53084
1.68887
1.98947
3.06319
4.40915
4.57373
4.55117
4.49173
1.40001
1.40001
1.40001
1.40001
1.40001
1.40001
1.40001
1.40002
1.40004
1.40008
1.40021
1.40043
1.40119
1.4025
1.40689
1.4148
1.43873
1.48522
1.59894
1.80422
2.31197
3.98831
4.55727
4.62558
4.62537
1.40001
1.40001
1.40001
1.40001
1.40001
1.40001
1.40001
1.40001
1.40003
1.40005
1.40014
1.40028
1.40078
1.40164
1.4045
1.40968
1.42557
1.45658
1.53576
1.69082
1.99824
3.07911
4.4114
4.74575
4.83869
1.40001
1.40001
1.40001
1.40001
1.40001
1.40001
1.40001
1.40001
1.40002
1.40004
1.40008
1.40021
1.40045
1.40118
1.40267
1.40676
1.41573
1.43848
1.48828
1.60109
1.81387
2.33401
4.01325
4.8558
5.18062
1.40001
1.40001
1.40001
1.40001
1.40001
1.40001
1.40001
1.40001
1.40001
1.40003
1.40006
1.40014
1.40031
1.40076
1.40186
1.40434
1.41095
1.42519
1.46153
1.53913
1.70714
2.03283
3.13166
4.8344
5.65385
1.40001
1.40001
1.40001
1.40001
1.40001
1.40001
1.40001
1.40001
1.40001
1.40002
1.40004
1.4001
1.40021
1.40057
1.4012
1.40331
1.40715
1.41902
1.44241
1.5037
1.62921
1.8901
2.54937
4.58825
6.14885
1.40001
1.40001
1.40001
1.40001
1.40001
1.40001
1.40001
1.40001
1.40001
1.40002
1.40003
1.40007
1.40017
1.40042
1.40096
1.40252
1.40563
1.41493
1.43373
1.48375
1.58849
1.81957
2.35197
4.17532
6.44229
1.40001
1.40001
1.40001
1.40001
1.40001
1.40001
1.40001
1.40001
1.40001
1.40001
1.40003
1.40006
1.40015
1.40033
1.40085
1.40199
1.40503
1.41209
1.42991
1.471
1.56684
1.77071
2.25077
3.78272
6.53816
1.40001
1.40001
1.40001
1.40001
1.40001
1.40001
1.40001
1.40001
1.40001
1.40001
1.40003
1.40005
1.40014
1.40028
1.40079
1.40171
1.40475
1.41059
1.4281
1.46423
1.55565
1.74428
2.18006
3.59719
6.50205
1.40001
1.40001
1.40001
1.40001
1.40001
1.40001
1.40001
1.40001
1.40001
1.40001
1.40002
1.40005
1.40012
1.4003
1.40067
1.40182
1.40404
1.41099
1.42491
1.46331
1.54522
1.72978
2.12725
3.45824
6.42911
1.40001
1.40001
1.40001
1.40001
1.40001
1.40001
1.40001
1.40001
1.40001
1.40001
1.40002
1.40005
1.40012
1.40026
1.40073
1.40154
1.40439
1.40951
1.42592
1.45825
1.54274
1.71491
2.088
3.32475
6.37438
1.40001
1.40001
1.40001
1.40001
1.40001
1.40001
1.40001
1.40001
1.40001
1.40001
1.40002
1.40004
1.40012
1.40025
1.4007
1.40152
1.40417
1.40941
1.4248
1.45701
1.53805
1.70616
2.06105
3.2245
6.30164
1.40001
1.40001
1.40001
1.40001
1.40001
1.40001
1.40001
1.40001
1.40001
1.40001
1.40002
1.40005
1.4001
1.40028
1.4006
1.40169
1.4036
1.41014
1.42239
1.45801
1.53152
1.70062
2.03909
3.14849
6.21605
1.40001
1.40001
1.40001
1.40001
1.40001
1.40001
1.40001
1.40001
1.40001
1.40001
1.40002
1.40005
1.4001
1.40027
1.40058
1.40166
1.40351
1.4099
1.42179
1.45661
1.52813
1.69346
2.02127
3.07959
6.13245
1.40001
1.40001
1.40001
1.40001
1.40001
1.40001
1.40001
1.40001
1.40001
1.40001
1.40002
1.40004
1.40011
1.40024
1.40062
1.40149
1.4037
1.40915
1.42221
1.45395
1.52671
1.68548
2.00666
3.01793
6.05471
1.40001
1.40001
1.40001
1.40001
1.40001
1.40001
1.40001
1.40001
1.40001
1.40001
1.40002
1.40004
1.40011
1.40023
1.40063
1.4014
1.40376
1.40864
1.42234
1.45188
1.52505
1.67862
1.99425
2.96325
5.98132
1.40001
1.40001
1.40001
1.40001
1.40001
1.40001
1.40001
1.40001
1.40001
1.40001
1.40002
1.40005
1.40009
1.40026
1.40055
1.40153
1.40341
1.40908
1.42086
1.45258
1.52064
1.67527
1.98336
2.91682
5.91278
1.40001
1.40001
1.40001
1.40001
1.40001
1.40001
1.40001
1.40001
1.40001
1.40001
1.40002
1.40005
1.40009
1.40025
1.40056
1.40147
1.40342
1.40879
1.42078
1.45135
1.51906
1.67047
1.97729
2.87872
5.8525
1.40001
1.40001
1.40001
1.40001
1.40001
1.40001
1.40001
1.40001
1.40001
1.40001
1.40002
1.40004
1.4001
1.40024
1.40055
1.40149
1.40328
1.40894
1.42001
1.45134
1.51684
1.66731
1.97384
2.84909
5.80311
1.40001
1.40001
1.40001
1.40001
1.40001
1.40001
1.40001
1.40001
1.40001
1.40001
1.40002
1.40004
1.40011
1.40022
1.4006
1.40133
1.40357
1.40815
1.42109
1.44888
1.51791
1.66261
1.97368
2.82711
5.76664
1.40001
1.40001
1.40001
1.40001
1.40001
1.40001
1.40001
1.40001
1.40001
1.40001
1.40002
1.40004
1.4001
1.40022
1.40061
1.40129
1.40366
1.40781
1.42151
1.44768
1.51802
1.66005
1.97354
2.81225
5.74284
1.40001
1.40001
1.40001
1.40001
1.40001
1.40001
1.40001
1.40001
1.40001
1.40001
1.40002
1.40005
1.40009
1.40025
1.40052
1.40149
1.40315
1.40887
1.4194
1.45066
1.51397
1.66234
1.97109
2.80418
5.73115
2.25215
1.8341
2.14399
1.98531
1.88249
1.85844
1.84328
1.80848
1.76931
1.73572
1.70828
1.67904
1.64609
1.62508
1.61788
1.61592
1.61881
1.63606
1.66514
1.70334
1.74713
1.7935
1.84016
1.88473
1.92779
1.96838
2.00678
2.04302
2.07839
2.1105
2.1425
2.1739
2.20302
2.23013
2.25478
2.27788
2.29906
2.31649
2.3333
2.34844
2.36269
2.37251
2.38245
2.38903
2.39496
2.39853
2.40138
2.40135
2.40049
2.39796
2.39457
2.39008
2.38363
2.37718
2.36883
2.35995
2.34975
2.33873
2.32671
2.31442
2.30059
2.28696
2.27185
2.25736
2.24077
2.22545
2.20791
2.19144
2.17343
2.15582
2.13737
2.11909
2.10007
2.08152
2.06212
2.04339
2.0239
2.00511
1.98566
1.96704
1.94761
1.9294
1.90993
1.89224
1.87283
1.85558
1.83652
1.81947
1.80109
1.7841
1.76653
1.74981
1.73299
1.71691
1.70107
1.6862
1.6719
1.65925
1.64796
1.64079
2.77499
2.39477
2.33827
2.09892
1.89251
1.8434
1.7952
1.72904
1.67105
1.62944
1.59916
1.57082
1.54279
1.5186
1.50684
1.50208
1.50273
1.52044
1.54999
1.59183
1.63952
1.69082
1.74366
1.79543
1.84492
1.89283
1.93912
1.98357
2.02437
2.06414
2.10107
2.13953
2.17502
2.20876
2.24006
2.26909
2.29534
2.31961
2.3419
2.36333
2.38186
2.39901
2.41273
2.42549
2.43468
2.44505
2.45139
2.45681
2.45859
2.46103
2.46078
2.45986
2.4566
2.4531
2.44688
2.44095
2.43241
2.42425
2.41334
2.40335
2.39019
2.37844
2.36362
2.34997
2.33409
2.3187
2.30196
2.28527
2.26761
2.24999
2.23146
2.21306
2.19388
2.17481
2.15527
2.13571
2.11597
2.09622
2.07635
2.05673
2.03672
2.01741
1.99734
1.97835
1.95846
1.9396
1.92019
1.90139
1.88262
1.86387
1.84586
1.82752
1.8103
1.79264
1.77629
1.75977
1.74492
1.73057
1.71863
1.70972
3.27384
2.8093
2.56812
2.37144
2.14237
2.00739
1.86383
1.75659
1.67182
1.62127
1.58585
1.54006
1.50147
1.47068
1.45375
1.44477
1.44655
1.46543
1.49658
1.5407
1.59411
1.65171
1.71166
1.77041
1.82733
1.88226
1.93453
1.98664
2.03536
2.08476
2.13107
2.17802
2.21988
2.26212
2.29905
2.33577
2.36798
2.39957
2.427
2.45383
2.47654
2.49728
2.51448
2.52928
2.54157
2.55168
2.56139
2.56718
2.57031
2.57189
2.5727
2.57151
2.5691
2.56476
2.55908
2.55217
2.54373
2.53442
2.52381
2.51202
2.49971
2.48557
2.47179
2.45568
2.44046
2.42282
2.40621
2.38737
2.36954
2.34971
2.3309
2.3103
2.29076
2.26969
2.24966
2.22843
2.20801
2.18692
2.16617
2.14543
2.12443
2.10413
2.08307
2.06317
2.04239
2.02266
2.00249
1.98316
1.96373
1.94478
1.92599
1.9075
1.88939
1.87169
1.85443
1.83794
1.82212
1.80781
1.79479
1.78584
3.52486
3.0646
2.7589
2.55157
2.36268
2.21488
2.09021
1.94692
1.81254
1.69607
1.63111
1.57186
1.52162
1.48236
1.46
1.45285
1.45782
1.47812
1.51494
1.56569
1.62612
1.691
1.75916
1.82611
1.89123
1.9538
2.01385
2.07256
2.12951
2.1851
2.23863
2.29024
2.33925
2.38517
2.4278
2.46707
2.50338
2.53636
2.5669
2.59425
2.61866
2.64023
2.65785
2.67362
2.6849
2.69611
2.70453
2.71129
2.71251
2.71348
2.7119
2.71049
2.70551
2.70085
2.69264
2.68491
2.67408
2.66361
2.65059
2.6378
2.62284
2.60816
2.59141
2.57518
2.55676
2.53914
2.51923
2.50038
2.47931
2.45939
2.4374
2.41656
2.39382
2.37232
2.34904
2.32727
2.30368
2.28195
2.25821
2.23661
2.21282
2.19133
2.16767
2.14629
2.12342
2.10221
2.08008
2.05878
2.03743
2.01635
1.99578
1.97514
1.95542
1.93552
1.91686
1.89813
1.88108
1.86445
1.85032
1.83884
3.65482
3.2493
2.93785
2.71029
2.53442
2.38031
2.26193
2.14028
2.02141
1.90623
1.79836
1.70898
1.63494
1.58151
1.54554
1.53107
1.53562
1.55499
1.5949
1.65337
1.71961
1.7898
1.86367
1.93816
2.01034
2.08024
2.1461
2.20973
2.26975
2.32774
2.38215
2.43388
2.48166
2.52611
2.56642
2.60352
2.63667
2.66712
2.69404
2.71832
2.73955
2.75781
2.77303
2.78555
2.79455
2.80325
2.80931
2.81446
2.81344
2.812
2.80762
2.80405
2.79724
2.79069
2.78115
2.77152
2.75955
2.74715
2.73305
2.71827
2.70234
2.68566
2.66826
2.65007
2.63148
2.612
2.59252
2.57195
2.55179
2.53024
2.50946
2.48717
2.46588
2.44321
2.42151
2.39872
2.37657
2.35374
2.3312
2.3084
2.28576
2.26325
2.24108
2.21873
2.19681
2.17458
2.15312
2.13101
2.11008
2.08827
2.06792
2.04659
2.02688
2.00627
1.98742
1.9679
1.95043
1.9329
1.91804
1.90543
3.73556
3.38344
3.09239
2.86093
2.67988
2.52946
2.40443
2.29424
2.18807
2.09051
2.00001
1.91706
1.84918
1.79198
1.75787
1.74051
1.74486
1.76147
1.7938
1.845
1.9033
1.96396
2.03633
2.10857
2.18253
2.25003
2.31605
2.3753
2.43281
2.48432
2.53373
2.57816
2.62017
2.6577
2.69261
2.72353
2.75179
2.77648
2.79872
2.81808
2.83483
2.84905
2.86007
2.86904
2.87441
2.87992
2.88331
2.88595
2.88378
2.87973
2.87359
2.86744
2.85973
2.8512
2.8413
2.83003
2.81794
2.80423
2.79015
2.7743
2.75835
2.74062
2.7229
2.70353
2.68424
2.66351
2.64288
2.62105
2.59929
2.57666
2.554
2.53089
2.50751
2.48423
2.46029
2.43716
2.41292
2.39007
2.36585
2.34369
2.31974
2.29784
2.27417
2.25241
2.22915
2.2075
2.18483
2.16336
2.14135
2.12018
2.09888
2.07818
2.05768
2.03766
2.01813
1.99919
1.98107
1.96407
1.94851
1.93612
3.78763
3.48494
3.21533
2.99272
2.80964
2.66029
2.5359
2.42907
2.33422
2.2487
2.17738
2.11376
2.06421
2.02129
1.99546
1.98083
1.98199
1.99073
2.00477
2.02974
2.05739
2.09587
2.14915
2.20898
2.27734
2.34571
2.40877
2.46641
2.51843
2.56607
2.60961
2.65029
2.68771
2.72265
2.75469
2.7844
2.81094
2.83487
2.85588
2.87449
2.89032
2.9038
2.91422
2.9227
2.92774
2.93283
2.93632
2.93872
2.93731
2.93298
2.92676
2.91978
2.91174
2.90251
2.89222
2.88041
2.86781
2.85366
2.83904
2.82296
2.80666
2.78896
2.77125
2.75218
2.73317
2.71289
2.69268
2.67131
2.64998
2.62773
2.60537
2.58252
2.55926
2.53612
2.51213
2.48893
2.46467
2.44184
2.41739
2.39457
2.3701
2.34728
2.32307
2.30021
2.27649
2.25362
2.23056
2.20775
2.18542
2.16284
2.14125
2.11911
2.09833
2.0769
2.05709
2.03674
2.01834
1.99989
1.98399
1.97005
3.82215
3.5594
3.31402
3.10094
2.92352
2.77449
2.6524
2.5505
2.46527
2.39552
2.34303
2.30125
2.27292
2.24834
2.23298
2.22338
2.22155
2.21698
2.20133
2.18745
2.19579
2.21231
2.2397
2.28367
2.34006
2.4079
2.47565
2.53695
2.59137
2.64006
2.68355
2.7241
2.7607
2.79509
2.82673
2.85581
2.88162
2.90523
2.92538
2.94371
2.95869
2.9721
2.98211
2.99087
2.9955
3.00049
3.00374
3.00595
3.0049
3.00058
2.99443
2.9867
2.97841
2.96844
2.95813
2.94586
2.93334
2.91882
2.9042
2.88765
2.87108
2.8527
2.83435
2.81431
2.7944
2.77294
2.75164
2.72907
2.70655
2.68317
2.65964
2.6358
2.61154
2.58751
2.56307
2.53928
2.51467
2.49088
2.4663
2.44248
2.41811
2.39428
2.37032
2.34657
2.32314
2.29952
2.27667
2.2533
2.23107
2.20807
2.18652
2.16406
2.1433
2.12162
2.10186
2.08133
2.06299
2.04445
2.02849
2.01456
3.8491
3.6167
3.39417
3.19348
3.02183
2.87824
2.7596
2.66508
2.59498
2.54503
2.51893
2.49234
2.48559
2.48925
2.47792
2.46801
2.4582
2.43364
2.38135
2.3388
2.31562
2.32051
2.33496
2.3575
2.39921
2.45088
2.51519
2.58122
2.64171
2.69467
2.74094
2.78164
2.81836
2.85159
2.88198
2.90975
2.93479
2.95724
2.97687
2.99422
3.0082
3.02069
3.02965
3.03757
3.04076
3.04464
3.04649
3.04818
3.04639
3.04219
3.03511
3.02675
3.01677
3.00574
2.99372
2.98052
2.96661
2.9514
2.93568
2.91866
2.90126
2.88264
2.86376
2.84373
2.82353
2.80227
2.78085
2.75854
2.73598
2.71282
2.68927
2.66556
2.64141
2.61767
2.59311
2.56934
2.54443
2.52068
2.49567
2.47197
2.44711
2.4235
2.39903
2.37551
2.35159
2.32821
2.30494
2.28181
2.2593
2.23658
2.21487
2.19278
2.17196
2.15076
2.13102
2.11113
2.09288
2.07516
2.0593
2.04648
3.87189
3.66367
3.46044
3.27441
3.11029
2.97434
2.86345
2.78095
2.73558
2.71022
2.69491
2.69521
2.72446
2.73519
2.72202
2.70912
2.68173
2.62037
2.54579
2.48423
2.44164
2.42331
2.42968
2.44134
2.45955
2.49645
2.5417
2.59751
2.65879
2.71608
2.76711
2.81081
2.84943
2.88238
2.91263
2.93872
2.96279
2.98358
3.00209
3.01765
3.03112
3.04203
3.05047
3.05683
3.06013
3.06246
3.06403
3.06425
3.06241
3.05737
3.05061
3.04161
3.03181
3.02033
3.00861
2.99528
2.98184
2.96672
2.95147
2.93457
2.9175
2.89897
2.88022
2.86028
2.84003
2.8189
2.79726
2.77513
2.75219
2.72927
2.70534
2.68219
2.65762
2.63428
2.60919
2.58564
2.56027
2.53654
2.51117
2.48735
2.46227
2.43843
2.41381
2.39004
2.36601
2.34239
2.31903
2.29567
2.27305
2.25013
2.22831
2.20605
2.18517
2.16388
2.14421
2.12436
2.1064
2.08902
2.07361
2.06138
3.89295
3.70437
3.51873
3.34731
3.19444
3.06998
2.97195
2.91497
2.89738
2.88521
2.89062
2.93683
2.97792
2.97123
2.95888
2.93417
2.87724
2.78414
2.6961
2.62396
2.5708
2.53696
2.52149
2.5249
2.53389
2.54775
2.57625
2.61367
2.65998
2.71443
2.76734
2.81769
2.86066
2.8991
2.93052
2.95894
2.98276
3.00433
3.02287
3.03911
3.05281
3.06447
3.07368
3.08116
3.08539
3.08807
3.08976
3.09074
3.08989
3.08616
3.08042
3.07255
3.0633
3.05218
3.04041
3.02703
3.01337
2.99803
2.98252
2.96528
2.94796
2.92905
2.9101
2.88978
2.86937
2.84788
2.82613
2.80365
2.78079
2.75779
2.73422
2.71083
2.68666
2.66291
2.63829
2.61424
2.58942
2.56515
2.54033
2.51593
2.49129
2.4669
2.44262
2.41838
2.3946
2.37067
2.34751
2.32399
2.30158
2.2786
2.2571
2.23488
2.21447
2.19335
2.17436
2.15491
2.1379
2.12112
2.1064
2.09565
3.91696
3.74379
3.57311
3.41804
3.28005
3.17225
3.09775
3.08135
3.07196
3.0798
3.12632
3.19115
3.21029
3.19759
3.17494
3.12578
3.02549
2.92361
2.83381
2.75898
2.69982
2.65589
2.62557
2.61051
2.60529
2.6122
2.62127
2.63914
2.67052
2.70449
2.74976
2.80036
2.84913
2.89276
2.92997
2.96154
2.98773
3.00999
3.02897
3.04476
3.05868
3.06959
3.07899
3.08634
3.09114
3.09316
3.09455
3.09517
3.0942
3.09036
3.08444
3.07633
3.06687
3.05563
3.04368
3.0302
3.01634
3.00097
2.98531
2.96814
2.95072
2.93192
2.91288
2.8927
2.87215
2.8508
2.82886
2.8067
2.78386
2.76123
2.7376
2.71452
2.69023
2.66674
2.64202
2.61825
2.59335
2.56937
2.54449
2.52039
2.49568
2.47158
2.44719
2.42323
2.39936
2.37572
2.35255
2.32939
2.30708
2.28456
2.26331
2.24168
2.22176
2.20145
2.18327
2.16512
2.14914
2.13404
2.12056
2.11329
3.94457
3.78399
3.63054
3.49037
3.3779
3.29175
3.26615
3.25817
3.26763
3.31483
3.38803
3.42692
3.41634
3.39736
3.35364
3.26056
3.15244
3.05192
2.96543
2.89066
2.82908
2.77693
2.73681
2.70559
2.68619
2.67381
2.67574
2.68018
2.69121
2.71266
2.7377
2.77493
2.82117
2.86756
2.91098
2.94814
2.97958
3.00528
3.02599
3.04368
3.05789
3.07048
3.08048
3.08865
3.09465
3.09768
3.0994
3.10013
3.09998
3.0974
3.09265
3.08558
3.07726
3.06687
3.05568
3.04269
3.02933
3.01432
2.99909
2.98227
2.96523
2.94673
2.92797
2.90799
2.88763
2.86641
2.84483
2.82291
2.8004
2.7779
2.75451
2.73145
2.70729
2.68376
2.65909
2.63522
2.61035
2.58627
2.56146
2.5373
2.51273
2.48863
2.46445
2.44053
2.41692
2.39327
2.37039
2.34717
2.32521
2.30269
2.28188
2.26046
2.2412
2.22142
2.20439
2.18703
2.17242
2.15893
2.14756
2.14371
3.97527
3.83054
3.69436
3.58119
3.49294
3.45875
3.45061
3.46057
3.5053
3.58308
3.63019
3.62181
3.60529
3.56533
3.47782
3.37049
3.26787
3.1746
3.09351
3.01965
2.95616
2.89769
2.84937
2.8064
2.77392
2.74757
2.73202
2.72225
2.72661
2.73227
2.74487
2.76505
2.79359
2.83402
2.87713
2.91834
2.95594
2.98676
3.0131
3.03324
3.05046
3.0637
3.07503
3.08381
3.09066
3.09508
3.09682
3.09796
3.09839
3.09687
3.09293
3.08662
3.07893
3.06912
3.05834
3.04571
3.03253
3.01765
3.00247
2.98567
2.96869
2.9502
2.93149
2.91148
2.89111
2.87003
2.84847
2.82674
2.8042
2.78191
2.75856
2.73572
2.71178
2.6884
2.66408
2.64025
2.61578
2.59167
2.56725
2.54303
2.51883
2.49469
2.47084
2.44698
2.42365
2.40027
2.37767
2.35492
2.33337
2.31148
2.29137
2.27078
2.25263
2.23418
2.21863
2.2028
2.19051
2.17994
2.17204
2.17225
4.01742
3.88768
3.77702
3.69205
3.65659
3.64898
3.6585
3.70568
3.78053
3.82812
3.82011
3.80362
3.76264
3.67404
3.57055
3.47018
3.37872
3.29437
3.21769
3.14509
3.07898
3.01625
2.96067
2.90945
2.866
2.82842
2.79933
2.77721
2.76471
2.76025
2.76499
2.77215
2.78561
2.80755
2.83981
2.87889
2.9174
2.95449
2.98579
3.0129
3.03405
3.05131
3.06493
3.07531
3.08342
3.08924
3.09215
3.09337
3.09401
3.09334
3.09102
3.08584
3.07926
3.07042
3.06059
3.04865
3.03607
3.02162
3.00676
2.99028
2.97345
2.9552
2.93644
2.91657
2.89626
2.87539
2.85395
2.83236
2.81
2.78777
2.76463
2.74182
2.71806
2.69477
2.6706
2.64695
2.62265
2.59877
2.57456
2.55061
2.52667
2.50278
2.47926
2.45558
2.43266
2.4094
2.38733
2.36476
2.34388
2.32247
2.30319
2.28368
2.26677
2.25009
2.23581
2.22285
2.21339
2.20682
2.20418
2.20611
4.07306
3.96664
3.88708
3.85652
3.84924
3.85944
3.91484
3.9868
4.03054
4.02129
4.00198
3.95587
3.85899
3.75703
3.66023
3.57122
3.48905
3.41122
3.33647
3.26446
3.19599
3.13017
3.06932
3.01208
2.96058
2.91474
2.87495
2.84236
2.81663
2.79964
2.78891
2.79039
2.79465
2.80232
2.81663
2.84289
2.87578
2.9122
2.94823
2.98089
3.00843
3.03138
3.04881
3.06274
3.07269
3.08006
3.08493
3.0863
3.08752
3.0876
3.08656
3.0825
3.07677
3.06874
3.05963
3.04829
3.03625
3.02209
3.0076
2.99124
2.97471
2.95652
2.9381
2.91841
2.89861
2.87789
2.85696
2.83547
2.8135
2.79137
2.76851
2.74577
2.72228
2.69892
2.67517
2.65125
2.62753
2.60325
2.5797
2.55539
2.53206
2.50805
2.48502
2.46159
2.43906
2.41646
2.39468
2.3733
2.35261
2.333
2.31412
2.29713
2.28104
2.267
2.25446
2.24595
2.23998
2.23943
2.23919
2.24515
4.15137
4.07501
4.05562
4.04954
4.0634
4.13622
4.20837
4.24246
4.22968
4.20405
4.14459
4.04159
3.93727
3.8414
3.75563
3.67557
3.5994
3.52464
3.45098
3.37862
3.30823
3.24009
3.17505
3.11373
3.056
3.0042
2.95584
2.91556
2.87923
2.85155
2.82918
2.81608
2.80905
2.81231
2.81549
2.82404
2.83988
2.86891
2.90201
2.93629
2.96996
2.99827
3.02305
3.04131
3.05618
3.06594
3.07296
3.07619
3.07754
3.07774
3.07756
3.07498
3.07058
3.0635
3.05564
3.04514
3.03416
3.02065
3.00701
2.99105
2.97513
2.95713
2.93916
2.91983
2.90023
2.87999
2.85901
2.83806
2.81593
2.79431
2.77136
2.74904
2.72558
2.7026
2.67889
2.65542
2.63168
2.60796
2.58441
2.56063
2.53751
2.51387
2.49137
2.46812
2.44638
2.42396
2.40317
2.38219
2.36285
2.34408
2.3272
2.31171
2.29772
2.28612
2.27777
2.2742
2.27379
2.27448
2.27983
2.29705
4.27046
4.24557
4.24426
4.26875
4.36554
4.44256
4.46864
4.45401
4.42002
4.34264
4.23019
4.11846
4.02069
3.93429
3.85634
3.78183
3.70886
3.63538
3.56227
3.48893
3.41748
3.34702
3.27935
3.21441
3.15243
3.09536
3.04097
2.99374
2.94923
2.91287
2.88063
2.85609
2.83726
2.82817
2.82376
2.82619
2.82962
2.8395
2.85834
2.88904
2.92093
2.95437
2.98385
3.01004
3.02971
3.04515
3.05509
3.06168
3.06454
3.06515
3.06588
3.06454
3.06181
3.0559
3.04922
3.03974
3.02956
3.01687
3.00367
2.98844
2.97268
2.95542
2.93769
2.91904
2.89975
2.88002
2.85943
2.83875
2.81711
2.79554
2.77308
2.75079
2.72773
2.70498
2.68148
2.65851
2.63472
2.61175
2.58788
2.5651
2.54153
2.51904
2.49622
2.47421
2.45252
2.43135
2.41125
2.3916
2.37377
2.35692
2.34235
2.32872
2.31817
2.3104
2.30892
2.30868
2.31064
2.31564
2.32961
2.36812
4.4566
4.44722
4.47754
4.59651
4.69228
4.71326
4.69516
4.65041
4.55232
4.42613
4.30687
4.20307
4.11395
4.03525
3.96128
3.88952
3.81694
3.74415
3.66989
3.59632
3.52285
3.45095
3.38082
3.31302
3.24817
3.18655
3.12869
3.0751
3.02576
2.98149
2.94194
2.90809
2.87977
2.8579
2.84231
2.8365
2.83018
2.83371
2.83891
2.85023
2.87284
2.90155
2.93445
2.9646
2.99216
3.01323
3.03014
3.04067
3.04753
3.04948
3.0506
3.05025
3.0493
3.04454
3.03905
3.03052
3.02164
3.00987
2.99789
2.98317
2.96837
2.95141
2.93452
2.916
2.89749
2.87779
2.85803
2.83728
2.81653
2.7948
2.77324
2.75074
2.72859
2.7056
2.68303
2.65989
2.63699
2.61402
2.59098
2.5684
2.54556
2.5236
2.50137
2.48033
2.45922
2.43957
2.42028
2.40286
2.38667
2.37262
2.35977
2.34991
2.34388
2.34293
2.34338
2.34582
2.35558
2.37555
2.39684
2.44902
4.65236
4.73509
4.85785
4.95753
4.97357
4.9527
4.89744
4.77807
4.6361
4.50586
4.39445
4.30035
4.2172
4.14187
4.06889
3.99692
3.92368
3.85002
3.77478
3.70049
3.62618
3.55301
3.48125
3.41159
3.34417
3.27983
3.21823
3.16006
3.10616
3.05546
3.01031
2.96816
2.93234
2.90021
2.87508
2.85511
2.84467
2.83538
2.83174
2.83484
2.84225
2.85591
2.88214
2.91087
2.94057
2.96824
2.99135
3.00917
3.02109
3.02843
3.03074
3.03122
3.03113
3.02924
3.02472
3.01793
3.00979
2.99976
2.98832
2.97522
2.96067
2.94506
2.92836
2.91088
2.89266
2.87372
2.85439
2.83429
2.814
2.79285
2.77179
2.74975
2.72821
2.70554
2.68373
2.66074
2.63878
2.61584
2.59386
2.57133
2.54964
2.52782
2.5069
2.48626
2.46675
2.44808
2.43094
2.41568
2.40226
2.39041
2.38148
2.37793
2.37738
2.37815
2.3837
2.39527
2.41935
2.4517
2.47946
2.53465
4.97447
5.13875
5.25283
5.25992
5.23369
5.16529
5.01787
4.85912
4.71761
4.59755
4.49571
4.40774
4.32772
4.25266
4.17887
4.10507
4.03034
3.95504
3.87954
3.8035
3.72805
3.65365
3.58044
3.50919
3.43947
3.37263
3.30801
3.24686
3.18883
3.13381
3.08342
3.03536
2.99296
2.95302
2.91948
2.88953
2.86661
2.8507
2.83869
2.82799
2.82978
2.8328
2.84103
2.85698
2.88244
2.91095
2.93827
2.96278
2.98199
2.99589
3.00388
3.00718
3.00761
3.00747
3.00556
3.0004
2.99323
2.98447
2.97402
2.96224
2.94881
2.93452
2.91866
2.90249
2.88478
2.8672
2.84795
2.82928
2.80879
2.7892
2.76782
2.74729
2.72549
2.70415
2.6823
2.66044
2.63869
2.61673
2.59525
2.57363
2.55275
2.53197
2.51224
2.49297
2.47522
2.45865
2.44446
2.43194
2.42157
2.41339
2.41237
2.41202
2.41454
2.42081
2.43929
2.46544
2.49857
2.53705
2.56685
2.61647
5.43142
5.58445
5.58508
5.5515
5.46421
5.27814
5.09928
4.94396
4.81373
4.70466
4.61014
4.52494
4.4451
4.36729
4.29029
4.2132
4.1361
4.0589
3.98201
3.9049
3.82853
3.75302
3.6785
3.60576
3.5343
3.4654
3.39857
3.33444
3.27325
3.2148
3.15949
3.10735
3.05835
3.01328
2.97138
2.93458
2.90138
2.87431
2.85381
2.83715
2.82412
2.81599
2.81792
2.82256
2.83189
2.85094
2.87548
2.90202
2.92706
2.94754
2.96314
2.9725
2.97681
2.97721
2.97721
2.97512
2.97064
2.96312
2.95441
2.94352
2.93209
2.91868
2.90479
2.88918
2.87312
2.85585
2.83809
2.81968
2.80054
2.7813
2.76104
2.74113
2.72012
2.69974
2.67843
2.65784
2.6366
2.61611
2.5953
2.57524
2.55538
2.53628
2.51806
2.50098
2.48541
2.47249
2.46082
2.45168
2.44636
2.44528
2.44617
2.44996
2.4616
2.48364
2.51423
2.54917
2.58648
2.62419
2.64993
2.68894
5.94386
5.93067
5.8875
5.7659
5.54637
5.34061
5.17238
5.03471
4.92018
4.82028
4.72976
4.64465
4.56195
4.48152
4.40095
4.32179
4.24199
4.16331
4.08452
4.00631
3.92874
3.8519
3.77626
3.70183
3.62918
3.55851
3.48986
3.42348
3.3594
3.29747
3.23859
3.18168
3.12842
3.07719
3.02994
2.9853
2.94523
2.90871
2.87769
2.8521
2.83245
2.81412
2.80051
2.79729
2.79874
2.80368
2.81348
2.83484
2.85825
2.88253
2.90435
2.92148
2.93276
2.93935
2.94001
2.94023
2.93902
2.93515
2.92769
2.91822
2.90795
2.89597
2.88377
2.86939
2.85525
2.83873
2.82291
2.80488
2.78763
2.76868
2.75028
2.73075
2.71153
2.6916
2.67189
2.65191
2.63207
2.61246
2.59308
2.57432
2.5562
2.53903
2.52326
2.50894
2.49771
2.48778
2.47962
2.47762
2.47734
2.47886
2.48614
2.50257
2.52948
2.56238
2.60018
2.63818
2.6731
2.70417
2.72178
2.74916
6.3145
6.26993
6.08981
5.81555
5.58391
5.39956
5.25449
5.13481
5.03089
4.93611
4.84598
4.75948
4.67377
4.59016
4.50657
4.42487
4.3434
4.26352
4.18404
4.10552
4.02704
3.94935
3.87237
3.79686
3.72255
3.65021
3.57941
3.51066
3.44395
3.37909
3.31679
3.25609
3.19826
3.14225
3.08938
3.03902
2.99195
2.94867
2.90924
2.87436
2.84432
2.82049
2.79767
2.78
2.76769
2.76765
2.76952
2.77466
2.78634
2.80715
2.83037
2.85249
2.87133
2.88492
2.89321
2.89544
2.89576
2.89556
2.89245
2.88588
2.87662
2.86709
2.85537
2.84346
2.82971
2.81558
2.80021
2.78428
2.76758
2.75047
2.73284
2.71506
2.69688
2.67866
2.66023
2.64191
2.62369
2.60578
2.58841
2.57164
2.55601
2.54156
2.52915
2.5195
2.5115
2.50612
2.50533
2.5057
2.51074
2.52156
2.54517
2.5749
2.61094
2.64969
2.68761
2.72195
2.74908
2.77013
2.77922
2.79741
6.48069
6.34308
6.02963
5.77757
5.58616
5.44174
5.32627
5.22512
5.13119
5.04065
4.9515
4.864
4.77709
4.69129
4.60607
4.52238
4.43967
4.35865
4.27847
4.19932
4.12038
4.04228
3.96457
3.88828
3.81245
3.73858
3.6656
3.5947
3.52518
3.45752
3.39164
3.32739
3.2653
3.20501
3.14723
3.09174
3.03915
2.98942
2.94267
2.89994
2.86077
2.82675
2.79825
2.77207
2.7491
2.73406
2.72627
2.72642
2.72837
2.73421
2.74939
2.76959
2.79183
2.81166
2.82744
2.83742
2.84236
2.84302
2.84308
2.84146
2.83609
2.82829
2.81839
2.80761
2.79574
2.7832
2.76975
2.75558
2.74075
2.72534
2.70954
2.69336
2.67697
2.66055
2.64389
2.62769
2.61128
2.59588
2.5806
2.56697
2.55424
2.54389
2.53692
2.52986
2.52916
2.52921
2.53117
2.53972
2.55838
2.58576
2.6194
2.65824
2.69762
2.73534
2.7675
2.79301
2.81005
2.82166
2.82528
2.83638
6.4734
6.16024
5.87016
5.68174
5.55563
5.45831
5.37124
5.28636
5.20091
5.11443
5.02802
4.94229
4.85712
4.77238
4.68822
4.60481
4.52267
4.44152
4.36143
4.28205
4.20276
4.1244
4.04565
3.96883
3.89163
3.81662
3.74173
3.66882
3.59658
3.52609
3.45681
3.38927
3.32346
3.25951
3.19772
3.13801
3.08069
3.02564
2.97359
2.92411
2.87843
2.83624
2.79824
2.76644
2.73627
2.70953
2.68977
2.67571
2.67262
2.67254
2.67523
2.68263
2.70188
2.72245
2.74314
2.76103
2.77349
2.78196
2.78372
2.78471
2.78452
2.7819
2.77454
2.76539
2.7553
2.74417
2.73271
2.72013
2.70743
2.69379
2.68013
2.66581
2.65162
2.63714
2.62307
2.60903
2.59565
2.58289
2.57107
2.56104
2.55295
2.54785
2.54485
2.54484
2.54669
2.55343
2.56737
2.5922
2.62313
2.66112
2.70117
2.74167
2.77797
2.80851
2.83121
2.84668
2.85525
2.85968
2.86082
2.86648
6.28605
5.8875
5.67679
5.56745
5.49586
5.43192
5.3657
5.29405
5.2192
5.14261
5.06474
4.98585
4.9066
4.82557
4.74468
4.66306
4.58292
4.50253
4.42366
4.34449
4.26581
4.18706
4.10854
4.03053
3.95328
3.87639
3.80066
3.72546
3.65167
3.57867
3.50737
3.437
3.36874
3.30154
3.23657
3.1731
3.11171
3.05246
2.99552
2.94117
2.88993
2.84176
2.79751
2.75693
2.72203
2.6892
2.65986
2.63607
2.61929
2.60906
2.60775
2.60745
2.61218
2.62467
2.64419
2.66652
2.6864
2.7023
2.7139
2.71866
2.72038
2.72155
2.72008
2.71447
2.70624
2.69654
2.68614
2.67527
2.66427
2.65286
2.64137
2.62962
2.61798
2.60622
2.59491
2.58387
2.57395
2.56498
2.55779
2.55332
2.55125
2.5516
2.55381
2.55913
2.56996
2.59254
2.62075
2.65679
2.69677
2.73879
2.77855
2.81373
2.84165
2.86246
2.8755
2.88314
2.88535
2.88632
2.88599
2.89031
6.08668
5.69279
5.53084
5.46329
5.41738
5.36635
5.30981
5.24821
5.18442
5.11884
5.05248
4.98357
4.91305
4.8395
4.76488
4.68859
4.61277
4.53622
4.45984
4.38237
4.30429
4.22534
4.14624
4.06769
3.98964
3.91273
3.83606
3.76131
3.68604
3.61323
3.53981
3.46869
3.39788
3.32875
3.26088
3.19447
3.12978
3.06694
3.00635
2.94799
2.89265
2.83985
2.79049
2.74438
2.70187
2.66412
2.6291
2.59653
2.57061
2.55041
2.53681
2.53334
2.53323
2.53641
2.54379
2.56418
2.58535
2.60755
2.62586
2.63872
2.64729
2.6497
2.65094
2.65095
2.6477
2.64066
2.63198
2.62305
2.61378
2.60454
2.59534
2.58627
2.57743
2.56885
2.56091
2.55389
2.54812
2.54427
2.5431
2.54471
2.54702
2.55266
2.56294
2.58225
2.60865
2.64263
2.68221
2.72496
2.76777
2.80702
2.84066
2.86658
2.88519
2.89685
2.90362
2.90476
2.90536
2.90555
2.90241
2.90663
5.99063
5.59816
5.44515
5.3872
5.34434
5.29467
5.24049
5.18391
5.12452
5.06475
5.00228
4.93889
4.87255
4.80529
4.73547
4.66598
4.59402
4.52286
4.4489
4.3756
4.30005
4.22558
4.1497
4.07562
4.00079
3.9275
3.85205
3.77848
3.70173
3.62799
3.55182
3.47867
3.40531
3.33342
3.26356
3.19409
3.12757
3.06205
2.99917
2.93856
2.87996
2.82474
2.77088
2.72148
2.67344
2.63028
2.59082
2.55395
2.52206
2.49363
2.47477
2.45934
2.45526
2.45598
2.45927
2.46681
2.48367
2.50288
2.52717
2.54515
2.56149
2.5703
2.57477
2.57636
2.57639
2.57529
2.56947
2.56328
2.55574
2.54897
2.54199
2.5361
2.53028
2.52594
2.52225
2.5205
2.52047
2.52333
2.52749
2.53339
2.54416
2.56059
2.58607
2.61782
2.65658
2.6991
2.74365
2.78652
2.82479
2.85602
2.88021
2.89643
2.90721
2.91219
2.91335
2.91429
2.91381
2.91231
2.90662
2.91075
5.94199
5.55395
5.39955
5.34111
5.29226
5.23873
5.17958
5.12038
5.0597
4.99794
4.93733
4.87331
4.81115
4.74592
4.68147
4.61628
4.55035
4.48462
4.41777
4.35034
4.28207
4.21213
4.14107
4.06753
3.99338
3.91685
3.83986
3.76223
3.68439
3.60797
3.53211
3.45743
3.38523
3.31201
3.24349
3.17261
3.10671
3.03991
2.97607
2.91402
2.85329
2.79561
2.73969
2.68679
2.63716
2.59052
2.54882
2.51063
2.47726
2.44645
2.42239
2.40377
2.39029
2.38415
2.38555
2.38758
2.39249
2.40353
2.4196
2.44291
2.45897
2.47623
2.48408
2.49081
2.49256
2.49331
2.49411
2.49136
2.48829
2.48192
2.47952
2.47445
2.47371
2.47199
2.47434
2.47796
2.48379
2.49138
2.50297
2.51926
2.5418
2.57361
2.61092
2.65429
2.70008
2.74618
2.78858
2.82602
2.85546
2.87819
2.89392
2.90449
2.90919
2.91103
2.91305
2.91283
2.91114
2.90877
2.90218
2.90643
5.90931
5.52901
5.37713
5.31496
5.25816
5.19911
5.13572
5.07152
5.00675
4.94157
4.87865
4.81654
4.75522
4.69655
4.63545
4.57784
4.51622
4.45565
4.39243
4.32575
4.25869
4.1853
4.11277
4.0341
3.95748
3.87798
3.80101
3.72366
3.64824
3.57377
3.50022
3.4277
3.35579
3.28452
3.2142
3.14472
3.07616
3.01001
2.94374
2.88222
2.82002
2.76334
2.70771
2.65639
2.60827
2.5638
2.52299
2.48573
2.45263
2.4211
2.39303
2.3685
2.3474
2.33178
2.31955
2.31567
2.31488
2.31596
2.31945
2.33416
2.35301
2.37036
2.38768
2.39789
2.40584
2.41147
2.41285
2.4147
2.41495
2.41524
2.41226
2.41194
2.41179
2.41638
2.42068
2.42844
2.43994
2.45435
2.47555
2.50371
2.54067
2.58202
2.62938
2.67789
2.7252
2.7684
2.8047
2.83402
2.85635
2.87293
2.88446
2.89032
2.89506
2.89713
2.90046
2.89939
2.89824
2.89517
2.889
2.89249
5.88437
5.51871
5.36375
5.29422
5.23821
5.17626
5.11174
5.04111
4.9733
4.90554
4.84191
4.78186
4.72374
4.66732
4.61122
4.55274
4.49403
4.42929
4.36444
4.29282
4.22128
4.14554
4.06932
3.99268
3.91484
3.83979
3.76333
3.69008
3.61524
3.54267
3.46858
3.39626
3.32276
3.25136
3.17947
3.11053
3.04185
2.97716
2.91344
2.85419
2.79686
2.74317
2.69296
2.64398
2.60006
2.55536
2.51534
2.47498
2.43773
2.40125
2.36687
2.33381
2.30511
2.27917
2.25944
2.24442
2.23811
2.23626
2.23756
2.24102
2.25519
2.27237
2.29454
2.31039
2.326
2.33462
2.34133
2.34629
2.34968
2.35279
2.3544
2.35812
2.36143
2.36884
2.37941
2.39341
2.41118
2.43661
2.46789
2.5085
2.55257
2.60252
2.65173
2.70004
2.74279
2.77958
2.80898
2.83236
2.84939
2.86214
2.87077
2.87503
2.87944
2.88152
2.88291
2.87986
2.87658
2.87073
2.86392
2.86305
5.86546
5.51692
5.35624
5.27848
5.22277
5.16413
5.09919
5.02743
4.95408
4.88826
4.8251
4.76884
4.71329
4.65736
4.59917
4.53773
4.47273
4.40528
4.33456
4.26313
4.18913
4.11574
4.04048
3.96587
3.89016
3.81494
3.7393
3.66414
3.58861
3.51362
3.43855
3.36446
3.29138
3.21976
3.15079
3.08357
3.02016
2.95861
2.90109
2.84495
2.79254
2.7405
2.69162
2.64227
2.59535
2.54824
2.50252
2.45864
2.41471
2.3755
2.33556
2.30099
2.26727
2.23996
2.21449
2.19628
2.18214
2.1752
2.17347
2.17427
2.17766
2.18657
2.20485
2.22462
2.24301
2.25902
2.27188
2.28155
2.29061
2.29926
2.30684
2.31667
2.32658
2.34187
2.35832
2.37987
2.40799
2.44383
2.48696
2.53442
2.58625
2.63634
2.68528
2.72702
2.76321
2.79145
2.81353
2.82977
2.84176
2.8489
2.85286
2.85467
2.85526
2.85412
2.85098
2.8454
2.83948
2.83199
2.82325
2.82027
5.84233
5.52496
5.35389
5.2675
5.21065
5.15534
5.09234
5.02198
4.94917
4.88423
4.82532
4.7708
4.71671
4.65883
4.59796
4.53195
4.46405
4.39337
4.32224
4.25027
4.17802
4.1047
4.0314
3.95584
3.88043
3.80279
3.72539
3.64717
3.56945
3.49232
3.41668
3.34284
3.27155
3.20308
3.13739
3.0749
3.01457
2.95704
2.90067
2.84632
2.79233
2.73987
2.68735
2.63642
2.58556
2.53675
2.48878
2.44324
2.39931
2.35805
2.31911
2.28231
2.24817
2.21656
2.18866
2.16363
2.14386
2.12766
2.11925
2.11595
2.11589
2.11791
2.12719
2.14527
2.16717
2.18892
2.20909
2.22697
2.24266
2.25779
2.27298
2.2891
2.30807
2.32915
2.3551
2.38678
2.4263
2.47051
2.52104
2.57207
2.62384
2.66994
2.71102
2.74375
2.76997
2.78927
2.80302
2.81319
2.81909
2.82213
2.82247
2.82202
2.82061
2.81753
2.81234
2.80587
2.7985
2.78992
2.78078
2.77614
5.81289
5.54247
5.35712
5.26012
5.19972
5.14496
5.08485
5.01657
4.94913
4.88856
4.83478
4.78112
4.72652
4.66721
4.60419
4.53786
4.46859
4.39826
4.32646
4.25433
4.18158
4.10789
4.03337
3.95711
3.87947
3.80025
3.72007
3.64004
3.56033
3.48295
3.40733
3.33537
3.26594
3.20031
3.13678
3.07643
3.01723
2.96005
2.90343
2.84792
2.79282
2.7387
2.6853
2.63318
2.58238
2.53301
2.48519
2.43916
2.39453
2.35247
2.31133
2.27342
2.23617
2.20213
2.16987
2.141
2.11526
2.09471
2.07794
2.06994
2.06631
2.06681
2.0698
2.08001
2.10023
2.1253
2.15116
2.17691
2.20069
2.2237
2.24724
2.27109
2.29907
2.32848
2.36487
2.40581
2.45303
2.50262
2.5543
2.60387
2.64839
2.68731
2.71783
2.74252
2.7599
2.77385
2.78232
2.78904
2.79229
2.79299
2.79268
2.79144
2.78927
2.78473
2.77856
2.77085
2.76259
2.75285
2.74329
2.73707
5.78542
5.55922
5.36411
5.2539
5.18655
5.13141
5.07304
5.00995
4.95131
4.89872
4.84757
4.79603
4.73927
4.67939
4.61473
4.54893
4.48016
4.41052
4.33874
4.2665
4.19224
4.11811
4.04076
3.96363
3.88252
3.80213
3.71933
3.63854
3.55835
3.48142
3.40717
3.33662
3.26898
3.20453
3.14214
3.08185
3.02292
2.96493
2.90824
2.85181
2.79681
2.74216
2.6889
2.63642
2.58552
2.53551
2.48755
2.44029
2.39551
2.35121
2.30977
2.26867
2.2307
2.19298
2.15889
2.1261
2.09724
2.07147
2.05085
2.03454
2.02788
2.02525
2.02652
2.03065
2.04409
2.06778
2.0967
2.12829
2.16066
2.19255
2.22515
2.25894
2.29519
2.33544
2.38097
2.42995
2.48202
2.5334
2.58248
2.62598
2.663
2.69374
2.71657
2.73576
2.74851
2.7592
2.76577
2.77107
2.77312
2.77298
2.77217
2.77042
2.76732
2.76097
2.75407
2.74542
2.73668
2.72559
2.71535
2.70904
5.76201
5.56997
5.37076
5.24627
5.17424
5.11776
5.06025
5.00328
4.95548
4.91048
4.8616
4.81009
4.75097
4.69033
4.62586
4.56108
4.49312
4.42432
4.35228
4.27975
4.20435
4.12859
4.04939
3.96952
3.88617
3.80343
3.71946
3.63804
3.55874
3.48256
3.41056
3.34077
3.27531
3.21072
3.14981
3.08857
3.03052
2.97148
2.91527
2.85811
2.80339
2.74824
2.69504
2.64226
2.591
2.54074
2.49209
2.44429
2.39864
2.35324
2.31067
2.26783
2.22839
2.18858
2.15267
2.11698
2.08564
2.05622
2.03148
2.01161
1.99668
1.99263
1.99224
1.99458
2.00076
2.019
2.04795
2.08279
2.12178
2.16336
2.20659
2.25217
2.29987
2.35069
2.40462
2.45919
2.5131
2.56261
2.60696
2.64355
2.67406
2.69796
2.7162
2.7316
2.74189
2.75086
2.75645
2.76092
2.76213
2.76173
2.76054
2.75812
2.7539
2.74691
2.73964
2.73012
2.72054
2.70861
2.69798
2.69178
5.74217
5.58107
5.37283
5.23861
5.1598
5.10359
5.04768
5.00108
4.96314
4.92146
4.87314
4.81978
4.75961
4.6983
4.63529
4.57175
4.50561
4.43696
4.36495
4.29112
4.21503
4.13667
4.056
3.97249
3.88765
3.80217
3.71809
3.63633
3.55848
3.4836
3.41354
3.34508
3.28101
3.21691
3.15656
3.09516
3.03715
2.97792
2.92151
2.86444
2.80943
2.75444
2.70095
2.64821
2.5964
2.54631
2.49642
2.44923
2.40138
2.35708
2.31139
2.2697
2.22659
2.1876
2.14764
2.11228
2.07691
2.04641
2.01829
1.99508
1.97674
1.96671
1.96518
1.96646
1.97149
1.98268
2.00867
2.04406
2.08758
2.1374
2.19191
2.24978
2.31013
2.37164
2.4327
2.49041
2.5432
2.58859
2.62722
2.65776
2.68327
2.70252
2.71816
2.73094
2.74005
2.74791
2.75299
2.75685
2.75768
2.75685
2.75562
2.75291
2.74803
2.74059
2.73289
2.72288
2.71265
2.70033
2.68933
2.68283
5.72896
5.59116
5.37231
5.2329
5.14718
5.09137
5.03673
5.00048
4.97008
4.92971
4.88168
4.826
4.76637
4.70393
4.64211
4.57882
4.51451
4.44573
4.37381
4.29843
4.22181
4.14134
4.0602
3.97363
3.88842
3.80009
3.71649
3.63378
3.55716
3.48339
3.41439
3.34785
3.28397
3.22145
3.16049
3.10012
3.04115
2.98274
2.92536
2.86915
2.8133
2.75902
2.70503
2.65245
2.60055
2.55005
2.50023
2.45225
2.40435
2.35917
2.31287
2.27059
2.22611
2.18681
2.14501
2.10923
2.07176
2.04055
2.01
1.98498
1.96491
1.94885
1.94721
1.94814
1.95168
1.95989
1.98087
2.01547
2.06138
2.11726
2.18121
2.25056
2.3219
2.39184
2.4573
2.51553
2.56569
2.60691
2.6409
2.66733
2.68964
2.70628
2.72056
2.7318
2.74061
2.74765
2.75275
2.75607
2.7569
2.75581
2.75425
2.75144
2.74618
2.73834
2.73028
2.7199
2.70927
2.69668
2.68543
2.67872
5.72363
5.59404
5.37229
5.23121
5.14131
5.08526
5.031
4.99925
4.97311
4.93425
4.88655
4.82966
4.77072
4.70796
4.6464
4.58285
4.51915
4.45021
4.37802
4.3017
4.22442
4.14319
4.0617
3.97421
3.88865
3.79911
3.71543
3.63215
3.556
3.48259
3.4142
3.34852
3.28496
3.22324
3.16218
3.10235
3.04305
2.98499
2.92728
2.87138
2.8152
2.76121
2.70692
2.65446
2.6024
2.55167
2.50194
2.45333
2.40571
2.35962
2.31368
2.2703
2.22618
2.18561
2.14411
2.10716
2.06945
2.0376
2.0059
1.98046
1.95875
1.94109
1.93763
1.93807
1.94113
1.94884
1.96738
2.00075
2.0474
2.10652
2.17621
2.25269
2.33081
2.40554
2.47287
2.53047
2.57843
2.61695
2.64832
2.6726
2.69331
2.70877
2.72244
2.733
2.74166
2.74824
2.75332
2.7564
2.75709
2.75606
2.75427
2.75141
2.74595
2.73792
2.72965
2.71913
2.70835
2.69564
2.68429
2.67745
)
;

boundaryField
{
    inlet
    {
        type            calculated;
        value           uniform 1.40001;
    }
    outlet
    {
        type            calculated;
        value           nonuniform List<scalar> 
40
(
1.63698
1.70574
1.78166
1.83452
1.90094
1.93155
1.96536
2.00973
2.04152
2.05634
2.09042
2.10787
2.13804
2.16631
2.19988
2.23851
2.28976
2.36004
2.44057
2.52603
2.60791
2.68055
2.74087
2.78912
2.82803
2.85799
2.88163
2.89788
2.90194
2.8976
2.8837
2.85431
2.81164
2.76763
2.72869
2.70074
2.68351
2.67458
2.67047
2.6692
)
;
    }
    top
    {
        type            symmetryPlane;
    }
    bottom
    {
        type            symmetryPlane;
    }
    obstacle
    {
        type            calculated;
        value           nonuniform List<scalar> 
110
(
6.00247
6.00323
5.98936
5.96541
5.92933
5.88024
5.80935
5.70691
5.54663
5.29321
2.25215
1.8341
2.14399
1.98531
1.88249
1.85844
1.84328
1.80848
1.76931
1.73572
1.70828
1.67904
1.64609
1.62508
1.61788
1.61592
1.61881
1.63606
1.66514
1.70334
1.74713
1.7935
1.84016
1.88473
1.92779
1.96838
2.00678
2.04302
2.07839
2.1105
2.1425
2.1739
2.20302
2.23013
2.25478
2.27788
2.29906
2.31649
2.3333
2.34844
2.36269
2.37251
2.38245
2.38903
2.39496
2.39853
2.40138
2.40135
2.40049
2.39796
2.39457
2.39008
2.38363
2.37718
2.36883
2.35995
2.34975
2.33873
2.32671
2.31442
2.30059
2.28696
2.27185
2.25736
2.24077
2.22545
2.20791
2.19144
2.17343
2.15582
2.13737
2.11909
2.10007
2.08152
2.06212
2.04339
2.0239
2.00511
1.98566
1.96704
1.94761
1.9294
1.90993
1.89224
1.87283
1.85558
1.83652
1.81947
1.80109
1.7841
1.76653
1.74981
1.73299
1.71691
1.70107
1.6862
1.6719
1.65925
1.64796
1.64079
)
;
    }
    frontAndBack
    {
        type            empty;
    }
}


// ************************************************************************* //
