/*--------------------------------*- C++ -*----------------------------------*\
  =========                 |
  \\      /  F ield         | OpenFOAM: The Open Source CFD Toolbox
   \\    /   O peration     | Website:  https://openfoam.org
    \\  /    A nd           | Version:  13
     \\/     M anipulation  |
\*---------------------------------------------------------------------------*/
FoamFile
{
    format      ascii;
    class       volScalarField;
    location    "8.5";
    object      T;
}
// * * * * * * * * * * * * * * * * * * * * * * * * * * * * * * * * * * * * * //

dimensions      [0 0 0 1 0 0 0];

internalField   nonuniform List<scalar> 
5250
(
1.00001
1.00002
1.00006
1.00013
1.00037
1.0008
1.00218
1.00502
1.01309
1.03176
1.08274
1.2183
1.58597
2.34656
2.71297
2.74263
2.73727
2.73921
2.75071
2.76662
2.77888
2.78736
2.79377
2.7993
2.8024
1.00001
1.00002
1.00005
1.00015
1.00031
1.0009
1.00196
1.00533
1.01234
1.0323
1.08075
1.21645
1.57922
2.33715
2.70958
2.7422
2.7367
2.73845
2.74986
2.76566
2.77782
2.78624
2.79261
2.79806
2.80101
1.00001
1.00002
1.00005
1.00013
1.00033
1.00082
1.00205
1.00491
1.01264
1.03063
1.0798
1.21012
1.5654
2.31581
2.70182
2.74095
2.73501
2.73615
2.74723
2.76293
2.7746
2.78321
2.78936
2.79489
2.7978
1.00001
1.00002
1.00005
1.00014
1.0003
1.00084
1.00185
1.00498
1.01168
1.03023
1.07591
1.20259
1.54318
2.28213
2.68932
2.73918
2.73229
2.73232
2.74319
2.75791
2.7702
2.77716
2.78368
2.78831
2.79118
1.00001
1.00002
1.00005
1.00013
1.00028
1.0008
1.00176
1.00474
1.01108
1.02871
1.07184
1.19158
1.51391
2.23424
2.67162
2.73694
2.72855
2.727
2.7372
2.75165
2.76299
2.77089
2.77611
2.78133
2.78322
1.00001
1.00002
1.00004
1.00012
1.00026
1.00074
1.00165
1.00439
1.0104
1.02666
1.06696
1.17766
1.47724
2.16959
2.64745
2.73395
2.72363
2.71987
2.72933
2.74313
2.75356
2.76049
2.76567
2.76907
2.77123
1
1.00002
1.00004
1.0001
1.00026
1.00063
1.00162
1.00379
1.00999
1.02363
1.0619
1.16044
1.43366
2.0853
2.61548
2.72952
2.71674
2.71063
2.71944
2.7327
2.74237
2.74822
2.75184
2.75461
2.75464
1
1.00001
1.00003
1.0001
1.00022
1.0006
1.00139
1.00352
1.00867
1.02151
1.05458
1.14244
1.38298
1.97997
2.57403
2.72164
2.70643
2.69779
2.7061
2.71842
2.7275
2.73168
2.73306
2.7325
2.72903
1
1.00001
1.00003
1.00009
1.00018
1.00056
1.00113
1.0033
1.00715
1.01947
1.04651
1.12377
1.328
1.85512
2.52084
2.70726
2.69091
2.6813
2.68961
2.70051
2.70865
2.71117
2.70918
2.70237
2.6872
1
1.00001
1.00003
1.00007
1.00017
1.00046
1.00102
1.00282
1.00619
1.01694
1.03962
1.10573
1.27694
1.7299
2.45805
2.68682
2.67011
2.66178
2.6688
2.67851
2.68458
2.68455
2.67628
2.6542
2.59801
1
1.00001
1.00003
1.00006
1.00016
1.00036
1.00101
1.00216
1.0061
1.01351
1.03644
1.08986
1.2421
1.64078
2.38941
2.66254
2.65491
2.64733
2.648
2.65485
2.65802
2.65334
2.63422
2.58815
2.48318
1
1.00001
1.00002
1.00005
1.00014
1.00032
1.00087
1.0019
1.00528
1.01174
1.03175
1.07748
1.20914
1.55509
2.28326
2.62169
2.64454
2.63533
2.63056
2.63142
2.62974
2.61877
2.58943
2.52622
2.41778
1
1.00001
1.00002
1.00005
1.00011
1.0003
1.00067
1.00182
1.00404
1.01106
1.02554
1.06787
1.17528
1.47252
2.14711
2.56775
2.63541
2.62547
2.61519
2.6108
2.60308
2.58461
2.54963
2.48802
2.39304
1
1.00001
1.00002
1.00004
1.0001
1.00022
1.00064
1.00132
1.00385
1.00828
1.02276
1.05436
1.14575
1.387
1.98249
2.49685
2.62026
2.61151
2.59891
2.58855
2.57734
2.55545
2.51749
2.46043
2.38347
1
1
1.00001
1.00003
1.00008
1.00018
1.00051
1.00109
1.00308
1.00669
1.01835
1.04314
1.11509
1.30199
1.78733
2.40512
2.5912
2.58905
2.57872
2.56526
2.5512
2.52933
2.49363
2.44034
2.37293
1
1
1.00001
1.00003
1.00006
1.00017
1.00035
1.00101
1.0021
1.00605
1.01319
1.03575
1.08729
1.23369
1.61149
2.295
2.55109
2.56235
2.55359
2.54023
2.52523
2.50306
2.47162
2.42423
2.36417
1
1
1.00001
1.00002
1.00005
1.00014
1.00028
1.00081
1.00172
1.00472
1.01079
1.02824
1.06965
1.18483
1.48935
2.1516
2.49576
2.54107
2.53185
2.51946
2.50305
2.47945
2.44981
2.4087
2.35603
1
1
1.00001
1.00002
1.00004
1.00009
1.00024
1.00059
1.00143
1.00361
1.00859
1.02209
1.05427
1.14304
1.37895
1.95395
2.41136
2.51793
2.51295
2.49952
2.48299
2.45981
2.43056
2.39349
2.34795
1
1
1
1.00001
1.00003
1.00008
1.00017
1.00047
1.00105
1.00278
1.0065
1.01655
1.04062
1.10499
1.27574
1.71672
2.29786
2.48123
2.48886
2.47816
2.46091
2.43933
2.41269
2.37894
2.33857
1
1
1
1.00001
1.00002
1.00006
1.00013
1.00036
1.00078
1.00211
1.00481
1.01243
1.02991
1.07704
1.19946
1.52564
2.15745
2.43011
2.46207
2.45467
2.43874
2.41805
2.39425
2.36518
2.3298
1
1
1
1.00001
1.00002
1.00004
1.0001
1.00026
1.00059
1.00161
1.00347
1.00964
1.0217
1.05793
1.14603
1.38994
1.95641
2.348
2.43469
2.43244
2.41905
2.39875
2.37698
2.34996
2.31993
1
1
1
1.00001
1.00001
1.00003
1.00007
1.00019
1.00043
1.00115
1.00255
1.00695
1.01565
1.04157
1.10262
1.27292
1.70326
2.23029
2.39518
2.40774
2.39891
2.38097
2.35987
2.33683
2.30839
1
1
1
1
1.00001
1.00002
1.00006
1.00013
1.00033
1.00078
1.00191
1.00475
1.01135
1.02879
1.07132
1.1861
1.48685
2.07143
2.3376
2.38065
2.37611
2.36223
2.34233
2.32144
2.29839
1
1
1
1
1.00001
1.00001
1.00004
1.00009
1.00025
1.00052
1.00143
1.00322
1.00836
1.01988
1.05077
1.12922
1.3405
1.84797
2.24378
2.34896
2.35381
2.34533
2.32791
2.30667
2.28508
1
1
1
1
1
1.00001
1.00003
1.00006
1.00016
1.00036
1.00099
1.00212
1.0059
1.0129
1.03454
1.08318
1.21872
1.56468
2.10321
2.30038
2.32757
2.32422
2.31067
2.29266
2.27323
1
1
1
1
1
1.00001
1.00002
1.00005
1.0001
1.00029
1.00061
1.00165
1.00371
1.00963
1.02288
1.05839
1.14862
1.38976
1.92189
2.23615
2.30216
2.30419
2.29468
2.27863
2.26343
1
1
1
1
1
1.00001
1.00001
1.00003
1.00008
1.00017
1.00047
1.001
1.0028
1.006
1.01636
1.03783
1.09957
1.25468
1.65645
2.11701
2.26498
2.28304
2.27851
2.26787
2.25502
1
1
1
1
1
1
1.00001
1.00002
1.00005
1.00013
1.00027
1.00078
1.0016
1.00453
1.00987
1.02627
1.06279
1.16415
1.42513
1.9436
2.2026
2.25716
2.26184
2.25771
2.2539
1
1
1
1
1
1
1.00001
1.00001
1.00003
1.00008
1.0002
1.00046
1.00122
1.00266
1.00725
1.01616
1.04269
1.10454
1.27477
1.68964
2.09795
2.22539
2.24779
2.25218
2.25846
1
1
1
1
1
1
1
1.00001
1.00002
1.00006
1.00012
1.00032
1.00074
1.00184
1.00445
1.01074
1.02673
1.06595
1.16913
1.43927
1.93367
2.17113
2.22943
2.25195
2.27194
1
1
1
1
1
1
1
1.00001
1.00001
1.00004
1.00008
1.00021
1.00048
1.00119
1.00291
1.00693
1.01746
1.04204
1.10792
1.2769
1.69041
2.07812
2.21554
2.2626
2.30351
1
1
1
1
1
1
1
1
1.00001
1.00002
1.00005
1.00013
1.00031
1.0008
1.00176
1.00477
1.01047
1.02796
1.06596
1.17253
1.44226
1.93365
2.18791
2.28573
2.35398
1
1
1
1
1
1
1
1
1.00001
1.00002
1.00003
1.00009
1.0002
1.00055
1.00114
1.00324
1.00686
1.01864
1.04322
1.11304
1.28791
1.71279
2.14107
2.33574
2.43416
1
1
1
1
1
1
1
1
1
1.00001
1.00003
1.00006
1.00015
1.00035
1.00086
1.00214
1.00502
1.0129
1.03044
1.07864
1.20026
1.51934
2.08305
2.41823
2.52776
1
1
1
1
1
1
1
1
1
1.00001
1.00002
1.00004
1.00012
1.00025
1.00073
1.00149
1.00428
1.00938
1.02519
1.06082
1.16137
1.42406
2.00702
2.51977
2.63548
1
1
1
1
1
1
1
1
1
1.00001
1.00002
1.00004
1.0001
1.00022
1.00059
1.00128
1.0036
1.00791
1.02166
1.0517
1.13903
1.36969
1.92164
2.61624
2.73164
1
1
1
1
1
1
1
1
1
1.00001
1.00001
1.00003
1.00008
1.00021
1.00051
1.00122
1.00316
1.00745
1.01955
1.04794
1.128
1.34455
1.89201
2.65709
2.78989
1
1
1
1
1
1
1
1
1
1
1.00001
1.00003
1.00009
1.00017
1.00052
1.00108
1.00311
1.00692
1.01871
1.04539
1.1216
1.32763
1.86602
2.64752
2.81263
1
1
1
1
1
1
1
1
1
1.00001
1.00001
1.00003
1.00007
1.0002
1.00044
1.00117
1.00278
1.00704
1.0175
1.04443
1.11611
1.31419
1.83717
2.61362
2.8166
1
1
1
1
1
1
1
1
1
1.00001
1.00001
1.00003
1.00007
1.00018
1.00045
1.00108
1.00282
1.00658
1.01745
1.04239
1.11305
1.30289
1.81285
2.58497
2.81282
1
1
1
1
1
1
1
1
1
1
1.00001
1.00003
1.00008
1.00016
1.00046
1.00102
1.00278
1.00642
1.01689
1.04137
1.10952
1.2935
1.7902
2.56138
2.80492
1
1
1
1
1
1
1
1
1
1
1.00001
1.00003
1.00007
1.00016
1.00045
1.001
1.00268
1.00635
1.01632
1.04052
1.10622
1.28497
1.76876
2.54009
2.79619
1
1
1
1
1
1
1
1
1
1
1.00001
1.00003
1.00007
1.00016
1.00045
1.00095
1.00274
1.00592
1.01648
1.0388
1.10432
1.27649
1.74912
2.52065
2.78742
1
1
1
1
1
1
1
1
1
1
1.00001
1.00003
1.00007
1.00016
1.00042
1.00097
1.00262
1.00593
1.01602
1.03811
1.10175
1.26966
1.73069
2.50297
2.77841
1
1
1
1
1
1
1
1
1
1
1.00001
1.00003
1.00007
1.00016
1.0004
1.00103
1.00237
1.00636
1.01469
1.03895
1.09795
1.26509
1.71332
2.4873
2.76969
1
1
1
1
1
1
1
1
1
1
1.00001
1.00003
1.00006
1.00017
1.00038
1.00104
1.00229
1.00635
1.01434
1.03848
1.09605
1.26026
1.69747
2.47395
2.76214
1
1
1
1
1
1
1
1
1
1
1.00001
1.00002
1.00007
1.00014
1.00043
1.00089
1.00256
1.00564
1.01525
1.0364
1.09638
1.25502
1.68373
2.46339
2.756
1
1
1
1
1
1
1
1
1
1
1.00001
1.00003
1.00006
1.00016
1.0004
1.00093
1.00248
1.00563
1.01514
1.0359
1.09541
1.25196
1.67236
2.45541
2.75088
1
1
1
1
1
1
1
1
1
1
1.00001
1.00003
1.00006
1.00017
1.00036
1.001
1.00228
1.00598
1.01429
1.03676
1.09345
1.25093
1.66435
2.45051
2.74696
1
1
1
1
1
1
1
1
1
1
1.00001
1.00002
1.00007
1.00015
1.0004
1.00093
1.00239
1.00579
1.0145
1.03629
1.0935
1.24975
1.66089
2.44934
2.74482
2.35257
2.48671
2.7712
3.01762
3.00067
2.96538
2.95045
2.93693
2.91603
2.89482
2.87583
2.85861
2.83864
2.82048
2.80928
2.80636
2.80624
2.81189
2.82338
2.8392
2.85724
2.875
2.89162
2.90758
2.92071
2.93235
2.94253
2.95166
2.95823
2.96598
2.97088
2.97376
2.97629
2.97726
2.9775
2.97607
2.97371
2.97256
2.97056
2.96817
2.96297
2.95957
2.95284
2.9476
2.94044
2.93468
2.92724
2.92016
2.91222
2.90457
2.89619
2.88742
2.87944
2.86987
2.86117
2.85173
2.84258
2.83321
2.82391
2.81381
2.80459
2.79413
2.78461
2.77345
2.76412
2.75245
2.74288
2.73135
2.72118
2.71001
2.69947
2.68833
2.67784
2.66652
2.65614
2.64479
2.63441
2.62314
2.61283
2.60157
2.59155
2.58012
2.57061
2.55895
2.54993
2.53826
2.52942
2.51818
2.50915
2.49861
2.48937
2.47948
2.47034
2.46098
2.45232
2.44366
2.43611
2.42898
2.42396
2.41979
2.36611
2.4599
2.6065
2.82421
2.96331
3.01074
3.07205
3.08522
3.08061
3.06608
3.05568
3.04747
3.03577
3.02109
3.013
3.01251
3.01572
3.01788
3.02543
3.0313
3.03921
3.04454
3.04713
3.04799
3.04792
3.04534
3.04096
3.03555
3.03232
3.02716
3.02365
3.01619
3.00974
3.00139
2.99269
2.98344
2.97457
2.96522
2.95604
2.94551
2.93534
2.92337
2.91251
2.90003
2.88927
2.87598
2.86515
2.85172
2.84052
2.82725
2.81556
2.80292
2.79137
2.77857
2.7675
2.75474
2.74371
2.73104
2.72039
2.70761
2.69745
2.68474
2.67464
2.66237
2.6519
2.64014
2.62929
2.61776
2.6068
2.59532
2.58445
2.57306
2.56229
2.55115
2.54042
2.52959
2.51896
2.50835
2.49797
2.48741
2.47748
2.46689
2.45744
2.44692
2.43779
2.42765
2.41855
2.40903
2.39981
2.39096
2.38166
2.37332
2.36417
2.35632
2.34771
2.34061
2.33311
2.32756
2.32257
2.32008
2.35451
2.3824
2.46297
2.52085
2.64528
2.76466
2.91857
3.01249
3.0682
3.08044
3.08631
3.1082
3.11431
3.11473
3.10964
3.11274
3.11998
3.12183
3.12162
3.11855
3.11286
3.10395
3.09419
3.08196
3.06922
3.05522
3.04174
3.02524
3.01114
2.99332
2.97787
2.95945
2.94524
2.92697
2.91237
2.89481
2.88004
2.86326
2.84915
2.83332
2.81949
2.80477
2.79114
2.77748
2.76405
2.75231
2.7391
2.72667
2.71379
2.70177
2.68946
2.67773
2.66572
2.65425
2.64283
2.63142
2.62041
2.60916
2.5982
2.58745
2.57629
2.56614
2.55479
2.54507
2.53371
2.52418
2.51297
2.50352
2.49249
2.4831
2.47222
2.46289
2.45214
2.4428
2.43221
2.4228
2.41247
2.40291
2.39303
2.38326
2.3739
2.36396
2.35505
2.3451
2.33639
2.32668
2.3179
2.30848
2.29953
2.29043
2.2815
2.27271
2.26405
2.25559
2.24748
2.23961
2.23256
2.22604
2.22134
2.21774
2.33011
2.32269
2.35449
2.3859
2.44432
2.51836
2.60253
2.71589
2.83016
2.94141
2.99071
3.03444
3.06644
3.09166
3.103
3.10271
3.09878
3.08896
3.08021
3.06468
3.04504
3.02479
3.00167
2.97938
2.95731
2.93588
2.91511
2.89351
2.872
2.85007
2.8289
2.80828
2.78858
2.76972
2.75173
2.73469
2.71823
2.70285
2.68773
2.67362
2.66
2.64652
2.63428
2.62125
2.61019
2.5987
2.58841
2.57685
2.56629
2.55507
2.54553
2.53463
2.52567
2.515
2.50635
2.49603
2.48749
2.47754
2.46896
2.45924
2.45064
2.44095
2.43242
2.42268
2.41432
2.40457
2.3964
2.3867
2.37861
2.36899
2.36097
2.35151
2.34361
2.3343
2.32659
2.3173
2.30979
2.30046
2.2932
2.28389
2.27694
2.26783
2.26102
2.25227
2.24531
2.23697
2.22977
2.222
2.21466
2.20741
2.20002
2.19318
2.18589
2.17945
2.17246
2.16662
2.16036
2.15578
2.15142
2.14974
2.31657
2.28441
2.28508
2.30334
2.3289
2.37448
2.42011
2.48268
2.5506
2.63217
2.72789
2.81019
2.88001
2.92982
2.96559
2.98091
2.97697
2.96214
2.93921
2.90988
2.87737
2.84737
2.81967
2.79356
2.76972
2.74664
2.72616
2.70573
2.68717
2.66856
2.6518
2.63577
2.62156
2.60807
2.59594
2.58414
2.57354
2.56296
2.55335
2.54384
2.53475
2.52582
2.51707
2.50816
2.50003
2.4917
2.4845
2.47568
2.46796
2.4589
2.45173
2.44297
2.43586
2.42722
2.41993
2.41152
2.40406
2.39595
2.38836
2.38046
2.37273
2.36485
2.35688
2.3489
2.34063
2.33254
2.32388
2.31568
2.30663
2.2984
2.28909
2.28081
2.27134
2.26293
2.25347
2.24492
2.23573
2.22719
2.21843
2.20997
2.20146
2.19301
2.18455
2.17633
2.16793
2.16012
2.15178
2.14438
2.13614
2.12913
2.12106
2.11441
2.10664
2.10039
2.0931
2.08746
2.08101
2.07655
2.07203
2.07036
2.30785
2.26781
2.24682
2.24692
2.25775
2.28056
2.31025
2.3453
2.38793
2.43567
2.49185
2.55405
2.60957
2.66251
2.69465
2.71499
2.70993
2.69254
2.66501
2.63266
2.6021
2.57998
2.56055
2.54797
2.53454
2.52627
2.51556
2.50814
2.49866
2.49216
2.48477
2.47956
2.47392
2.46967
2.4649
2.46087
2.4564
2.45244
2.44811
2.44388
2.43953
2.43489
2.4305
2.4253
2.42072
2.41558
2.41118
2.40533
2.39967
2.3929
2.38696
2.3803
2.374
2.36723
2.36041
2.35357
2.34633
2.33943
2.3319
2.32498
2.31732
2.31039
2.30274
2.2958
2.28818
2.28118
2.27357
2.26646
2.25882
2.25152
2.24387
2.23629
2.22869
2.22079
2.21333
2.20508
2.19777
2.18917
2.18191
2.17292
2.16566
2.15666
2.14945
2.14062
2.13338
2.12485
2.11756
2.1094
2.10208
2.09428
2.08701
2.07958
2.07247
2.06545
2.05868
2.05221
2.04615
2.04072
2.03638
2.03361
2.30252
2.25895
2.22907
2.21325
2.21145
2.21889
2.23511
2.25788
2.2854
2.31961
2.35653
2.40054
2.43947
2.47817
2.50153
2.51431
2.50861
2.49227
2.46876
2.44073
2.41955
2.4041
2.39656
2.39683
2.39851
2.40011
2.40173
2.40224
2.40215
2.40171
2.40136
2.40058
2.39997
2.39881
2.39742
2.39523
2.39294
2.39019
2.38734
2.38409
2.3808
2.37711
2.37357
2.36919
2.36507
2.36053
2.35639
2.35135
2.34605
2.33997
2.33408
2.32797
2.32187
2.31574
2.30937
2.30312
2.29646
2.29004
2.28309
2.27645
2.26919
2.26231
2.25475
2.24762
2.23983
2.2325
2.22456
2.21707
2.20906
2.2014
2.19345
2.18557
2.1778
2.16971
2.16219
2.15393
2.14658
2.13806
2.13093
2.12247
2.11549
2.1072
2.10023
2.09225
2.0852
2.07764
2.0705
2.06341
2.05621
2.04958
2.04243
2.03622
2.02926
2.02348
2.01687
2.01165
2.00571
2.00148
1.99714
1.99549
2.29893
2.25513
2.22054
2.19715
2.18373
2.18167
2.18711
2.20031
2.22031
2.24736
2.27788
2.3135
2.34381
2.37462
2.391
2.39861
2.39131
2.37402
2.34613
2.32317
2.30445
2.29337
2.28623
2.28662
2.29211
2.30065
2.30772
2.31366
2.31765
2.31988
2.32148
2.32181
2.32252
2.32239
2.32201
2.32114
2.32019
2.31838
2.31681
2.31428
2.31206
2.30881
2.306
2.3019
2.29832
2.29414
2.29052
2.28616
2.28144
2.27612
2.27053
2.26504
2.25908
2.25348
2.24721
2.24142
2.23484
2.22884
2.22202
2.21583
2.20888
2.20259
2.19561
2.18928
2.18226
2.17587
2.16883
2.16228
2.15523
2.14844
2.1414
2.13432
2.12731
2.11996
2.11286
2.10519
2.09814
2.09041
2.08331
2.07562
2.06842
2.06087
2.05354
2.0462
2.03876
2.0317
2.02422
2.01748
2.01005
2.00364
1.99636
1.99031
1.98326
1.97761
1.97092
1.9658
1.9598
1.9556
1.95121
1.94945
2.29462
2.25289
2.21668
2.18927
2.1702
2.16
2.15948
2.16668
2.18249
2.20917
2.23401
2.26701
2.29594
2.32104
2.33101
2.33382
2.3231
2.30027
2.27191
2.24622
2.22834
2.21738
2.20944
2.20734
2.21016
2.21769
2.22771
2.23678
2.24394
2.24927
2.25296
2.2557
2.2576
2.25913
2.26022
2.26085
2.2611
2.26083
2.26024
2.25902
2.258
2.25592
2.2543
2.25132
2.24915
2.24599
2.24364
2.24009
2.23665
2.23212
2.22783
2.22307
2.21843
2.21363
2.20869
2.20372
2.19836
2.19305
2.18726
2.18161
2.17548
2.16954
2.16312
2.15693
2.15027
2.14384
2.137
2.13033
2.12337
2.11647
2.1095
2.10238
2.09543
2.08808
2.08126
2.07373
2.06699
2.0593
2.05257
2.0448
2.03801
2.03029
2.02339
2.01584
2.00882
2.00154
1.99441
1.98745
1.98029
1.97365
1.96656
1.96023
1.95335
1.94739
1.94089
1.93542
1.92964
1.92505
1.92086
1.91855
2.28999
2.25097
2.21581
2.18632
2.16525
2.15111
2.14789
2.15394
2.17009
2.19363
2.21955
2.25147
2.28203
2.29609
2.30336
2.2987
2.28298
2.25459
2.22417
2.19725
2.17828
2.16502
2.1586
2.15332
2.15346
2.15714
2.16481
2.17493
2.18483
2.19366
2.20053
2.20634
2.21029
2.21399
2.21612
2.21851
2.21986
2.22127
2.22207
2.2226
2.22247
2.22212
2.22138
2.22007
2.21835
2.21642
2.21445
2.21232
2.20958
2.20652
2.20274
2.19896
2.19446
2.19012
2.18505
2.18029
2.17476
2.16959
2.16368
2.15817
2.15202
2.14623
2.13992
2.13385
2.12741
2.12103
2.11448
2.10779
2.10124
2.09427
2.08778
2.08053
2.07419
2.06678
2.06055
2.05302
2.04679
2.03922
2.03288
2.02534
2.01883
2.01141
2.00472
1.99749
1.99065
1.98369
1.97677
1.97013
1.96322
1.95693
1.95015
1.94422
1.9377
1.9322
1.92611
1.92117
1.91579
1.91173
1.90784
1.90591
2.28523
2.2493
2.21609
2.1871
2.16597
2.15159
2.14954
2.15837
2.17414
2.19668
2.22595
2.25749
2.28058
2.28782
2.28808
2.27715
2.2538
2.22295
2.1939
2.16897
2.14912
2.13455
2.12539
2.11996
2.11571
2.11566
2.11856
2.12507
2.13412
2.14414
2.1543
2.162
2.16909
2.17334
2.17757
2.17984
2.18224
2.18361
2.18483
2.18545
2.18578
2.18548
2.18484
2.18349
2.18192
2.17986
2.17802
2.17574
2.17305
2.16984
2.16611
2.16216
2.15774
2.15343
2.14858
2.14397
2.13873
2.13386
2.12832
2.12322
2.11745
2.1121
2.10611
2.10045
2.09424
2.08821
2.08182
2.07544
2.06891
2.06221
2.05569
2.04885
2.04237
2.0354
2.0289
2.02186
2.01528
2.00823
2.00154
1.99454
1.98774
1.98083
1.97393
1.96715
1.96018
1.95355
1.94656
1.94016
1.93321
1.92712
1.9203
1.91461
1.90805
1.90285
1.89677
1.89223
1.88699
1.88346
1.87983
1.87837
2.27881
2.24684
2.21739
2.19051
2.17213
2.16172
2.16397
2.17624
2.19348
2.21863
2.24979
2.27551
2.28576
2.28861
2.2819
2.26297
2.23485
2.20549
2.17871
2.15573
2.13626
2.12025
2.10821
2.09873
2.09374
2.08943
2.0884
2.09026
2.09527
2.10265
2.11243
2.12257
2.13144
2.13856
2.1442
2.14824
2.1515
2.15386
2.15562
2.15722
2.158
2.15896
2.15886
2.15842
2.15757
2.15612
2.15475
2.15319
2.1514
2.14914
2.14633
2.14332
2.13968
2.13594
2.13156
2.12726
2.12237
2.11772
2.11252
2.10762
2.10217
2.09699
2.09131
2.08576
2.07984
2.07387
2.06775
2.06136
2.05514
2.04851
2.04234
2.03554
2.02939
2.02246
2.01627
2.00925
2.00296
1.99591
1.9895
1.9825
1.97599
1.96908
1.96249
1.95573
1.94907
1.94247
1.93577
1.92938
1.9227
1.91662
1.91005
1.9044
1.8981
1.893
1.88723
1.88284
1.87794
1.87452
1.87148
1.86998
2.2713
2.24428
2.21878
2.19834
2.18297
2.1826
2.1896
2.20375
2.22513
2.25364
2.28106
2.29205
2.29587
2.2918
2.27767
2.25155
2.22359
2.19764
2.17362
2.15283
2.13324
2.11676
2.10147
2.08978
2.07978
2.07384
2.06946
2.06845
2.06889
2.07189
2.07777
2.08645
2.09572
2.10478
2.11198
2.11817
2.12274
2.12627
2.12912
2.13084
2.13242
2.133
2.1334
2.13312
2.13243
2.1312
2.12979
2.1285
2.12677
2.12478
2.12206
2.11915
2.11547
2.11175
2.1073
2.103
2.09803
2.09335
2.08805
2.0831
2.0776
2.0724
2.0667
2.06117
2.05523
2.04928
2.04311
2.03681
2.03062
2.02412
2.01799
2.01137
2.00531
1.99861
1.99256
1.98581
1.97967
1.9729
1.96662
1.95986
1.95343
1.94672
1.94019
1.9336
1.92698
1.92064
1.914
1.90798
1.9014
1.89577
1.88939
1.88423
1.87823
1.87374
1.86838
1.86476
1.86038
1.85805
1.85585
1.85521
2.26393
2.24122
2.22257
2.20771
2.2047
2.20958
2.22204
2.24039
2.26675
2.29216
2.30403
2.30759
2.30452
2.29222
2.26955
2.24429
2.21963
2.19737
2.17568
2.15646
2.13664
2.11963
2.10224
2.08844
2.07531
2.0661
2.05832
2.05483
2.05203
2.0517
2.05269
2.05642
2.06304
2.07147
2.07985
2.08784
2.09401
2.09957
2.10304
2.10635
2.10806
2.10966
2.11026
2.11041
2.11003
2.10919
2.10794
2.10672
2.10523
2.10366
2.10139
2.09886
2.09559
2.09221
2.0881
2.08404
2.07933
2.07486
2.06979
2.06506
2.05975
2.05477
2.04924
2.04388
2.03812
2.03233
2.02647
2.02036
2.01448
2.00811
2.0022
1.99568
1.98972
1.98318
1.97714
1.97062
1.96446
1.95799
1.95169
1.94526
1.93885
1.93248
1.92601
1.91971
1.91324
1.90708
1.90065
1.89474
1.8884
1.88292
1.87678
1.87191
1.86622
1.86219
1.85722
1.8542
1.8506
1.84925
1.84806
1.84778
2.25615
2.24093
2.22975
2.22724
2.23173
2.24313
2.26108
2.28501
2.30884
2.32038
2.32375
2.32064
2.30902
2.28772
2.26495
2.24283
2.2216
2.20173
2.18179
2.16296
2.14342
2.1255
2.10738
2.09168
2.07685
2.06481
2.05424
2.04652
2.0404
2.03765
2.03542
2.03534
2.03704
2.04167
2.04908
2.05675
2.06485
2.07113
2.07707
2.08089
2.08413
2.08596
2.08701
2.08757
2.0874
2.08681
2.08571
2.08466
2.08348
2.08217
2.08015
2.07783
2.07472
2.07152
2.06753
2.06362
2.059
2.05463
2.04967
2.045
2.03983
2.0349
2.02956
2.02428
2.01875
2.01314
2.00751
2.0016
1.99587
1.98974
1.98395
1.97768
1.97187
1.96553
1.95966
1.95329
1.94731
1.94095
1.93481
1.9285
1.92222
1.916
1.90965
1.90361
1.89725
1.89146
1.88516
1.87972
1.87359
1.8686
1.86286
1.85846
1.85347
1.84982
1.84583
1.84345
1.84136
1.84112
1.84152
1.84076
2.25147
2.24389
2.24445
2.25148
2.26333
2.28332
2.30678
2.32906
2.33808
2.34104
2.33711
2.32496
2.30499
2.2841
2.26402
2.245
2.22654
2.20817
2.18983
2.17117
2.15197
2.1334
2.11479
2.09775
2.08163
2.0671
2.05442
2.04334
2.03439
2.0272
2.02256
2.0196
2.01801
2.01814
2.02084
2.0264
2.0331
2.04055
2.04723
2.05288
2.05751
2.06041
2.06264
2.06351
2.06408
2.0638
2.06304
2.06208
2.06088
2.05977
2.05816
2.05623
2.05352
2.05073
2.04712
2.04359
2.03925
2.03521
2.03043
2.02602
2.02093
2.01617
2.01081
2.00569
2.00014
1.99476
1.98911
1.98345
1.97776
1.97187
1.9662
1.9602
1.9545
1.94853
1.94269
1.93685
1.93078
1.92507
1.91882
1.91316
1.90684
1.90114
1.89488
1.88914
1.88303
1.87734
1.87151
1.86597
1.86065
1.85543
1.85085
1.84632
1.84268
1.83905
1.83688
1.83523
1.83529
1.83595
1.83757
1.83723
2.2516
2.2547
2.2652
2.27883
2.30271
2.327
2.34856
2.35696
2.35979
2.35439
2.3406
2.32182
2.30178
2.28343
2.26573
2.24906
2.23227
2.21526
2.19751
2.17911
2.16022
2.14134
2.1227
2.1046
2.08778
2.07129
2.05727
2.04313
2.03202
2.02131
2.01352
2.00674
2.0035
2.00027
1.99957
2.00005
2.00368
2.00973
2.01612
2.02315
2.02856
2.03368
2.03652
2.03913
2.03987
2.04054
2.04017
2.03947
2.03842
2.03765
2.03625
2.03478
2.03228
2.0299
2.02647
2.02328
2.01904
2.01522
2.01042
2.00618
2.00103
1.9964
1.99106
1.98606
1.98075
1.97541
1.97014
1.96447
1.95924
1.95335
1.94809
1.94215
1.93678
1.93091
1.9254
1.91962
1.91396
1.90826
1.90243
1.89682
1.89082
1.88534
1.87925
1.87397
1.86793
1.86287
1.85719
1.8524
1.84735
1.84309
1.83901
1.83551
1.83253
1.83041
1.82962
1.82979
1.83078
1.83283
1.83555
1.83759
2.25844
2.2731
2.28918
2.31759
2.34667
2.3686
2.37596
2.37719
2.37021
2.35504
2.33533
2.31704
2.2997
2.28397
2.26852
2.25328
2.2374
2.22115
2.20357
2.18566
2.16676
2.14809
2.12923
2.11086
2.09336
2.07602
2.0607
2.04492
2.03198
2.01867
2.00813
1.99846
1.99137
1.98567
1.9826
1.97944
1.97942
1.98063
1.9851
1.99046
1.99732
2.00283
2.0083
2.01171
2.01463
2.01579
2.01669
2.01631
2.01539
2.01472
2.01336
2.01225
2.01001
2.00797
2.00484
2.002
1.99816
1.99462
1.99023
1.98607
1.98126
1.97654
1.97148
1.96646
1.96136
1.95608
1.95095
1.9455
1.94034
1.93482
1.92962
1.92406
1.91882
1.9132
1.90798
1.90229
1.89712
1.89135
1.88626
1.88045
1.87535
1.86965
1.86445
1.85901
1.85379
1.84878
1.84375
1.83939
1.83495
1.83149
1.82802
1.82554
1.82369
1.82338
1.82396
1.82521
1.82734
1.83217
1.8385
1.84286
2.27437
2.29611
2.3287
2.36259
2.38535
2.39341
2.39382
2.38586
2.36906
2.34902
2.33021
2.31387
2.29909
2.28486
2.27094
2.2563
2.24127
2.22505
2.20826
2.19036
2.17222
2.15358
2.13495
2.11654
2.09843
2.08088
2.06392
2.04759
2.03225
2.01771
2.00457
1.99258
1.9823
1.97379
1.96781
1.96271
1.95983
1.95786
1.95798
1.95995
1.96456
1.97085
1.97634
1.98199
1.98569
1.98912
1.99051
1.99169
1.9914
1.99085
1.98979
1.98898
1.98725
1.98568
1.98286
1.98046
1.97681
1.97364
1.96933
1.96556
1.96074
1.95644
1.9514
1.9468
1.94167
1.93684
1.93162
1.92667
1.92137
1.91641
1.91106
1.90611
1.90072
1.89575
1.89038
1.88531
1.88005
1.87484
1.86974
1.86443
1.85947
1.85414
1.84933
1.84412
1.83957
1.83473
1.83068
1.82658
1.82342
1.82041
1.81828
1.81706
1.81717
1.81823
1.81979
1.82335
1.82773
1.83629
1.84587
1.85137
2.29989
2.34031
2.37533
2.40021
2.41027
2.40982
2.40046
2.38157
2.36085
2.34184
2.32566
2.31134
2.29855
2.28548
2.27236
2.25822
2.24351
2.22759
2.21101
2.19346
2.17549
2.15705
2.13854
2.11999
2.10174
2.08363
2.06618
2.04929
2.0327
2.01741
2.00217
1.98894
1.97597
1.96545
1.95577
1.94889
1.94297
1.93865
1.93557
1.93478
1.93507
1.93807
1.94307
1.94866
1.95432
1.95907
1.96275
1.96508
1.96661
1.96655
1.96607
1.96541
1.96431
1.96293
1.96067
1.95821
1.95517
1.95196
1.94832
1.94444
1.9403
1.93591
1.93145
1.92682
1.92209
1.91732
1.91235
1.9075
1.9024
1.89757
1.89241
1.88767
1.88242
1.87778
1.87246
1.86788
1.86259
1.85802
1.85287
1.84827
1.84332
1.8388
1.83409
1.8298
1.82551
1.8217
1.81821
1.81528
1.81286
1.81103
1.81036
1.81087
1.81208
1.81443
1.81786
1.82508
1.83313
1.84382
1.85442
1.85995
2.34876
2.3915
2.41557
2.42548
2.42442
2.41313
2.3925
2.37136
2.35202
2.33569
2.32199
2.30946
2.29748
2.28489
2.27183
2.25793
2.24329
2.22771
2.21141
2.19425
2.17658
2.1585
2.14027
2.12183
2.10373
2.0855
2.0678
2.05017
2.03306
2.01669
2.00038
1.98579
1.97114
1.95881
1.94669
1.93724
1.92856
1.92244
1.91649
1.9132
1.91088
1.91095
1.9121
1.91592
1.92147
1.92691
1.93236
1.93658
1.93984
1.94146
1.9422
1.94163
1.94102
1.93992
1.93844
1.93632
1.93381
1.93086
1.92764
1.92394
1.92019
1.91597
1.91187
1.9072
1.90286
1.89786
1.89346
1.88825
1.88388
1.87861
1.87426
1.86913
1.86467
1.85978
1.85516
1.85051
1.84581
1.84133
1.83668
1.83235
1.82785
1.82374
1.81952
1.81583
1.81219
1.80923
1.80667
1.80464
1.80332
1.80324
1.80412
1.80582
1.80845
1.814
1.8208
1.83129
1.84162
1.85261
1.8625
1.86683
2.40645
2.4319
2.44092
2.43806
2.42331
2.40007
2.378
2.35927
2.34362
2.32998
2.31776
2.30608
2.29426
2.28215
2.2693
2.25571
2.24121
2.22588
2.20975
2.19306
2.1758
2.15813
2.14028
2.1221
2.10415
2.08597
2.06807
2.05029
2.03268
2.01557
1.99892
1.98292
1.96783
1.95343
1.94049
1.92826
1.91815
1.90908
1.90205
1.89579
1.89111
1.88828
1.88765
1.88793
1.89024
1.89499
1.9006
1.90644
1.91133
1.91529
1.91755
1.91889
1.91873
1.91823
1.91724
1.916
1.91364
1.91116
1.90783
1.90464
1.90075
1.89712
1.89286
1.88883
1.88433
1.87994
1.87532
1.87065
1.86608
1.86126
1.85685
1.85202
1.84776
1.84298
1.83877
1.83408
1.8299
1.82535
1.82124
1.81697
1.81303
1.80922
1.80569
1.80258
1.79999
1.79791
1.79651
1.79578
1.79624
1.79762
1.79954
1.80356
1.80935
1.81855
1.82824
1.83983
1.8502
1.8597
1.86745
1.87003
2.4655
2.47178
2.46408
2.44271
2.41426
2.38956
2.36899
2.35257
2.33847
2.32604
2.31427
2.3026
2.29089
2.27824
2.26534
2.25126
2.23698
2.22166
2.20603
2.18974
2.17297
2.15587
2.13838
2.12074
2.10284
2.08481
2.06681
2.04886
2.03112
2.01387
1.99674
1.98054
1.96449
1.94971
1.93537
1.92248
1.91035
1.89992
1.89055
1.88303
1.87613
1.87092
1.86726
1.86609
1.86633
1.86758
1.87144
1.87678
1.88267
1.88825
1.89278
1.89597
1.89773
1.898
1.8975
1.8966
1.89524
1.89317
1.89034
1.88734
1.88377
1.88038
1.87623
1.87258
1.86793
1.86406
1.85911
1.85506
1.85007
1.84586
1.84102
1.83675
1.83214
1.82794
1.82357
1.81945
1.81536
1.81135
1.80753
1.80379
1.8003
1.79709
1.79424
1.79207
1.79034
1.78932
1.7892
1.79017
1.7916
1.79469
1.79916
1.80702
1.81607
1.82726
1.83797
1.84853
1.85724
1.86387
1.86884
1.86982
2.52358
2.50176
2.46905
2.43388
2.40429
2.38178
2.36401
2.34962
2.33686
2.32472
2.3129
2.30055
2.2883
2.2752
2.26205
2.24788
2.23346
2.2181
2.20237
2.18605
2.16951
2.1527
2.13573
2.11835
2.10088
2.08308
2.06534
2.04759
2.02998
2.01271
1.99553
1.97915
1.96299
1.94785
1.93315
1.9195
1.90663
1.8946
1.88381
1.87431
1.86648
1.85957
1.85379
1.84967
1.84812
1.84827
1.84891
1.85134
1.85621
1.86213
1.86794
1.87318
1.87694
1.87937
1.88015
1.87988
1.87915
1.8777
1.87592
1.87265
1.86969
1.8658
1.86243
1.85832
1.85459
1.85036
1.84623
1.84186
1.83751
1.83305
1.82866
1.82418
1.81987
1.81555
1.81141
1.80734
1.80343
1.79967
1.79607
1.79281
1.7898
1.78735
1.78546
1.78425
1.78367
1.78393
1.78512
1.78748
1.79079
1.79747
1.80535
1.81588
1.82686
1.83787
1.84785
1.8558
1.86196
1.86551
1.86804
1.86763
2.59782
2.54606
2.4863
2.44356
2.41232
2.38956
2.37133
2.35591
2.34168
2.32794
2.31449
2.30082
2.2873
2.27362
2.25997
2.24579
2.23127
2.21595
2.2002
2.1839
2.1674
2.15059
2.13378
2.11653
2.09946
2.08193
2.06463
2.04708
2.0298
2.01265
1.99582
1.97953
1.96361
1.9484
1.93368
1.91973
1.90638
1.89392
1.88252
1.87192
1.86283
1.85466
1.8481
1.84174
1.83718
1.83422
1.83409
1.83462
1.83642
1.84023
1.84582
1.852
1.85759
1.86226
1.86513
1.8666
1.86659
1.86591
1.86467
1.86269
1.85995
1.85651
1.85295
1.84909
1.84523
1.84114
1.83698
1.83267
1.82828
1.82386
1.8194
1.81499
1.81065
1.80633
1.80231
1.79822
1.79465
1.79098
1.78802
1.78504
1.783
1.78137
1.78048
1.78047
1.78103
1.78252
1.7855
1.78981
1.79718
1.80629
1.81726
1.82814
1.83901
1.8481
1.85545
1.86052
1.86349
1.86488
1.86547
1.86422
2.66663
2.58989
2.52634
2.47828
2.44268
2.41587
2.39408
2.3751
2.35776
2.34145
2.32552
2.30981
2.29443
2.27942
2.26461
2.24978
2.23456
2.21895
2.20284
2.18636
2.16982
2.15276
2.13621
2.11894
2.1022
2.08477
2.06784
2.05056
2.03376
2.01698
2.00068
1.98465
1.96905
1.9539
1.93917
1.92504
1.91149
1.89876
1.88662
1.8756
1.86523
1.85613
1.84809
1.84106
1.83492
1.83017
1.82701
1.8264
1.82664
1.82797
1.83061
1.83572
1.84109
1.84709
1.852
1.85533
1.85738
1.85736
1.85643
1.85517
1.85324
1.85041
1.84689
1.84315
1.83915
1.83518
1.83087
1.82678
1.82232
1.81808
1.81357
1.80929
1.80487
1.80072
1.79653
1.79272
1.78908
1.78591
1.7833
1.78114
1.7801
1.77959
1.77977
1.7806
1.78253
1.78588
1.79253
1.80033
1.81072
1.82112
1.83233
1.84218
1.85082
1.85708
1.86148
1.86382
1.86462
1.86454
1.86431
1.86219
2.72028
2.63942
2.57784
2.53184
2.49468
2.46362
2.43648
2.41264
2.39053
2.36953
2.34963
2.33076
2.31265
2.29589
2.27948
2.2637
2.24737
2.2312
2.21427
2.19743
2.18029
2.16315
2.14604
2.12905
2.11199
2.09512
2.07808
2.06136
2.04458
2.02823
2.01191
1.99621
1.98054
1.96561
1.95088
1.93688
1.92339
1.91051
1.89831
1.88679
1.87587
1.86584
1.85648
1.84833
1.84094
1.83446
1.82916
1.82552
1.82428
1.82456
1.82591
1.82859
1.83196
1.83711
1.84271
1.84732
1.85112
1.85296
1.85292
1.85213
1.85061
1.84837
1.8458
1.84233
1.83868
1.8348
1.83082
1.82678
1.82253
1.81827
1.81382
1.80943
1.80497
1.80077
1.79665
1.79299
1.78955
1.78678
1.78465
1.78332
1.78294
1.78312
1.78389
1.78632
1.79167
1.7983
1.80778
1.81784
1.82897
1.8394
1.84894
1.85645
1.86217
1.86541
1.86739
1.86736
1.86709
1.86622
1.86568
1.86315
2.75161
2.6834
2.63185
2.59076
2.55559
2.52361
2.49372
2.46631
2.44025
2.41538
2.39129
2.36881
2.34745
2.32781
2.30885
2.29077
2.27243
2.25436
2.23609
2.21824
2.20059
2.18326
2.16603
2.14895
2.13197
2.11475
2.0978
2.08033
2.06373
2.04657
2.03059
2.01434
1.99902
1.98396
1.96952
1.95565
1.94234
1.9296
1.91733
1.90567
1.89428
1.8837
1.87356
1.86432
1.85606
1.84873
1.84204
1.83695
1.83272
1.83077
1.83035
1.83087
1.83216
1.83409
1.83841
1.8423
1.84733
1.85035
1.85264
1.85336
1.85284
1.85115
1.84955
1.84713
1.84408
1.84021
1.83633
1.83217
1.82804
1.82376
1.81942
1.81502
1.81065
1.80649
1.80255
1.79903
1.79615
1.79375
1.79266
1.7919
1.7921
1.79319
1.79662
1.80233
1.81011
1.81951
1.83001
1.84066
1.85058
1.85921
1.86571
1.8704
1.87307
1.87401
1.8738
1.87299
1.87211
1.87061
1.86972
1.8671
2.76536
2.71108
2.67045
2.63684
2.60582
2.57648
2.54812
2.52093
2.49531
2.47002
2.4461
2.4227
2.40073
2.37913
2.35863
2.33776
2.31789
2.29738
2.27803
2.25813
2.23919
2.21954
2.20045
2.18055
2.16148
2.142
2.12407
2.10562
2.08946
2.07237
2.05743
2.04175
2.02721
2.01295
1.99876
1.98563
1.97219
1.95966
1.94716
1.93502
1.92352
1.91195
1.9018
1.89126
1.88267
1.87397
1.86656
1.85981
1.85286
1.84881
1.84349
1.84221
1.83956
1.83966
1.84014
1.84183
1.84439
1.84989
1.85246
1.85664
1.85762
1.85824
1.85743
1.85592
1.85437
1.85152
1.84837
1.84417
1.84021
1.83565
1.83146
1.82684
1.82269
1.81827
1.81464
1.81117
1.80883
1.80718
1.80594
1.80615
1.80775
1.81207
1.81773
1.82634
1.83588
1.8466
1.85692
1.86623
1.87384
1.87973
1.88334
1.88578
1.88608
1.88582
1.88493
1.88372
1.8825
1.88042
1.87926
1.87666
2.76914
2.72121
2.68736
2.65968
2.6365
2.61348
2.59175
2.56956
2.5478
2.52625
2.50376
2.48264
2.46016
2.43879
2.41655
2.39421
2.37181
2.34888
2.32614
2.30336
2.28071
2.25871
2.23703
2.21664
2.19695
2.17901
2.16183
2.14555
2.12999
2.11435
2.09916
2.08416
2.06867
2.05481
2.03929
2.0264
2.01179
1.99915
1.98615
1.97367
1.96205
1.95037
1.93953
1.92891
1.91849
1.90873
1.8985
1.88934
1.87899
1.87026
1.86163
1.85428
1.84952
1.84535
1.84442
1.84464
1.84614
1.84931
1.85655
1.8606
1.86785
1.86971
1.87352
1.8731
1.87225
1.87112
1.86857
1.86626
1.86141
1.8586
1.85295
1.84988
1.84472
1.84177
1.83799
1.83568
1.83305
1.83169
1.83175
1.8335
1.83808
1.84401
1.85249
1.86172
1.87187
1.88134
1.88994
1.89625
1.90113
1.90376
1.90497
1.90471
1.90399
1.90261
1.90061
1.89915
1.89698
1.89462
1.89313
1.89035
2.76754
2.72322
2.69111
2.6694
2.65372
2.63817
2.62306
2.60709
2.59041
2.57317
2.55408
2.53388
2.51253
2.48901
2.466
2.44043
2.41633
2.39109
2.36674
2.34379
2.32069
2.30072
2.28011
2.26266
2.24431
2.22804
2.21093
2.19463
2.17783
2.16118
2.14472
2.12847
2.11274
2.0976
2.08296
2.06893
2.05559
2.04203
2.02998
2.01633
2.00472
1.99107
1.97851
1.96487
1.95109
1.93696
1.92278
1.9088
1.89513
1.88244
1.87103
1.8615
1.85484
1.84959
1.84926
1.84995
1.85174
1.85504
1.86195
1.86953
1.87686
1.88448
1.88813
1.89301
1.89311
1.89282
1.89195
1.89
1.88819
1.88443
1.88186
1.87793
1.87597
1.87274
1.871
1.86914
1.86883
1.86946
1.87219
1.87781
1.88349
1.8922
1.90072
1.90982
1.91808
1.9248
1.92996
1.93309
1.9343
1.93396
1.93279
1.9309
1.92762
1.92567
1.92206
1.91988
1.91622
1.91375
1.91165
1.90902
2.76401
2.72089
2.69212
2.67494
2.66272
2.65287
2.64212
2.63243
2.61975
2.60597
2.58914
2.56946
2.54777
2.52414
2.49936
2.47495
2.44988
2.42737
2.4043
2.38442
2.36411
2.34583
2.32763
2.30948
2.29208
2.27342
2.25611
2.23755
2.22059
2.203
2.18708
2.17091
2.15634
2.14142
2.12784
2.11345
2.10006
2.08524
2.07104
2.05515
2.0393
2.0224
2.00461
1.98761
1.96883
1.95262
1.93524
1.9206
1.90649
1.89481
1.88401
1.87617
1.86946
1.86554
1.86299
1.86325
1.86438
1.86683
1.86932
1.87519
1.88124
1.89045
1.89551
1.90288
1.90533
1.90885
1.90937
1.90926
1.90877
1.90744
1.90641
1.90413
1.90329
1.90147
1.90149
1.90164
1.90322
1.90671
1.91356
1.9201
1.92948
1.93763
1.94666
1.95357
1.95921
1.96253
1.96388
1.9635
1.96234
1.96001
1.95675
1.95381
1.95042
1.94793
1.94465
1.94271
1.93993
1.93889
1.937
1.93686
2.75983
2.71787
2.69198
2.67798
2.66828
2.66091
2.65371
2.64706
2.63923
2.62607
2.61044
2.58997
2.56793
2.54491
2.52199
2.49985
2.47878
2.45828
2.43893
2.41941
2.40088
2.38166
2.36327
2.34434
2.32601
2.30764
2.29001
2.27276
2.25648
2.24064
2.22566
2.2109
2.19637
2.1818
2.16642
2.15088
2.13375
2.11644
2.09743
2.07865
2.05848
2.03941
2.01954
2.00157
1.98358
1.96758
1.95262
1.93853
1.92698
1.91469
1.90551
1.89516
1.88776
1.8796
1.87493
1.87028
1.8692
1.86992
1.87212
1.87457
1.87975
1.88896
1.89789
1.90683
1.91435
1.91966
1.92298
1.92544
1.92547
1.92524
1.92483
1.92364
1.92357
1.92336
1.92429
1.9268
1.93145
1.93786
1.94528
1.95442
1.96258
1.97138
1.97727
1.98265
1.98513
1.98648
1.98622
1.98538
1.98372
1.98236
1.98007
1.97857
1.97739
1.97645
1.97514
1.97444
1.97313
1.97283
1.97239
1.97294
2.75483
2.71623
2.69275
2.6799
2.67245
2.6667
2.66133
2.65605
2.64947
2.63709
2.62021
2.59969
2.57763
2.55633
2.53546
2.51636
2.49737
2.47912
2.4604
2.44155
2.42235
2.40336
2.38411
2.36602
2.3478
2.33113
2.3148
2.29965
2.28498
2.27077
2.25644
2.24179
2.22628
2.20973
2.19214
2.17323
2.15374
2.13326
2.11299
2.0924
2.07277
2.05331
2.03531
2.01764
2.00155
1.98566
1.97102
1.95655
1.94306
1.92987
1.91769
1.90613
1.89567
1.88677
1.87903
1.87393
1.87038
1.87064
1.87208
1.87567
1.87884
1.88521
1.89415
1.90412
1.9131
1.92088
1.92661
1.9305
1.93301
1.93424
1.93491
1.93562
1.93686
1.93904
1.94189
1.94765
1.95389
1.96294
1.97149
1.9815
1.98934
1.99708
2.0022
2.00647
2.00877
2.01033
2.0112
2.01119
2.01131
2.01093
2.01058
2.01043
2.01024
2.00995
2.00946
2.00903
2.00854
2.00863
2.00871
2.00986
2.74924
2.71523
2.69348
2.68222
2.67721
2.67342
2.66876
2.66416
2.65588
2.64212
2.62324
2.6029
2.58166
2.56162
2.54237
2.52383
2.50595
2.48781
2.46974
2.45121
2.4325
2.41394
2.39558
2.37811
2.36147
2.34602
2.33161
2.31779
2.30456
2.29069
2.27652
2.26074
2.24407
2.2256
2.20646
2.18593
2.16545
2.14446
2.12404
2.10389
2.08461
2.06584
2.04786
2.03036
2.01335
1.99691
1.98098
1.96557
1.95104
1.93672
1.92404
1.91132
1.90074
1.89068
1.88271
1.87616
1.87181
1.86921
1.86974
1.87151
1.87559
1.87855
1.88458
1.89361
1.90383
1.91314
1.92153
1.92787
1.93305
1.93707
1.94006
1.94401
1.94735
1.95296
1.95928
1.96827
1.97759
1.98877
1.99907
2.00879
2.01738
2.02361
2.0291
2.03235
2.03544
2.03659
2.03834
2.0387
2.03945
2.03933
2.03936
2.03957
2.03956
2.03959
2.03961
2.03976
2.03988
2.04045
2.04096
2.04305
2.74406
2.71328
2.69367
2.68586
2.6843
2.6821
2.67801
2.67206
2.66015
2.6428
2.62308
2.60209
2.58242
2.56305
2.545
2.52645
2.50852
2.49018
2.47226
2.45393
2.43622
2.41803
2.40146
2.38466
2.37029
2.35577
2.34319
2.33002
2.31723
2.30318
2.28817
2.27149
2.2536
2.23427
2.21427
2.19357
2.17274
2.1521
2.13149
2.11167
2.09193
2.07308
2.05447
2.03661
2.01899
2.00223
1.98551
1.96998
1.95439
1.94042
1.92636
1.91446
1.90242
1.89296
1.88364
1.87683
1.87089
1.86726
1.86543
1.86611
1.86811
1.8717
1.87479
1.88129
1.89006
1.90035
1.91078
1.92029
1.92879
1.93675
1.94389
1.95163
1.95956
1.96935
1.97968
1.99155
2.00324
2.01517
2.02557
2.03476
2.04209
2.04721
2.05199
2.05413
2.05687
2.05779
2.05918
2.05944
2.06004
2.06009
2.06034
2.0607
2.06102
2.06186
2.06221
2.06292
2.06336
2.06472
2.06556
2.06787
2.73958
2.71229
2.69378
2.6911
2.69169
2.69091
2.68753
2.6793
2.66238
2.64152
2.62108
2.6004
2.5823
2.56357
2.54563
2.52668
2.50843
2.48973
2.47204
2.45396
2.43698
2.41981
2.40441
2.38934
2.37646
2.36355
2.35189
2.33928
2.32604
2.31157
2.29511
2.2779
2.2585
2.2392
2.2181
2.19794
2.17636
2.15627
2.1351
2.11554
2.09528
2.07643
2.05734
2.03922
2.02132
2.0041
1.98721
1.9713
1.95548
1.94134
1.92698
1.91505
1.90268
1.89319
1.88328
1.8764
1.86944
1.86513
1.8617
1.86059
1.86146
1.86418
1.86626
1.86978
1.87713
1.88657
1.89764
1.90983
1.92204
1.93405
1.9461
1.95842
1.97132
1.98508
1.99883
2.01279
2.02527
2.03672
2.04571
2.05351
2.05891
2.06318
2.06666
2.0682
2.07043
2.07107
2.07216
2.07236
2.07285
2.07304
2.07344
2.07407
2.07478
2.07595
2.07647
2.07763
2.07848
2.08054
2.08148
2.08371
2.73683
2.70968
2.69554
2.69663
2.70037
2.7001
2.69616
2.68399
2.66202
2.63976
2.61935
2.59991
2.58254
2.56432
2.54569
2.52614
2.50694
2.48819
2.47051
2.4532
2.43665
2.42104
2.40656
2.39375
2.38191
2.37082
2.3594
2.34715
2.3331
2.31782
2.3001
2.28198
2.2616
2.24188
2.22033
2.20017
2.17845
2.15835
2.13716
2.11733
2.09703
2.07778
2.05858
2.04005
2.02213
2.00433
1.98784
1.97089
1.9561
1.94035
1.92759
1.91374
1.90323
1.89179
1.88378
1.87485
1.8692
1.86314
1.85935
1.85654
1.85606
1.857
1.85932
1.86161
1.86588
1.87429
1.88491
1.89836
1.91346
1.92963
1.94652
1.9636
1.98105
1.99812
2.01401
2.02859
2.04073
2.05102
2.0585
2.06486
2.06871
2.07229
2.07463
2.076
2.07768
2.07824
2.07908
2.07926
2.07964
2.08011
2.08047
2.08118
2.08211
2.08347
2.08414
2.0856
2.0867
2.08913
2.09018
2.09252
2.73466
2.70671
2.69787
2.70069
2.70782
2.70799
2.70324
2.68697
2.66107
2.63828
2.61788
2.59981
2.58222
2.56466
2.54543
2.52577
2.50559
2.48693
2.4692
2.45278
2.43656
2.4222
2.40805
2.3971
2.38558
2.37637
2.36479
2.35326
2.33851
2.32257
2.30416
2.28475
2.2642
2.24337
2.22216
2.20124
2.1801
2.15935
2.13871
2.11814
2.09828
2.07833
2.05927
2.04038
2.02226
2.00446
1.98758
1.97086
1.95567
1.94015
1.92731
1.91334
1.90323
1.89127
1.88382
1.87415
1.86894
1.86181
1.8581
1.85411
1.852
1.85262
1.85448
1.8558
1.859
1.86567
1.87532
1.88919
1.90606
1.9254
1.94631
1.96763
1.98857
2.00795
2.02489
2.03922
2.05041
2.05931
2.0655
2.07069
2.07357
2.07661
2.0782
2.07954
2.08065
2.08129
2.08178
2.08212
2.08233
2.08296
2.08352
2.08421
2.08531
2.08687
2.08769
2.0894
2.09067
2.0933
2.09441
2.09683
2.73301
2.70629
2.69896
2.70232
2.71135
2.71223
2.70732
2.68939
2.6613
2.63778
2.61725
2.59983
2.58183
2.56443
2.54503
2.5255
2.50496
2.48636
2.46877
2.45287
2.43703
2.42312
2.40919
2.39882
2.38757
2.37914
2.36767
2.35657
2.34157
2.32541
2.3066
2.2866
2.26581
2.24442
2.22323
2.20189
2.18092
2.15986
2.13939
2.11852
2.09879
2.07852
2.05956
2.04044
2.02229
2.0045
1.98738
1.97094
1.95532
1.94027
1.92688
1.91349
1.90272
1.89142
1.88327
1.87407
1.86843
1.86109
1.85742
1.85255
1.85011
1.85012
1.8512
1.85252
1.85539
1.86125
1.87045
1.88413
1.90173
1.92287
1.94624
1.97019
1.99316
2.01363
2.03079
2.04463
2.05503
2.06304
2.06849
2.07309
2.07552
2.07828
2.0795
2.08078
2.08161
2.08235
2.08268
2.08309
2.08329
2.08389
2.0846
2.0853
2.08646
2.08812
2.089
2.0908
2.09212
2.0948
2.09594
2.09839
)
;

boundaryField
{
    inlet
    {
        type            fixedValue;
        value           uniform 1;
    }
    outlet
    {
        type            zeroGradient;
    }
    top
    {
        type            symmetryPlane;
    }
    bottom
    {
        type            symmetryPlane;
    }
    obstacle
    {
        type            zeroGradient;
    }
    frontAndBack
    {
        type            empty;
    }
}


// ************************************************************************* //
