/*--------------------------------*- C++ -*----------------------------------*\
  =========                 |
  \\      /  F ield         | OpenFOAM: The Open Source CFD Toolbox
   \\    /   O peration     | Website:  https://openfoam.org
    \\  /    A nd           | Version:  13
     \\/     M anipulation  |
\*---------------------------------------------------------------------------*/
FoamFile
{
    format      ascii;
    class       volScalarField;
    location    "6";
    object      Ma;
}
// * * * * * * * * * * * * * * * * * * * * * * * * * * * * * * * * * * * * * //

dimensions      [];

internalField   nonuniform List<scalar> 
5250
(
3
2.99997
2.9999
2.99974
2.99936
2.99835
2.9961
2.98985
2.9762
2.93876
2.8511
2.62578
2.11935
1.20549
0.500143
0.282349
0.325093
0.335192
0.30197
0.247631
0.197305
0.156723
0.116466
0.0722495
0.0395295
3
2.99997
2.9999
2.99976
2.99933
2.99848
2.99592
2.99056
2.97553
2.94129
2.85142
2.63255
2.13008
1.22148
0.508867
0.282867
0.326942
0.337883
0.304923
0.25144
0.202397
0.163208
0.125086
0.0858466
0.0620704
3
2.99997
2.99991
2.99974
2.99942
2.99837
2.99641
2.99009
2.97763
2.94118
2.85832
2.64238
2.15452
1.25798
0.529001
0.286198
0.332954
0.345943
0.313956
0.262621
0.216435
0.180443
0.146935
0.115539
0.0992649
3
2.99997
2.99991
2.99977
2.99941
2.99854
2.99634
2.99118
2.97749
2.94594
2.86316
2.66146
2.19105
1.31568
0.560244
0.292561
0.343207
0.359392
0.328958
0.28067
0.237958
0.20585
0.177365
0.152327
0.140036
3
2.99997
2.99992
2.99978
2.99946
2.9986
2.99672
2.99136
2.97996
2.94792
2.87451
2.68261
2.24187
1.3963
0.602635
0.304032
0.358444
0.378322
0.349688
0.304803
0.265717
0.237424
0.213451
0.193291
0.183586
3
2.99998
2.99993
2.99981
2.99949
2.99878
2.9968
2.99262
2.98051
2.95439
2.88292
2.71246
2.30237
1.50079
0.656946
0.325139
0.381161
0.404103
0.37715
0.335727
0.299802
0.275151
0.255467
0.239786
0.232763
3
2.99998
2.99993
2.99982
2.99955
2.99885
2.99728
2.9929
2.98352
2.95723
2.89755
2.74073
2.37387
1.62906
0.724684
0.361898
0.415281
0.43842
0.412768
0.374615
0.341348
0.319845
0.304451
0.293726
0.291209
3
2.99998
2.99994
2.99984
2.99959
2.999
2.99745
2.99398
2.9844
2.96326
2.90624
2.77057
2.43673
1.74799
0.794063
0.397318
0.448154
0.47002
0.449456
0.417171
0.388352
0.37132
0.361455
0.357936
0.36512
3
2.99999
2.99995
2.99986
2.99964
2.99908
2.99779
2.9943
2.98667
2.96552
2.9176
2.79136
2.49062
1.84527
0.875412
0.443903
0.473289
0.490108
0.481735
0.45877
0.437836
0.427907
0.426421
0.436277
0.465791
3
2.99999
2.99995
2.99988
2.99966
2.99922
2.99789
2.99528
2.9872
2.97081
2.92398
2.81571
2.54033
1.94643
0.987053
0.509916
0.490619
0.506083
0.509926
0.497824
0.48789
0.487308
0.500854
0.539052
0.637553
3
2.99999
2.99996
2.99989
2.9997
2.99931
2.99814
2.99583
2.98872
2.97424
2.9329
2.83764
2.59288
2.05294
1.1247
0.58851
0.505945
0.523107
0.53617
0.535033
0.535931
0.548178
0.583472
0.662549
0.824319
3
2.99999
2.99997
2.99991
2.99976
2.99939
2.99846
2.99628
2.9905
2.97747
2.94244
2.86001
2.64829
2.16898
1.29313
0.681384
0.525173
0.54304
0.562582
0.571014
0.581711
0.60723
0.660515
0.761001
0.929554
3
3
2.99997
2.99992
2.9998
2.99947
2.99877
2.9967
2.99255
2.98001
2.95384
2.88075
2.70845
2.29467
1.49752
0.791569
0.558992
0.573806
0.594614
0.608741
0.626458
0.661322
0.723019
0.822815
0.965828
3
3
2.99998
2.99994
2.99984
2.99958
2.99895
2.99747
2.99357
2.98481
2.96121
2.90674
2.76565
2.43388
1.75076
0.92007
0.616548
0.62148
0.636929
0.652912
0.672203
0.709072
0.770408
0.860687
0.980801
3.00001
3
2.99999
2.99995
2.99988
2.99964
2.9992
2.99785
2.99501
2.98724
2.96933
2.92347
2.81144
2.53666
1.94676
1.05094
0.678074
0.664285
0.678865
0.696622
0.717026
0.752206
0.808712
0.888031
0.990891
3.00001
3
2.99999
2.99997
2.99989
2.99974
2.99929
2.99837
2.99576
2.98999
2.97468
2.93858
2.84649
2.62142
2.11495
1.24145
0.771185
0.69591
0.71045
0.730201
0.755317
0.790187
0.841715
0.91142
0.999935
3.00001
3
2.99999
2.99997
2.99992
2.99979
2.99945
2.9987
2.99662
2.99221
2.97951
2.95219
2.87756
2.70077
2.28087
1.48715
0.891822
0.730605
0.739001
0.759338
0.787801
0.822827
0.870327
0.932154
1.00877
3.00001
3
3
2.99998
2.99994
2.99984
2.99959
2.99897
2.99755
2.99368
2.98532
2.96211
2.90987
2.77305
2.45376
1.79189
1.04141
0.78766
0.777283
0.792594
0.820815
0.854681
0.897453
0.951893
1.01831
3.00001
3.00001
3
2.99999
2.99995
2.99989
2.99967
2.99928
2.99799
2.99561
2.9881
2.97284
2.93008
2.8315
2.58351
2.0466
1.21294
0.858632
0.816978
0.828952
0.853315
0.886029
0.923916
0.971491
1.02902
3.00001
3.00001
3
2.99999
2.99997
2.99991
2.99978
2.99941
2.99858
2.9965
2.99133
2.97909
2.94769
2.87253
2.68312
2.25201
1.46055
0.970224
0.856084
0.861343
0.882064
0.912907
0.948423
0.99056
1.04095
3.00001
3.00001
3
3
2.99998
2.99994
2.99984
2.99957
2.99899
2.99733
2.99399
2.98399
2.96332
2.90571
2.77223
2.44632
1.78515
1.12091
0.911533
0.897077
0.910679
0.937886
0.971798
1.00998
1.0541
3.00001
3.00001
3
3
2.99999
2.99996
2.99988
2.99971
2.99924
2.99818
2.99552
2.98897
2.97337
2.9339
2.83891
2.60561
2.09447
1.31615
0.988536
0.935172
0.942343
0.964223
0.995571
1.02973
1.06916
3.00001
3.00001
3.00001
3
2.99999
2.99997
2.99991
2.9998
2.99944
2.99876
2.99669
2.99241
2.98053
2.95373
2.88424
2.71721
2.32702
1.59318
1.10832
0.978757
0.974113
0.988575
1.01653
1.04969
1.08534
3.00001
3.00001
3.00001
3
3
2.99998
2.99994
2.99987
2.99962
2.99916
2.99772
2.99488
2.98668
2.96893
2.92196
2.81159
2.54395
1.97665
1.28164
1.042
1.01093
1.01834
1.04055
1.07123
1.10366
3.00001
3.00001
3.00001
3.00001
3
2.99999
2.99996
2.99991
2.99974
2.99942
2.99841
2.99652
2.99056
2.97885
2.94514
2.86983
2.67713
2.24802
1.50552
1.12495
1.04647
1.04762
1.06456
1.09197
1.12277
3.00001
3.00001
3.00001
3.00001
3
3
2.99998
2.99993
2.99984
2.99958
2.99899
2.9975
2.99386
2.98526
2.96323
2.91174
2.78111
2.47729
1.85138
1.27423
1.09846
1.07948
1.08938
1.11256
1.14232
3.00001
3.00001
3.00001
3.00001
3.00001
3
2.99999
2.99996
2.9999
2.99971
2.99936
2.99827
2.9961
2.98991
2.97641
2.94105
2.85779
2.65305
2.19727
1.49303
1.18094
1.11788
1.11845
1.13476
1.16016
3.00001
3.00001
3.00001
3.00001
3.00001
3
2.99999
2.99998
2.99993
2.99983
2.99955
2.99891
2.99735
2.99345
2.98447
2.96097
2.90718
2.76976
2.45434
1.82271
1.31625
1.1659
1.14851
1.15698
1.17797
3.00001
3.00001
3.00001
3.00001
3.00001
3
3
2.99999
2.99996
2.99988
2.99973
2.99927
2.99838
2.99564
2.99039
2.97472
2.9419
2.85378
2.65191
2.19339
1.52777
1.24547
1.18741
1.18515
1.19843
3.00001
3.00001
3.00001
3.00001
3.00001
3.00001
3
3
2.99997
2.99993
2.99982
2.99957
2.9989
2.99737
2.99361
2.98427
2.96249
2.90729
2.77648
2.46623
1.85756
1.37781
1.23323
1.21392
1.22026
3.00001
3.00001
3.00001
3.00001
3.00001
3.00001
3
3
2.99999
2.99996
2.99989
2.99974
2.99929
2.99845
2.9958
2.99076
2.97584
2.94434
2.86068
2.66879
2.23105
1.59248
1.31361
1.25322
1.24787
3.00001
3.00001
3.00001
3.00001
3.00001
3.00001
3.00001
3
3
2.99998
2.99993
2.99984
2.99957
2.99903
2.99741
2.99434
2.98489
2.96616
2.91351
2.79572
2.50921
1.94043
1.45429
1.30051
1.27613
3.00001
3.00001
3.00001
3.00001
3.00001
3.00001
3.00001
3
3
2.99999
2.99997
2.9999
2.99976
2.99937
2.99852
2.99637
2.99122
2.97896
2.94833
2.8763
2.70016
2.30313
1.68553
1.38819
1.31513
3.00001
3.00001
3.00001
3.00001
3.00001
3.00001
3.00001
3.00001
3
3
2.99998
2.99995
2.99985
2.99964
2.9991
2.99785
2.99482
2.98734
2.97004
2.92619
2.8242
2.57898
2.07014
1.54957
1.36766
3.00001
3.00001
3.00001
3.00001
3.00001
3.00001
3.00001
3.00001
3.00001
3
2.99999
2.99997
2.99992
2.99978
2.9995
2.99865
2.99705
2.99213
2.98256
2.95517
2.89557
2.74356
2.40205
1.80888
1.46438
3.00001
3.00001
3.00001
3.00001
3.00001
3.00001
3.00001
3.00001
3.00001
3
3
2.99999
2.99995
2.99989
2.99968
2.9993
2.99812
2.99582
2.98929
2.97532
2.9389
2.85512
2.65271
2.21254
1.65741
3.00001
3.00001
3.00001
3.00001
3.00001
3.00001
3.00001
3.00001
3.00001
3.00001
3
2.99999
2.99998
2.99993
2.99983
2.99957
2.99893
2.99754
2.99368
2.98581
2.96345
2.91624
2.79222
2.51472
1.97274
3.00001
3.00001
3.00001
3.00001
3.00001
3.00001
3.00001
3.00001
3.00001
3.00001
3
3
2.99999
2.99997
2.9999
2.99976
2.99941
2.99852
2.9966
2.99135
2.98038
2.95035
2.88451
2.71912
2.3502
3.00001
3.00001
3.00001
3.00001
3.00001
3.00001
3.00001
3.00001
3.00001
3.00001
3.00001
3
3
2.99998
2.99995
2.99987
2.99966
2.99919
2.99807
2.99525
2.98907
2.97259
2.93704
2.84508
2.63857
3.00001
3.00001
3.00001
3.00001
3.00001
3.00001
3.00001
3.00001
3.00001
3.00001
3.00001
3.00001
3
2.99999
2.99997
2.99993
2.99981
2.99956
2.99883
2.99747
2.99332
2.98514
2.96231
2.91257
2.78685
3.00001
3.00001
3.00001
3.00001
3.00001
3.00001
3.00001
3.00001
3.00001
3.00001
3.00001
3.00001
3
3
2.99999
2.99996
2.9999
2.99973
2.9994
2.9984
2.9965
2.99091
2.97949
2.94869
2.88001
3.00001
3.00001
3.00001
3.00001
3.00001
3.00001
3.00001
3.00001
3.00001
3.00001
3.00001
3.00001
3.00001
3
3
2.99998
2.99994
2.99985
2.99962
2.99909
2.99783
2.99464
2.98769
2.96902
2.92893
3.00001
3.00001
3.00001
3.00001
3.00001
3.00001
3.00001
3.00001
3.00001
3.00001
3.00001
3.00001
3.00001
3
3
2.99999
2.99996
2.99989
2.99975
2.99934
2.99852
2.99605
2.99133
2.97713
2.94795
3.00001
3.00001
3.00001
3.00001
3.00001
3.00001
3.00001
3.00001
3.00001
3.00001
3.00001
3.00001
3.00001
3.00001
3
2.99999
2.99997
2.99991
2.9998
2.99945
2.99874
2.99672
2.99232
2.98052
2.95306
3.00001
3.00001
3.00001
3.00001
3.00001
3.00001
3.00001
3.00001
3.00001
3.00001
3.00001
3.00001
3.00001
3.00001
3
2.99999
2.99998
2.99992
2.99981
2.99949
2.99883
2.99682
2.99283
2.98063
2.95488
3.00001
3.00001
3.00001
3.00001
3.00001
3.00001
3.00001
3.00001
3.00001
3.00001
3.00001
3.00001
3.00001
3.00001
3
3
2.99998
2.99993
2.99982
2.9995
2.99886
2.99688
2.99296
2.98087
2.95531
3.00001
3.00001
3.00001
3.00001
3.00001
3.00001
3.00001
3.00001
3.00001
3.00001
3.00001
3.00001
3.00001
3.00001
3
2.99999
2.99998
2.99993
2.99982
2.99951
2.99885
2.99701
2.99272
2.98163
2.95436
3.00001
3.00001
3.00001
3.00001
3.00001
3.00001
3.00001
3.00001
3.00001
3.00001
3.00001
3.00001
3.00001
3.00001
3
3
2.99998
2.99994
2.9998
2.99956
2.99876
2.9972
2.99247
2.98221
2.95393
3.00001
3.00001
3.00001
3.00001
3.00001
3.00001
3.00001
3.00001
3.00001
3.00001
3.00001
3.00001
3.00001
3.00001
3
3
2.99998
2.99993
2.99981
2.99954
2.99883
2.99708
2.99282
2.98168
2.95521
3.00001
3.00001
3.00001
3.00001
3.00001
3.00001
3.00001
3.00001
3.00001
3.00001
3.00001
3.00001
3.00001
3.00001
3
3
2.99998
2.99993
2.99982
2.99953
2.99887
2.997
2.99304
2.98137
2.95596
1.05265
1.04009
0.572977
0.215767
0.137676
0.241753
0.336632
0.382154
0.400679
0.421743
0.455265
0.491001
0.520791
0.545476
0.569946
0.596933
0.624545
0.651162
0.674619
0.695599
0.715814
0.738411
0.75721
0.767989
0.773136
0.772472
0.760764
0.733021
0.691762
0.640732
0.584675
0.527158
0.469968
0.414256
0.36142
0.312027
0.2658
0.222406
0.180159
0.140556
0.103129
0.0679349
0.0376658
0.0197467
0.0400637
0.0685055
0.0954789
0.12122
0.145816
0.169217
0.19156
0.212879
0.233223
0.252731
0.271466
0.289332
0.30627
0.322578
0.338681
0.354428
0.369669
0.384482
0.399091
0.413424
0.427754
0.441852
0.456102
0.470144
0.484383
0.498499
0.512747
0.52695
0.541259
0.555485
0.569828
0.584095
0.598408
0.612639
0.626913
0.641095
0.655274
0.669354
0.683441
0.697408
0.711358
0.725158
0.738928
0.752505
0.765994
0.779221
0.792308
0.80504
0.817512
0.829438
0.840881
0.851451
0.861053
0.869166
0.875275
0.879677
1.04851
1.01195
0.798529
0.525402
0.424619
0.325219
0.210819
0.10873
0.0726568
0.153449
0.229442
0.285265
0.320676
0.343036
0.365858
0.393883
0.424456
0.453565
0.479499
0.502267
0.524018
0.547823
0.56952
0.581971
0.586045
0.583478
0.567991
0.536555
0.490419
0.435229
0.376649
0.318177
0.262171
0.20805
0.159422
0.11555
0.0784897
0.0552538
0.0549282
0.0763211
0.104623
0.133326
0.161083
0.187034
0.212635
0.238007
0.262403
0.285795
0.308162
0.329487
0.349941
0.36945
0.388091
0.405851
0.42292
0.439147
0.454586
0.469241
0.483767
0.497996
0.511954
0.525404
0.538719
0.551783
0.564793
0.577693
0.590598
0.603457
0.616364
0.629265
0.642219
0.655182
0.668199
0.681208
0.694274
0.707302
0.72038
0.733399
0.746455
0.759427
0.772434
0.785339
0.79828
0.811093
0.823936
0.836624
0.84932
0.861812
0.874265
0.886466
0.898565
0.910329
0.921874
0.932935
0.943559
0.953437
0.962476
0.970158
0.975887
0.979943
1.05429
1.06924
1.00078
0.857075
0.75869
0.679431
0.588167
0.489475
0.388811
0.301203
0.223066
0.146802
0.0799178
0.0533956
0.107565
0.160268
0.202334
0.236874
0.264536
0.286379
0.306549
0.328466
0.351023
0.365589
0.367698
0.361103
0.341894
0.308647
0.260656
0.208589
0.159657
0.119499
0.0984069
0.0980309
0.116394
0.144013
0.174072
0.203999
0.231886
0.259805
0.287146
0.313387
0.338456
0.361986
0.384853
0.406913
0.428368
0.448818
0.468548
0.487308
0.505349
0.522443
0.53897
0.554627
0.569742
0.584012
0.597667
0.610491
0.623122
0.635533
0.647788
0.659591
0.671262
0.682672
0.694112
0.705392
0.716753
0.728027
0.739422
0.750764
0.762237
0.773681
0.785241
0.796783
0.80841
0.820031
0.8317
0.843367
0.855048
0.866734
0.878405
0.890089
0.901729
0.91339
0.924976
0.936575
0.948052
0.959517
0.970813
0.982049
0.993055
1.00392
1.01447
1.02478
1.03466
1.04401
1.05244
1.05973
1.0651
1.06882
1.07164
1.11791
1.11119
1.05182
0.978771
0.915244
0.846471
0.772182
0.694897
0.620574
0.552901
0.484804
0.415808
0.346286
0.282476
0.225035
0.171473
0.122078
0.0774697
0.0466895
0.0562341
0.0807748
0.106173
0.128036
0.129479
0.104812
0.0909291
0.077763
0.100474
0.136482
0.174291
0.213851
0.251026
0.282803
0.313423
0.342267
0.36987
0.395426
0.419804
0.442965
0.46572
0.487393
0.508339
0.528115
0.547414
0.565854
0.583939
0.601194
0.61798
0.633893
0.649396
0.664118
0.678336
0.691901
0.70507
0.717673
0.729652
0.740916
0.751853
0.762723
0.773515
0.783996
0.794235
0.804341
0.814348
0.824339
0.834279
0.844271
0.854237
0.864299
0.87435
0.884515
0.894672
0.90494
0.915201
0.925552
0.935901
0.946312
0.956724
0.967173
0.977636
0.988109
0.998614
1.00909
1.01961
1.03004
1.04053
1.05083
1.06121
1.07134
1.08155
1.09146
1.10143
1.11095
1.12029
1.12889
1.13691
1.14368
1.14888
1.15214
1.08186
1.14342
1.16836
1.15495
1.11651
1.07396
1.02697
0.975026
0.918579
0.863946
0.808907
0.754113
0.695131
0.636087
0.57936
0.527475
0.478101
0.429546
0.381499
0.33478
0.290742
0.25092
0.215415
0.185091
0.169737
0.176776
0.20481
0.251835
0.305449
0.356747
0.400736
0.437822
0.469388
0.496098
0.519819
0.541824
0.562547
0.582001
0.600522
0.618051
0.635283
0.651673
0.667743
0.682932
0.69787
0.712129
0.72626
0.739725
0.752994
0.765653
0.77799
0.789784
0.801337
0.812352
0.823117
0.833513
0.843612
0.853073
0.862231
0.871298
0.880546
0.889637
0.898627
0.907438
0.916296
0.92507
0.933974
0.94281
0.951817
0.960755
0.969892
0.978944
0.988215
0.997379
1.00677
1.01604
1.02553
1.03488
1.04445
1.05387
1.06352
1.073
1.0827
1.09222
1.10194
1.11145
1.12114
1.1306
1.14028
1.14976
1.15939
1.16871
1.17805
1.18696
1.19572
1.20385
1.21146
1.21795
1.22302
1.22608
1.08622
1.1537
1.19542
1.20861
1.19929
1.17856
1.1509
1.11799
1.08026
1.04084
1.00085
0.958362
0.91436
0.867993
0.822945
0.778053
0.734351
0.690676
0.647143
0.604011
0.563213
0.525198
0.490914
0.462019
0.446689
0.442632
0.45764
0.491516
0.536774
0.582362
0.623909
0.65701
0.681958
0.700248
0.715368
0.728767
0.741938
0.754347
0.766486
0.77795
0.789394
0.800317
0.811307
0.821728
0.832269
0.842325
0.852542
0.862345
0.872242
0.881677
0.891187
0.900204
0.909215
0.917825
0.926457
0.934692
0.942875
0.950503
0.958034
0.96531
0.972917
0.980467
0.988101
0.995562
1.00316
1.01069
1.01842
1.02614
1.03408
1.04201
1.05017
1.05834
1.0667
1.07507
1.08361
1.09214
1.10083
1.10947
1.11829
1.12703
1.13598
1.14481
1.15387
1.16277
1.1719
1.18086
1.19009
1.19913
1.20835
1.21729
1.22636
1.23514
1.24395
1.25239
1.2607
1.26847
1.27578
1.28211
1.28715
1.29009
1.08775
1.15603
1.20646
1.2361
1.24686
1.24449
1.23366
1.21618
1.19404
1.16828
1.14106
1.11153
1.07978
1.0462
1.01143
0.976508
0.941262
0.905593
0.868406
0.830674
0.791826
0.754194
0.717713
0.687754
0.665361
0.651918
0.657961
0.688426
0.732654
0.778265
0.818587
0.851823
0.874716
0.886453
0.891733
0.895096
0.898963
0.9033
0.908488
0.913835
0.919672
0.925461
0.931629
0.937685
0.944086
0.9504
0.957061
0.963574
0.970404
0.977066
0.983878
0.990563
0.997374
1.004
1.01073
1.01741
1.02409
1.03039
1.03663
1.04276
1.04921
1.05571
1.06238
1.06892
1.07566
1.08231
1.08923
1.0961
1.10326
1.11038
1.11781
1.12517
1.13287
1.14047
1.14841
1.15622
1.16436
1.17235
1.18066
1.18881
1.19725
1.20556
1.2141
1.22254
1.23126
1.23981
1.24853
1.25708
1.26578
1.27429
1.2829
1.29131
1.29972
1.30786
1.31587
1.32346
1.33062
1.33696
1.34208
1.34511
1.0894
1.15522
1.20929
1.2485
1.27238
1.28407
1.28627
1.2818
1.27201
1.25835
1.24201
1.22352
1.20248
1.17935
1.15439
1.12869
1.10195
1.07395
1.04401
1.01103
0.975569
0.938483
0.902629
0.868258
0.833153
0.807853
0.809674
0.840156
0.8846
0.932129
0.974214
1.00795
1.03318
1.04556
1.04552
1.03986
1.03368
1.02883
1.02628
1.02537
1.02613
1.02768
1.02992
1.03251
1.0357
1.03901
1.04292
1.04687
1.05132
1.05573
1.06057
1.06524
1.07026
1.07518
1.08035
1.08545
1.09084
1.09587
1.10096
1.10593
1.11138
1.11693
1.12278
1.12856
1.13459
1.14057
1.14681
1.15303
1.15953
1.16604
1.17283
1.17965
1.18676
1.19389
1.20128
1.20867
1.21629
1.22392
1.23176
1.23962
1.24768
1.25577
1.26407
1.2723
1.28065
1.28891
1.29728
1.30554
1.31389
1.32212
1.3304
1.33851
1.34663
1.3545
1.36228
1.36964
1.37671
1.38293
1.38817
1.39112
1.09216
1.15396
1.20837
1.25248
1.28458
1.30605
1.31855
1.32401
1.32415
1.32026
1.31307
1.30364
1.29165
1.27737
1.26139
1.2433
1.22474
1.20281
1.17922
1.14956
1.11675
1.08182
1.0441
1.00008
0.94789
0.914746
0.918765
0.949933
0.993839
1.04311
1.08771
1.1231
1.14934
1.16615
1.17111
1.16587
1.15426
1.14134
1.13034
1.12245
1.11733
1.11448
1.11309
1.11274
1.11315
1.114
1.11536
1.11706
1.11931
1.12181
1.12476
1.12786
1.13135
1.13484
1.13871
1.14266
1.14694
1.15096
1.15511
1.15915
1.16371
1.16836
1.17339
1.17838
1.18371
1.18902
1.19466
1.2003
1.20625
1.21223
1.21853
1.22484
1.23149
1.23813
1.24512
1.25205
1.25931
1.2665
1.27402
1.28146
1.28928
1.29697
1.30494
1.31277
1.32085
1.32877
1.33692
1.34491
1.35307
1.36107
1.3692
1.37713
1.38514
1.39289
1.40063
1.40798
1.4151
1.42145
1.4269
1.43003
1.09685
1.15366
1.20648
1.25229
1.28926
1.31716
1.3372
1.35034
1.35822
1.36177
1.36217
1.35982
1.35543
1.34806
1.33976
1.32808
1.31598
1.29962
1.27925
1.25256
1.22209
1.18785
1.14383
1.0829
1.01742
0.986815
0.99592
1.02633
1.06919
1.12059
1.17005
1.20747
1.23345
1.25224
1.26307
1.26569
1.26001
1.2468
1.23009
1.21442
1.20151
1.19211
1.18563
1.18143
1.17885
1.17713
1.17641
1.17596
1.17626
1.17697
1.17809
1.1796
1.18158
1.18385
1.18669
1.18969
1.19326
1.19664
1.20021
1.20372
1.20773
1.21189
1.21636
1.22087
1.22565
1.23047
1.23559
1.24074
1.24623
1.25173
1.25759
1.26344
1.26966
1.27589
1.28246
1.28906
1.29597
1.30293
1.31018
1.31751
1.32502
1.33252
1.34018
1.34782
1.3556
1.36335
1.37122
1.37904
1.38696
1.3948
1.4027
1.41051
1.41831
1.42597
1.43356
1.44087
1.44795
1.45439
1.45996
1.46325
1.10356
1.15536
1.20527
1.25086
1.28992
1.32198
1.34704
1.36603
1.37972
1.38929
1.39543
1.39892
1.39995
1.39897
1.39584
1.39013
1.38213
1.36993
1.35046
1.32636
1.29727
1.2592
1.20268
1.12077
1.05129
1.03241
1.04718
1.07715
1.12187
1.17429
1.22403
1.26366
1.2926
1.31214
1.32538
1.3329
1.33421
1.32965
1.31731
1.29904
1.28018
1.26329
1.25016
1.24044
1.23382
1.22938
1.2265
1.22461
1.22344
1.2229
1.22266
1.22314
1.22403
1.22538
1.22728
1.22952
1.23242
1.23526
1.23831
1.24136
1.24496
1.24878
1.25296
1.25718
1.26172
1.26625
1.27111
1.27595
1.28113
1.28631
1.29185
1.29738
1.30327
1.30915
1.31538
1.32162
1.32819
1.33481
1.34178
1.34873
1.35596
1.36314
1.3706
1.37797
1.3856
1.39312
1.40085
1.40846
1.41624
1.4239
1.4317
1.43935
1.44709
1.45462
1.46218
1.46941
1.47653
1.48294
1.48865
1.49195
1.11268
1.15938
1.20592
1.24978
1.28934
1.32336
1.35179
1.37465
1.39281
1.40684
1.41746
1.42549
1.43094
1.43442
1.43542
1.4341
1.42919
1.41739
1.39911
1.37639
1.34515
1.29697
1.21798
1.12347
1.06775
1.06204
1.08027
1.11282
1.15934
1.21131
1.25787
1.29698
1.32806
1.3515
1.36765
1.37841
1.38508
1.38733
1.38417
1.37458
1.35818
1.3384
1.31913
1.30262
1.28973
1.28046
1.27401
1.26978
1.2669
1.26504
1.26386
1.26331
1.26322
1.26378
1.2648
1.26631
1.26851
1.27079
1.27333
1.2758
1.27894
1.28233
1.28618
1.29007
1.29436
1.29862
1.30325
1.30782
1.31276
1.31764
1.32288
1.32808
1.33363
1.33916
1.34503
1.35092
1.35716
1.3635
1.37015
1.37678
1.38372
1.39062
1.39781
1.40495
1.41233
1.41966
1.42718
1.43466
1.44226
1.44981
1.45744
1.46498
1.47259
1.48005
1.48754
1.49477
1.5019
1.50843
1.51426
1.51775
1.12463
1.1663
1.20889
1.25036
1.28895
1.3236
1.35366
1.37931
1.40024
1.41788
1.43168
1.44321
1.45202
1.45871
1.4629
1.46378
1.45923
1.44705
1.42967
1.40486
1.36536
1.29796
1.19392
1.10499
1.07607
1.08272
1.10294
1.13874
1.18573
1.23406
1.27685
1.31406
1.34558
1.37181
1.39268
1.40777
1.41796
1.42433
1.427
1.42566
1.41915
1.40573
1.38701
1.36645
1.34775
1.33205
1.32035
1.31185
1.30623
1.30236
1.30003
1.29841
1.29773
1.29744
1.29793
1.29888
1.30056
1.30254
1.30484
1.30707
1.30996
1.31317
1.31697
1.32079
1.32505
1.32924
1.33381
1.33827
1.34308
1.34779
1.35283
1.35781
1.36309
1.36834
1.37391
1.3795
1.38546
1.39146
1.3978
1.40415
1.41082
1.41748
1.42441
1.43131
1.43845
1.44555
1.45284
1.4601
1.4675
1.47486
1.48232
1.48969
1.49715
1.50443
1.51177
1.51883
1.52584
1.53224
1.53806
1.54151
1.13843
1.17586
1.21445
1.25297
1.28984
1.32403
1.35452
1.38166
1.40469
1.42431
1.44106
1.45456
1.46622
1.47472
1.48084
1.48187
1.47515
1.46247
1.44325
1.41161
1.35537
1.25702
1.14821
1.09079
1.08279
1.09514
1.12
1.15871
1.20395
1.24676
1.28546
1.32045
1.35152
1.37913
1.40278
1.42249
1.43812
1.44876
1.4554
1.45939
1.45993
1.4562
1.44648
1.43062
1.41073
1.391
1.37324
1.35916
1.34843
1.34123
1.33633
1.33343
1.3316
1.33083
1.33059
1.3311
1.33223
1.33383
1.33587
1.33778
1.34031
1.34313
1.34677
1.35042
1.35458
1.35865
1.36314
1.36749
1.37221
1.37679
1.38169
1.38648
1.39156
1.39659
1.40191
1.40725
1.41293
1.41862
1.42462
1.43065
1.43699
1.44334
1.44997
1.4566
1.46348
1.47033
1.4774
1.4844
1.4916
1.49871
1.50598
1.51314
1.52044
1.52758
1.5348
1.54179
1.54871
1.55511
1.5609
1.56442
1.15436
1.18759
1.2226
1.25791
1.29249
1.32545
1.3558
1.383
1.40763
1.42843
1.44696
1.46231
1.4752
1.48508
1.49089
1.4891
1.47967
1.4653
1.43966
1.39236
1.30598
1.18906
1.1063
1.08388
1.08996
1.1052
1.1343
1.17374
1.21439
1.25221
1.28736
1.32001
1.35033
1.37832
1.40375
1.42643
1.44594
1.46188
1.47394
1.48167
1.4864
1.48863
1.48747
1.48147
1.46914
1.45145
1.43197
1.41282
1.39664
1.38388
1.37489
1.36885
1.36528
1.36325
1.36244
1.3624
1.36312
1.36443
1.36629
1.36799
1.37019
1.37271
1.37617
1.37975
1.38387
1.38792
1.39241
1.39677
1.40148
1.40604
1.41089
1.41562
1.4206
1.4255
1.43068
1.43581
1.44129
1.44672
1.45247
1.4582
1.46423
1.47027
1.47658
1.48289
1.48946
1.49602
1.50282
1.50959
1.51655
1.52343
1.53049
1.53741
1.54448
1.55137
1.55838
1.5651
1.57185
1.57802
1.58371
1.58711
1.17125
1.20114
1.23242
1.26485
1.29698
1.32815
1.35775
1.38471
1.40939
1.4314
1.45041
1.46717
1.4804
1.49036
1.49277
1.48719
1.47553
1.45471
1.41462
1.33974
1.22388
1.12556
1.08615
1.08378
1.09424
1.11577
1.14792
1.18437
1.2195
1.25299
1.28501
1.31573
1.3452
1.37322
1.39952
1.42394
1.44602
1.46572
1.48237
1.49586
1.50529
1.51111
1.5147
1.51569
1.51291
1.50482
1.49042
1.47212
1.45296
1.43537
1.42079
1.4099
1.40246
1.39787
1.39541
1.39445
1.39458
1.39555
1.39723
1.39882
1.40088
1.40304
1.40618
1.40954
1.41354
1.41747
1.4219
1.42621
1.43089
1.43541
1.44024
1.4449
1.44983
1.45461
1.45967
1.46467
1.46996
1.47521
1.48074
1.48624
1.49204
1.49779
1.50383
1.5098
1.51605
1.52223
1.52869
1.53507
1.54173
1.54827
1.55507
1.56171
1.56856
1.57522
1.58201
1.58854
1.59506
1.60105
1.60657
1.60987
1.18816
1.21587
1.24435
1.27369
1.30358
1.33275
1.36091
1.38753
1.41164
1.4339
1.45328
1.46987
1.48274
1.48955
1.48708
1.47767
1.46002
1.42636
1.36126
1.24999
1.1413
1.08904
1.08006
1.08671
1.10168
1.12747
1.15928
1.19079
1.2213
1.25123
1.28081
1.30994
1.33863
1.36634
1.39316
1.41848
1.44237
1.46433
1.4842
1.50163
1.5161
1.52744
1.53468
1.53936
1.54224
1.54229
1.53778
1.5272
1.51155
1.49335
1.47524
1.4593
1.44664
1.43754
1.43174
1.42852
1.42731
1.42744
1.4287
1.43021
1.4321
1.43398
1.43678
1.43985
1.44368
1.44746
1.45182
1.45604
1.46073
1.46524
1.47012
1.47479
1.47976
1.48453
1.48959
1.49452
1.49971
1.50476
1.51007
1.51526
1.52073
1.52611
1.5318
1.53741
1.54332
1.54917
1.55532
1.56139
1.56774
1.57398
1.58046
1.5868
1.59333
1.59968
1.60616
1.61236
1.61861
1.6243
1.62959
1.63275
1.20523
1.23145
1.25752
1.2841
1.31138
1.33864
1.36514
1.39065
1.41445
1.43601
1.45523
1.47084
1.4813
1.48167
1.47382
1.45922
1.4301
1.37258
1.2692
1.1557
1.09223
1.07707
1.08102
1.09142
1.11149
1.13905
1.16703
1.19453
1.22165
1.24914
1.27685
1.30479
1.33248
1.35995
1.38663
1.41256
1.43724
1.46075
1.48251
1.50267
1.52052
1.5361
1.54891
1.55807
1.56408
1.56831
1.57049
1.56927
1.56282
1.55065
1.53442
1.51692
1.50002
1.48579
1.47483
1.46754
1.46324
1.46143
1.46139
1.46252
1.46427
1.4659
1.4683
1.47098
1.47462
1.4782
1.48242
1.48651
1.49114
1.49558
1.50045
1.50509
1.51005
1.51478
1.51978
1.52465
1.52973
1.53465
1.5398
1.54481
1.55008
1.5552
1.56061
1.56589
1.57145
1.5769
1.58266
1.58831
1.59427
1.6001
1.60621
1.61218
1.61835
1.62436
1.6305
1.63638
1.64228
1.64762
1.65258
1.65555
1.22133
1.24718
1.2719
1.29632
1.32123
1.34644
1.37127
1.39525
1.41795
1.43862
1.45617
1.46948
1.47301
1.4669
1.45396
1.4279
1.37608
1.28089
1.16817
1.09651
1.07469
1.07611
1.08404
1.10056
1.12403
1.14906
1.17338
1.1976
1.22233
1.24778
1.27399
1.30065
1.32769
1.35449
1.38115
1.40702
1.43228
1.45648
1.47958
1.50141
1.52157
1.54015
1.55643
1.5704
1.5813
1.58904
1.5947
1.59842
1.59993
1.59727
1.58909
1.57565
1.55933
1.54237
1.52691
1.51435
1.50519
1.49953
1.49664
1.49616
1.49714
1.49854
1.50048
1.50265
1.50592
1.50923
1.51329
1.51719
1.5217
1.52604
1.53085
1.53548
1.54044
1.54521
1.55025
1.5551
1.5602
1.56504
1.57011
1.57494
1.58001
1.58486
1.58997
1.59491
1.60015
1.60524
1.61064
1.61592
1.62148
1.62692
1.63259
1.63814
1.64386
1.64942
1.65511
1.66051
1.66595
1.67083
1.67533
1.67803
1.23853
1.26237
1.28588
1.30882
1.33185
1.35505
1.37837
1.40077
1.42201
1.44091
1.45575
1.46224
1.45801
1.44572
1.42188
1.37431
1.28621
1.17612
1.09981
1.07315
1.0723
1.07906
1.0934
1.11418
1.13634
1.15775
1.17895
1.20087
1.22379
1.24792
1.27298
1.29879
1.32495
1.35122
1.37735
1.40315
1.42845
1.45311
1.47685
1.49971
1.52127
1.54179
1.56038
1.57771
1.59245
1.60511
1.61441
1.62161
1.6271
1.6301
1.63069
1.62647
1.6166
1.6022
1.58604
1.56984
1.55578
1.54472
1.53737
1.5332
1.53182
1.53228
1.53372
1.53524
1.53769
1.54055
1.54442
1.54819
1.55262
1.55684
1.56158
1.56612
1.57107
1.57582
1.58091
1.58577
1.59083
1.59564
1.60062
1.60533
1.61024
1.61488
1.61977
1.62441
1.62932
1.63403
1.63903
1.64385
1.64896
1.65392
1.65912
1.66418
1.66942
1.67447
1.67964
1.68451
1.68936
1.69368
1.69757
1.69992
1.25718
1.27661
1.30049
1.32265
1.34399
1.36531
1.38654
1.4072
1.42608
1.44183
1.45055
1.44783
1.43597
1.41368
1.36935
1.28688
1.17986
1.10145
1.07197
1.06933
1.07535
1.08862
1.108
1.12836
1.14746
1.16606
1.18524
1.20564
1.22746
1.25053
1.27465
1.29947
1.32477
1.35032
1.37593
1.40136
1.42655
1.45112
1.47526
1.49854
1.52113
1.54262
1.56307
1.58225
1.59974
1.61576
1.62922
1.64058
1.64888
1.65601
1.66054
1.66301
1.66212
1.65631
1.64501
1.63031
1.6141
1.5991
1.58631
1.57708
1.57122
1.56846
1.56824
1.56923
1.57081
1.57271
1.57589
1.57941
1.58375
1.58772
1.59242
1.59668
1.60168
1.60623
1.61147
1.61619
1.62136
1.62604
1.63105
1.63563
1.64045
1.64494
1.64961
1.65402
1.65863
1.66302
1.66762
1.67205
1.6767
1.68119
1.6859
1.69043
1.69513
1.6996
1.70415
1.70837
1.71252
1.71612
1.71924
1.72112
1.27842
1.293
1.31424
1.3359
1.35645
1.37622
1.39582
1.41402
1.42977
1.43922
1.4374
1.42564
1.40424
1.36198
1.28344
1.17957
1.10071
1.06974
1.06634
1.07238
1.08591
1.10516
1.1245
1.14199
1.15849
1.17535
1.19327
1.21275
1.23355
1.2557
1.27872
1.30265
1.32706
1.35189
1.37686
1.4018
1.42662
1.45104
1.47522
1.49865
1.52175
1.5438
1.56536
1.58558
1.60506
1.62289
1.6395
1.65407
1.66646
1.67644
1.68447
1.69118
1.69492
1.69635
1.69405
1.68651
1.67404
1.65919
1.64356
1.62965
1.61828
1.61064
1.60608
1.60469
1.60501
1.60622
1.60789
1.61076
1.61442
1.61857
1.62287
1.62737
1.63198
1.6367
1.64161
1.64645
1.65146
1.65622
1.66118
1.66573
1.67054
1.67485
1.67949
1.6836
1.68809
1.69208
1.69645
1.70041
1.70467
1.70867
1.71286
1.71685
1.72095
1.72477
1.72861
1.73206
1.73535
1.73808
1.74024
1.74156
1.30501
1.31105
1.32743
1.34884
1.36878
1.38728
1.40458
1.41952
1.4296
1.42797
1.41585
1.39459
1.35335
1.27672
1.17519
1.09738
1.06681
1.06358
1.06981
1.08418
1.10406
1.12332
1.13977
1.1549
1.16985
1.18585
1.20303
1.22183
1.24177
1.26314
1.28523
1.30839
1.33182
1.356
1.38007
1.40457
1.42873
1.453
1.47683
1.50038
1.52349
1.54594
1.56794
1.58893
1.60944
1.62855
1.64703
1.66367
1.67932
1.69255
1.70395
1.71309
1.72125
1.72679
1.72952
1.72989
1.72618
1.7172
1.70405
1.68903
1.67418
1.66118
1.65125
1.64491
1.64161
1.64117
1.64199
1.64324
1.64559
1.64889
1.65321
1.65751
1.66226
1.66679
1.67172
1.67635
1.68136
1.68602
1.69098
1.69551
1.70029
1.70462
1.70913
1.71322
1.71746
1.72132
1.72535
1.72899
1.73286
1.73634
1.74003
1.74332
1.74678
1.74975
1.75281
1.7552
1.75751
1.75911
1.76007
1.76075
1.33473
1.33287
1.34309
1.36081
1.3816
1.39889
1.41326
1.42247
1.42041
1.40747
1.38567
1.34385
1.2671
1.16683
1.091
1.06224
1.05986
1.06669
1.08271
1.10429
1.12382
1.13998
1.15416
1.16799
1.1824
1.19803
1.21488
1.23312
1.25245
1.27296
1.29426
1.31647
1.33911
1.36242
1.38578
1.40963
1.43317
1.45708
1.48034
1.50389
1.52655
1.54934
1.57115
1.59281
1.6135
1.63367
1.65295
1.67123
1.68862
1.70431
1.71902
1.73098
1.7419
1.75052
1.75835
1.7624
1.76429
1.76323
1.75808
1.74791
1.73427
1.71914
1.70507
1.69303
1.68456
1.67925
1.6773
1.67729
1.67821
1.67982
1.68285
1.68704
1.69144
1.6962
1.70081
1.70566
1.71037
1.7152
1.71998
1.72471
1.72938
1.7339
1.73827
1.7425
1.74648
1.75035
1.75399
1.75745
1.76081
1.76385
1.7669
1.76953
1.77207
1.77424
1.77603
1.77749
1.77827
1.7786
1.77799
1.77814
1.37121
1.35646
1.36
1.37369
1.39207
1.40818
1.41806
1.41554
1.40131
1.37833
1.33452
1.25546
1.15512
1.08174
1.05586
1.05526
1.06314
1.08158
1.10539
1.1253
1.14144
1.15505
1.16828
1.18168
1.19626
1.21172
1.22854
1.24623
1.26512
1.28477
1.30538
1.3266
1.34852
1.37082
1.39356
1.41649
1.43953
1.46269
1.48559
1.50863
1.53103
1.55365
1.57526
1.59723
1.61783
1.63889
1.65831
1.67809
1.69602
1.71398
1.72995
1.74526
1.75838
1.76987
1.77988
1.78844
1.79489
1.79781
1.79857
1.79611
1.7893
1.77784
1.76372
1.74881
1.73539
1.72454
1.71728
1.71316
1.71212
1.71257
1.71361
1.71589
1.71972
1.7242
1.72911
1.7337
1.73856
1.74312
1.74791
1.75252
1.75715
1.76169
1.76604
1.77031
1.77428
1.77813
1.78167
1.78498
1.78807
1.79076
1.7933
1.79526
1.79698
1.7981
1.79867
1.79882
1.79815
1.79659
1.79467
1.79405
1.43655
1.39042
1.38312
1.38863
1.40065
1.41301
1.41229
1.39739
1.37246
1.32546
1.24205
1.14015
1.06982
1.04697
1.04903
1.05927
1.08004
1.10515
1.12628
1.14282
1.1567
1.16957
1.18267
1.19639
1.21111
1.2267
1.24332
1.26074
1.27912
1.29815
1.31805
1.33842
1.35955
1.38097
1.40299
1.42504
1.44757
1.46982
1.49249
1.51461
1.53705
1.55883
1.58077
1.60206
1.62325
1.6439
1.66405
1.68385
1.70269
1.72135
1.73854
1.75555
1.77054
1.78503
1.79677
1.80802
1.81718
1.82542
1.8297
1.8316
1.83082
1.82709
1.81866
1.806
1.79152
1.77703
1.76442
1.75482
1.74875
1.74595
1.74566
1.74626
1.74782
1.75106
1.7554
1.7602
1.76485
1.76976
1.77432
1.77908
1.78353
1.78807
1.79238
1.79658
1.8006
1.8043
1.80784
1.8109
1.81377
1.81607
1.818
1.81928
1.8199
1.81997
1.81931
1.81789
1.81611
1.81272
1.80784
1.80556
1.55755
1.43011
1.40603
1.40322
1.40719
1.40794
1.39528
1.36755
1.31648
1.22649
1.12269
1.05626
1.03627
1.04025
1.05466
1.07899
1.10504
1.12667
1.14381
1.15805
1.17105
1.184
1.19744
1.21165
1.22663
1.2424
1.25889
1.2761
1.29397
1.31253
1.33169
1.35144
1.37171
1.39243
1.41351
1.4349
1.45648
1.47821
1.5
1.52177
1.54355
1.56506
1.58664
1.60767
1.62883
1.64918
1.66971
1.68923
1.7089
1.72745
1.74595
1.76321
1.78012
1.79548
1.8101
1.82268
1.83416
1.84422
1.85308
1.85925
1.86232
1.86237
1.86036
1.85506
1.84503
1.83146
1.81667
1.80272
1.79103
1.7828
1.77789
1.7763
1.77651
1.77744
1.77975
1.78357
1.78837
1.79321
1.79821
1.80281
1.80756
1.81193
1.81637
1.82052
1.82449
1.82824
1.83156
1.83463
1.83704
1.83907
1.84019
1.84056
1.84025
1.83918
1.8377
1.83472
1.83012
1.82405
1.81633
1.81223
1.7924
1.51767
1.44057
1.42026
1.40979
1.39441
1.36286
1.30277
1.20388
1.09944
1.04031
1.02464
1.03049
1.04939
1.07737
1.10453
1.12648
1.14396
1.15851
1.17191
1.18504
1.19865
1.21275
1.22759
1.24289
1.25889
1.27526
1.29235
1.30981
1.32801
1.34655
1.36578
1.38528
1.4054
1.42569
1.44648
1.46728
1.48846
1.50947
1.53077
1.55174
1.57294
1.59367
1.61456
1.6349
1.65528
1.67508
1.69475
1.71393
1.73282
1.75115
1.76895
1.78607
1.80246
1.81796
1.83235
1.84546
1.85706
1.86772
1.87689
1.88449
1.88847
1.88989
1.88853
1.88504
1.8779
1.86637
1.85204
1.83736
1.82405
1.81371
1.80681
1.8034
1.80279
1.80337
1.80498
1.80834
1.81294
1.81771
1.82269
1.82733
1.83209
1.83636
1.84072
1.84462
1.84836
1.85167
1.85446
1.8567
1.858
1.85833
1.85792
1.85701
1.85497
1.85141
1.84572
1.83841
1.82989
1.81864
1.8124
2.19328
1.69074
1.49163
1.43843
1.40653
1.36286
1.28687
1.17516
1.0725
1.02284
1.01302
1.0215
1.04535
1.07701
1.10443
1.12649
1.14381
1.15852
1.17219
1.18593
1.19998
1.21453
1.22945
1.24478
1.26044
1.27647
1.29287
1.30968
1.32691
1.34456
1.36266
1.38112
1.40002
1.4192
1.43878
1.45855
1.47859
1.49875
1.51903
1.53934
1.55966
1.57989
1.60006
1.62009
1.64
1.65969
1.67917
1.69842
1.71732
1.73587
1.75398
1.77171
1.78886
1.80551
1.82142
1.83659
1.8508
1.86389
1.87562
1.88639
1.8961
1.9042
1.90958
1.91198
1.91097
1.90853
1.90364
1.8945
1.88131
1.86649
1.85207
1.83981
1.831
1.82563
1.82385
1.82416
1.8253
1.82778
1.83177
1.83666
1.84173
1.84654
1.85129
1.85551
1.85967
1.86317
1.86645
1.86888
1.87057
1.87106
1.87088
1.87006
1.86802
1.86349
1.85762
1.84956
1.8397
1.82781
1.81276
1.80467
2.50289
1.9752
1.58834
1.45164
1.38105
1.28054
1.14203
1.03277
0.993302
0.994276
1.00963
1.03972
1.07414
1.10314
1.1254
1.14253
1.157
1.17087
1.18491
1.19961
1.21471
1.23025
1.24584
1.26172
1.2776
1.29378
1.31005
1.3267
1.34352
1.36077
1.37821
1.3961
1.41415
1.43263
1.45122
1.47014
1.48914
1.50836
1.5276
1.54698
1.56631
1.58569
1.60498
1.62418
1.64321
1.66214
1.68083
1.69934
1.71754
1.73548
1.75309
1.77029
1.78714
1.80348
1.81936
1.83464
1.84927
1.86305
1.87598
1.88756
1.89833
1.90804
1.91651
1.92244
1.92594
1.92627
1.92409
1.92036
1.91356
1.90252
1.8882
1.87341
1.85985
1.84917
1.84216
1.83884
1.83829
1.83933
1.84131
1.84469
1.84935
1.85438
1.8593
1.86395
1.86805
1.87174
1.87458
1.87662
1.87737
1.87753
1.87695
1.87479
1.87036
1.86352
1.85513
1.84412
1.83042
1.81585
1.79914
1.79071
2.7111
2.33902
1.79077
1.48886
1.31993
1.11433
0.981393
0.946352
0.95774
0.987733
1.02816
1.0645
1.09455
1.11789
1.13534
1.14994
1.16401
1.17859
1.19389
1.2098
1.22604
1.24244
1.25881
1.27511
1.29138
1.30765
1.32397
1.34038
1.35695
1.37371
1.39063
1.40779
1.42508
1.44264
1.46026
1.47816
1.49607
1.51421
1.53232
1.5506
1.56879
1.58709
1.60521
1.62339
1.64136
1.6593
1.67698
1.69455
1.71181
1.72891
1.74564
1.76218
1.77831
1.79418
1.80964
1.8247
1.83932
1.85332
1.86674
1.87924
1.89083
1.90133
1.91133
1.91965
1.9264
1.93032
1.93188
1.93009
1.92695
1.92174
1.91293
1.90014
1.88547
1.87108
1.85902
1.85044
1.84569
1.84407
1.8448
1.84664
1.84939
1.85351
1.85828
1.86301
1.86719
1.87085
1.87312
1.87445
1.87489
1.87448
1.87205
1.8673
1.86097
1.85174
1.84027
1.82594
1.81019
1.79486
1.77897
1.77179
2.82512
2.59448
2.1159
1.5616
1.15343
0.896121
0.861967
0.890975
0.941921
0.997632
1.03994
1.07216
1.09686
1.11549
1.13133
1.14663
1.16243
1.17889
1.19592
1.21323
1.23065
1.24797
1.26518
1.28205
1.29868
1.31506
1.33135
1.34753
1.3637
1.37986
1.39605
1.41231
1.42861
1.44503
1.46151
1.47813
1.49478
1.5116
1.52841
1.54538
1.56226
1.57929
1.59615
1.61313
1.62986
1.64665
1.66314
1.67966
1.69582
1.71201
1.72779
1.74361
1.75899
1.77442
1.78934
1.80429
1.81858
1.83285
1.84623
1.85948
1.87151
1.88319
1.89342
1.90367
1.91186
1.9192
1.92368
1.92645
1.92559
1.9228
1.9187
1.912
1.90116
1.88699
1.8725
1.8595
1.84979
1.84362
1.84091
1.84067
1.84238
1.84501
1.84828
1.85221
1.85638
1.85927
1.86125
1.86219
1.86191
1.85919
1.85485
1.8477
1.83838
1.8255
1.81109
1.79532
1.77998
1.76636
1.75343
1.74839
2.86865
2.68842
2.27958
1.59035
0.885723
0.638752
0.709223
0.796329
0.885615
0.950167
0.994971
1.02774
1.05282
1.0742
1.09452
1.11449
1.13452
1.15431
1.17408
1.19343
1.21262
1.23126
1.24967
1.26756
1.28507
1.30193
1.31855
1.33471
1.35078
1.36653
1.38228
1.39779
1.4134
1.42881
1.44443
1.45986
1.47557
1.49109
1.50694
1.52258
1.53855
1.55429
1.5703
1.58609
1.60206
1.61779
1.63364
1.64925
1.66493
1.6804
1.69588
1.71119
1.72647
1.74156
1.75655
1.7713
1.78586
1.80008
1.81399
1.8274
1.84034
1.85263
1.86411
1.87496
1.88499
1.89409
1.90143
1.90734
1.91058
1.91136
1.9091
1.90587
1.90065
1.89182
1.87902
1.86462
1.851
1.84018
1.83272
1.82881
1.82748
1.82819
1.82998
1.83257
1.8352
1.83729
1.83811
1.83724
1.83485
1.83023
1.8232
1.81239
1.79959
1.78459
1.76969
1.75501
1.74217
1.73176
1.7225
1.71967
2.88272
2.71081
2.3068
1.54129
0.659488
0.374335
0.518142
0.666156
0.766084
0.834106
0.883547
0.922203
0.95528
0.985647
1.01429
1.04133
1.06707
1.09153
1.11497
1.13745
1.15903
1.17983
1.19979
1.21911
1.23784
1.25598
1.27336
1.29034
1.30675
1.32295
1.33869
1.35437
1.3697
1.38509
1.40022
1.41549
1.43061
1.4459
1.46113
1.47655
1.49193
1.5075
1.52302
1.53868
1.55426
1.56995
1.58555
1.60125
1.61685
1.63254
1.64815
1.6638
1.67936
1.69488
1.71029
1.72557
1.74065
1.75553
1.7701
1.78438
1.79821
1.8116
1.82439
1.8365
1.84798
1.85868
1.86837
1.87661
1.88331
1.8877
1.88946
1.88825
1.88563
1.88132
1.87411
1.86257
1.84841
1.83433
1.82241
1.81362
1.80804
1.80523
1.8042
1.80431
1.80465
1.8044
1.80283
1.79951
1.7946
1.78618
1.7755
1.76174
1.74745
1.73248
1.71916
1.70721
1.69783
1.69083
1.68482
1.68377
2.88264
2.70991
2.2886
1.4718
0.560596
0.216415
0.396959
0.538898
0.62756
0.691344
0.743702
0.789831
0.831753
0.870257
0.905807
0.938633
0.96928
0.997898
1.02497
1.05055
1.07488
1.09802
1.12004
1.14113
1.16125
1.18084
1.19958
1.21764
1.23504
1.25201
1.26849
1.28473
1.3006
1.31641
1.33196
1.34758
1.36306
1.37868
1.39423
1.40995
1.42561
1.44147
1.45726
1.47329
1.48923
1.50548
1.52161
1.53809
1.55442
1.5711
1.58756
1.60433
1.62081
1.63751
1.65387
1.67035
1.68643
1.7025
1.71816
1.73362
1.74869
1.76332
1.77756
1.79108
1.80414
1.81632
1.82791
1.83818
1.84741
1.85472
1.86017
1.86269
1.86241
1.86029
1.85679
1.85067
1.84008
1.82595
1.81125
1.79806
1.78736
1.77956
1.77399
1.77
1.76643
1.76242
1.75719
1.75036
1.74059
1.72861
1.71458
1.70013
1.68562
1.67296
1.66186
1.6537
1.64702
1.64327
1.63903
1.63952
2.88327
2.71015
2.28555
1.45814
0.547871
0.194154
0.355853
0.46793
0.532452
0.582456
0.629341
0.675067
0.718237
0.758833
0.796573
0.831842
0.864961
0.896089
0.925611
0.953475
0.979998
1.00508
1.02899
1.05167
1.07339
1.09402
1.1141
1.13327
1.15187
1.16977
1.18729
1.20433
1.22113
1.23765
1.25404
1.27026
1.28652
1.30268
1.31902
1.3353
1.3519
1.36847
1.38543
1.40238
1.41972
1.43705
1.45471
1.47236
1.49023
1.50808
1.52603
1.54394
1.56182
1.57964
1.59731
1.61489
1.63223
1.64943
1.6663
1.68297
1.69923
1.71518
1.73066
1.74564
1.76002
1.77376
1.7868
1.79896
1.81001
1.81983
1.82789
1.834
1.83726
1.83748
1.83581
1.83291
1.82705
1.81689
1.80203
1.7864
1.77081
1.75741
1.74546
1.73559
1.72585
1.7165
1.70552
1.69329
1.67883
1.66384
1.64819
1.63405
1.62118
1.61119
1.60303
1.59766
1.59341
1.59138
1.58857
1.58972
2.88488
2.7089
2.28421
1.45235
0.545802
0.199791
0.353915
0.451548
0.497187
0.529871
0.564585
0.601867
0.639883
0.676752
0.712437
0.74645
0.779191
0.810441
0.840455
0.869088
0.896539
0.922672
0.947706
0.971545
0.994383
1.01623
1.03714
1.05738
1.07681
1.09571
1.11396
1.13186
1.14933
1.16661
1.18369
1.20067
1.21768
1.23468
1.25187
1.26913
1.28668
1.30433
1.32228
1.34033
1.35867
1.37709
1.39578
1.41446
1.43339
1.45221
1.47126
1.49007
1.50911
1.52777
1.54668
1.56506
1.58369
1.60168
1.61989
1.63735
1.65497
1.67175
1.68858
1.70452
1.7203
1.73517
1.74964
1.76318
1.77592
1.78757
1.79786
1.80657
1.81307
1.81667
1.81701
1.8157
1.81271
1.80675
1.7953
1.77952
1.76103
1.74234
1.7237
1.7063
1.68899
1.67211
1.65441
1.63653
1.61824
1.60119
1.58551
1.57265
1.56211
1.55451
1.54877
1.54518
1.54244
1.54111
1.53907
1.54055
2.8863
2.70965
2.28678
1.45688
0.550175
0.207506
0.359532
0.453998
0.491416
0.513837
0.539525
0.569593
0.601664
0.634079
0.665864
0.697363
0.727729
0.757866
0.786605
0.815023
0.841974
0.868415
0.8935
0.917922
0.94117
0.963713
0.98524
1.00612
1.0262
1.04571
1.06458
1.08302
1.10105
1.11882
1.13638
1.15386
1.17128
1.18876
1.20632
1.22403
1.24189
1.25998
1.27829
1.29683
1.31558
1.33452
1.35364
1.37291
1.3923
1.41178
1.43129
1.45086
1.47036
1.48984
1.5092
1.52845
1.54753
1.5664
1.58508
1.60344
1.62161
1.63933
1.65685
1.6738
1.69047
1.70645
1.722
1.73676
1.75083
1.76391
1.77584
1.78642
1.79504
1.8016
1.80426
1.80406
1.80257
1.79892
1.79115
1.77767
1.75834
1.73599
1.71132
1.68606
1.66038
1.63522
1.61048
1.58746
1.56646
1.54866
1.53394
1.52275
1.51425
1.50841
1.50415
1.50152
1.49949
1.49844
1.49672
1.49831
2.88568
2.71221
2.28961
1.46238
0.553891
0.211686
0.363655
0.458201
0.492845
0.511061
0.532804
0.559675
0.589073
0.619047
0.648808
0.678355
0.707296
0.736101
0.76396
0.791673
0.818149
0.844393
0.869303
0.893859
0.91719
0.940042
0.96189
0.983131
1.00358
1.02339
1.04261
1.06126
1.07956
1.09743
1.11514
1.1326
1.15005
1.16744
1.18494
1.20251
1.22029
1.23826
1.25645
1.2749
1.29356
1.31249
1.33157
1.35092
1.37031
1.38994
1.40951
1.42927
1.44886
1.46859
1.48808
1.50765
1.52689
1.54619
1.56507
1.58398
1.60237
1.62079
1.63856
1.65631
1.67329
1.69014
1.70609
1.72174
1.73637
1.75038
1.76316
1.77482
1.78478
1.79279
1.79773
1.79882
1.79792
1.79537
1.78965
1.77842
1.76005
1.7362
1.70733
1.6756
1.64229
1.60982
1.57936
1.55276
1.53036
1.51275
1.49917
1.4894
1.48225
1.47745
1.47398
1.47183
1.47012
1.46919
1.46761
1.46922
2.88534
2.71378
2.29162
1.46601
0.555999
0.21344
0.365642
0.460576
0.494339
0.511019
0.5314
0.557328
0.586026
0.615378
0.644587
0.673583
0.702095
0.730499
0.758076
0.785568
0.811905
0.838073
0.862954
0.887543
0.910936
0.933908
0.955889
0.977308
0.997938
1.0179
1.03727
1.05602
1.07438
1.09227
1.10995
1.12736
1.14471
1.16197
1.17932
1.19673
1.21434
1.23212
1.25014
1.26841
1.28691
1.30569
1.32463
1.34386
1.36315
1.38269
1.40218
1.42188
1.44143
1.46113
1.4806
1.50018
1.51945
1.53878
1.55773
1.57672
1.59522
1.61375
1.63167
1.64958
1.66674
1.6838
1.69998
1.71588
1.73077
1.7451
1.75824
1.77034
1.78086
1.78953
1.79556
1.79752
1.79688
1.79477
1.78988
1.77999
1.76264
1.73834
1.70728
1.67175
1.63373
1.59681
1.56309
1.53477
1.51195
1.49476
1.48195
1.47296
1.46648
1.46216
1.45903
1.45708
1.45551
1.45461
1.45309
1.45469
)
;

boundaryField
{
    inlet
    {
        type            calculated;
        value           uniform 3.00001;
    }
    outlet
    {
        type            calculated;
        value           nonuniform List<scalar> 
40
(
0.879677
0.979943
1.06882
1.15214
1.22608
1.29009
1.34511
1.39112
1.43003
1.46325
1.49195
1.51775
1.54151
1.56442
1.58711
1.60987
1.63275
1.65555
1.67803
1.69992
1.72112
1.74156
1.76075
1.77814
1.79405
1.80556
1.81223
1.8124
1.80467
1.79071
1.77179
1.74839
1.71967
1.68377
1.63952
1.58972
1.54055
1.49831
1.46922
1.45469
)
;
    }
    top
    {
        type            symmetryPlane;
    }
    bottom
    {
        type            symmetryPlane;
    }
    obstacle
    {
        type            calculated;
        value           nonuniform List<scalar> 
110
(
0.0264805
0.0555296
0.0952799
0.136946
0.180783
0.229899
0.28789
0.360694
0.45881
0.624907
0.797533
0.901924
0.505031
0.00307862
0.134949
0.241721
0.336423
0.381723
0.400622
0.421652
0.455019
0.490795
0.520699
0.54545
0.569936
0.596925
0.624537
0.651154
0.674613
0.695595
0.715812
0.73841
0.757205
0.767984
0.773133
0.77247
0.760764
0.733017
0.691741
0.640673
0.584564
0.52699
0.469742
0.413964
0.361067
0.311603
0.265279
0.221745
0.179198
0.139296
0.101415
0.0651218
0.0311104
0.00616889
0.0365809
0.0667143
0.0943198
0.12039
0.145181
0.168716
0.191155
0.212544
0.232942
0.25249
0.271257
0.289151
0.306113
0.322442
0.33856
0.35432
0.369574
0.384398
0.399015
0.413356
0.427692
0.441797
0.456051
0.470099
0.484341
0.498461
0.512713
0.526919
0.541231
0.55546
0.569805
0.584075
0.598389
0.612623
0.626898
0.641081
0.655262
0.669344
0.683432
0.6974
0.71135
0.725152
0.738923
0.752501
0.76599
0.779217
0.792306
0.805038
0.817511
0.829437
0.84088
0.851451
0.861053
0.869166
0.875274
0.879677
)
;
    }
    frontAndBack
    {
        type            empty;
    }
}


// ************************************************************************* //
