/*--------------------------------*- C++ -*----------------------------------*\
  =========                 |
  \\      /  F ield         | OpenFOAM: The Open Source CFD Toolbox
   \\    /   O peration     | Website:  https://openfoam.org
    \\  /    A nd           | Version:  13
     \\/     M anipulation  |
\*---------------------------------------------------------------------------*/
FoamFile
{
    format      ascii;
    class       volScalarField;
    location    "6";
    object      rho;
}
// * * * * * * * * * * * * * * * * * * * * * * * * * * * * * * * * * * * * * //

dimensions      [1 -3 0 0 0 0 0];

internalField   nonuniform List<scalar> 
5250
(
1.40001
1.40003
1.40006
1.40018
1.40038
1.40105
1.40236
1.40628
1.41445
1.43669
1.48472
1.59703
1.82902
2.36164
4.51753
5.86136
5.73662
5.64935
5.66826
5.74841
5.83498
5.88719
5.92765
5.95955
5.98652
1.40001
1.40002
1.40006
1.40017
1.40038
1.40106
1.40226
1.40637
1.41383
1.43681
1.48276
1.59512
1.82305
2.34747
4.46728
5.8671
5.73748
5.6465
5.66591
5.74677
5.83339
5.88582
5.92709
5.95974
5.98758
1.40001
1.40002
1.40006
1.40016
1.40039
1.40093
1.40243
1.4056
1.41458
1.43378
1.48273
1.5874
1.81358
2.31621
4.35499
5.88044
5.73878
5.63742
5.65663
5.73661
5.82291
5.8747
5.91562
5.94788
5.97594
1.40001
1.40002
1.40006
1.40014
1.4004
1.40085
1.40239
1.40519
1.41413
1.43176
1.47956
1.57848
1.79701
2.27108
4.17884
5.90363
5.74274
5.62306
5.64029
5.71848
5.80149
5.85117
5.89233
5.9247
5.95267
1.40001
1.40002
1.40005
1.40015
1.40033
1.40089
1.40202
1.40529
1.41234
1.43113
1.47254
1.56988
1.77265
2.2144
3.93896
5.93486
5.74989
5.60437
5.61898
5.69213
5.77508
5.82179
5.85906
5.88962
5.9198
1.40001
1.40002
1.40006
1.40012
1.40033
1.40075
1.40199
1.40459
1.4118
1.4277
1.46793
1.55528
1.74632
2.14804
3.64112
5.96922
5.76383
5.58576
5.59503
5.66051
5.73744
5.78167
5.81454
5.84326
5.8741
1.40001
1.40002
1.40004
1.40012
1.40027
1.40074
1.40166
1.40439
1.41014
1.42581
1.46004
1.54238
1.71445
2.07991
3.29634
5.98089
5.77713
5.56658
5.56715
5.61938
5.69045
5.72597
5.75286
5.77466
5.80705
1.40001
1.40002
1.40005
1.4001
1.40028
1.40059
1.40163
1.40365
1.40965
1.4222
1.45547
1.5268
1.68692
2.01462
3.00302
5.89863
5.75448
5.54121
5.53462
5.56678
5.63018
5.65591
5.66985
5.67927
5.70649
1.40001
1.40002
1.40004
1.4001
1.40022
1.4006
1.40133
1.40357
1.40814
1.42101
1.44856
1.51695
1.65985
1.96163
2.79751
5.65311
5.64117
5.51218
5.48899
5.50029
5.54824
5.56002
5.5555
5.53993
5.54467
1.40001
1.40001
1.40004
1.40008
1.40021
1.4005
1.40126
1.40307
1.40748
1.41849
1.4441
1.50478
1.63622
1.9128
2.61647
5.28325
5.54149
5.47614
5.42445
5.42591
5.44784
5.4396
5.40898
5.33904
5.28077
1.40001
1.40001
1.40003
1.40007
1.40019
1.40044
1.40112
1.4027
1.40663
1.4163
1.43912
1.49312
1.61157
1.86188
2.45253
4.83568
5.48649
5.44176
5.35544
5.34209
5.33261
5.30025
5.2098
4.9929
4.36578
1.40001
1.40001
1.40003
1.40006
1.40017
1.40036
1.40101
1.40222
1.40598
1.41355
1.43483
1.47979
1.58687
1.80663
2.30003
4.30803
5.45765
5.41346
5.29394
5.25136
5.21995
5.15151
5.00205
4.69365
4.02256
1.40001
1.40001
1.40002
1.40006
1.40013
1.40034
1.40078
1.40199
1.40476
1.41183
1.42859
1.46842
1.55815
1.74994
2.15518
3.71481
5.45819
5.40297
5.25459
5.16699
5.11143
5.01247
4.82088
4.49546
3.96637
1.40001
1.40001
1.40002
1.40004
1.40012
1.40025
1.40069
1.40151
1.40409
1.4092
1.42388
1.45471
1.53119
1.6893
2.02176
3.04253
5.42305
5.38484
5.24005
5.10118
5.01088
4.88875
4.68953
4.38658
3.97308
1.40001
1.40001
1.40002
1.40004
1.4001
1.4002
1.40057
1.4012
1.40341
1.40724
1.41989
1.4439
1.50883
1.63947
1.92121
2.63984
5.15067
5.29211
5.20882
5.04187
4.92921
4.79283
4.59691
4.3225
3.97981
1.40001
1.40001
1.40002
1.40003
1.40007
1.40019
1.4004
1.40112
1.4024
1.40668
1.41456
1.43839
1.48605
1.60198
1.83542
2.37854
4.52438
5.17483
5.13182
4.99374
4.85462
4.7141
4.52805
4.28016
3.98181
1.40001
1.40001
1.40001
1.40003
1.40006
1.40013
1.40036
1.4008
1.40211
1.40486
1.41244
1.42912
1.4711
1.56175
1.75877
2.17088
3.79617
5.11507
5.08572
4.97336
4.79994
4.64654
4.46965
4.24544
3.98103
1.40001
1.40001
1.40001
1.40002
1.40005
1.40012
1.40025
1.40067
1.4015
1.40396
1.40907
1.42312
1.45349
1.52736
1.68156
1.99692
2.98657
5.02199
5.05486
4.97285
4.78601
4.60269
4.42577
4.21946
3.98149
1.40001
1.40001
1.40001
1.40002
1.40004
1.40009
1.4002
1.4005
1.40114
1.40303
1.40676
1.41784
1.44031
1.49855
1.61921
1.8727
2.48832
4.67267
5.00045
4.93769
4.77401
4.57503
4.39309
4.20048
3.98316
1.40001
1.40001
1.40001
1.40001
1.40003
1.40006
1.40017
1.40034
1.40096
1.40204
1.40565
1.41236
1.43256
1.47297
1.5731
1.77368
2.20909
3.91542
4.90086
4.87283
4.76908
4.55786
4.3742
4.18882
3.98891
1.40001
1.40001
1.40001
1.40001
1.40002
1.40005
1.40011
1.40028
1.40064
1.40164
1.40387
1.40958
1.42307
1.45523
1.52828
1.68588
1.99733
3.04269
4.76933
4.83084
4.76111
4.58474
4.37189
4.18688
3.99724
1.40001
1.40001
1.40001
1.40001
1.40002
1.40004
1.40008
1.40021
1.40044
1.40123
1.40262
1.40722
1.41576
1.44107
1.49153
1.61322
1.84614
2.41834
4.3851
4.79211
4.74218
4.60713
4.39289
4.19426
4.01267
1.40001
1.40001
1.40001
1.40001
1.40001
1.40003
1.40006
1.40015
1.40032
1.40087
1.40187
1.40518
1.41115
1.42976
1.46598
1.55791
1.73994
2.12037
3.58875
4.71301
4.69357
4.61476
4.42804
4.21896
4.03199
1.40001
1.40001
1.40001
1.40001
1.40001
1.40002
1.40004
1.4001
1.40023
1.4006
1.40129
1.40356
1.40759
1.42056
1.4451
1.51075
1.64164
1.89876
2.60055
4.50574
4.69283
4.62979
4.47457
4.25282
4.05837
1.40001
1.40001
1.40001
1.40001
1.40001
1.40002
1.40003
1.40007
1.40017
1.4004
1.40093
1.40239
1.40543
1.41406
1.43198
1.4783
1.57534
1.78092
2.21814
3.89455
4.62457
4.60129
4.50788
4.29889
4.09262
1.40001
1.40001
1.40001
1.40001
1.40001
1.40001
1.40002
1.40005
1.40012
1.40025
1.4007
1.40147
1.40407
1.40879
1.42333
1.45193
1.52543
1.67296
1.96295
2.94333
4.437
4.56253
4.51261
4.36563
4.13715
1.40001
1.40001
1.40001
1.40001
1.40001
1.40001
1.40002
1.40003
1.40008
1.40017
1.40046
1.40098
1.40273
1.40576
1.41577
1.43428
1.4857
1.58815
1.79857
2.2785
3.95552
4.50934
4.48392
4.39698
4.19776
1.40001
1.40001
1.40001
1.40001
1.40001
1.40001
1.40001
1.40003
1.40005
1.40013
1.40027
1.40074
1.40158
1.4043
1.40941
1.42456
1.45506
1.53161
1.68443
1.98394
3.04629
4.33802
4.44802
4.40363
4.27678
1.40001
1.40001
1.40001
1.40001
1.40001
1.40001
1.40001
1.40002
1.40004
1.40008
1.40019
1.40045
1.4011
1.40258
1.40647
1.41496
1.43697
1.48456
1.59307
1.79484
2.28351
3.90789
4.40408
4.3821
4.30743
1.40001
1.40001
1.40001
1.40001
1.40001
1.40001
1.40001
1.40001
1.40002
1.40006
1.40012
1.40031
1.40065
1.40178
1.40381
1.41028
1.42256
1.45708
1.52627
1.68186
1.96734
2.99138
4.22614
4.35807
4.31826
1.40001
1.40001
1.40001
1.40001
1.40001
1.40001
1.40001
1.40001
1.40002
1.40003
1.40008
1.40018
1.40043
1.40107
1.40246
1.40631
1.41421
1.4359
1.48055
1.58589
1.77656
2.23742
3.77421
4.30519
4.29261
1.40001
1.40001
1.40001
1.40001
1.40001
1.40001
1.40001
1.40001
1.40001
1.40002
1.40005
1.40011
1.40028
1.40065
1.40155
1.40386
1.4089
1.42232
1.45089
1.52005
1.65937
1.92295
2.81228
4.09143
4.27413
1.40001
1.40001
1.40001
1.40001
1.40001
1.40001
1.40001
1.40001
1.40001
1.40002
1.40003
1.40007
1.40018
1.40037
1.40103
1.40215
1.40588
1.41265
1.43304
1.47253
1.57035
1.74564
2.15223
3.55276
4.19612
1.40001
1.40001
1.40001
1.40001
1.40001
1.40001
1.40001
1.40001
1.40001
1.40001
1.40002
1.40005
1.4001
1.40026
1.40054
1.40146
1.40313
1.40836
1.41827
1.44644
1.50205
1.63045
1.84935
2.52484
3.92878
1.40001
1.40001
1.40001
1.40001
1.40001
1.40001
1.40001
1.40001
1.40001
1.40001
1.40002
1.40003
1.40006
1.40015
1.40035
1.40082
1.40203
1.40466
1.41177
1.42671
1.46502
1.54478
1.70821
2.04139
3.24768
1.40001
1.40001
1.40001
1.40001
1.40001
1.40001
1.40001
1.40001
1.40001
1.40001
1.40001
1.40002
1.40004
1.40009
1.4002
1.40051
1.4011
1.40295
1.40626
1.41674
1.43616
1.489
1.59097
1.78127
2.26345
1.40001
1.40001
1.40001
1.40001
1.40001
1.40001
1.40001
1.40001
1.40001
1.40001
1.40001
1.40001
1.40003
1.40005
1.40013
1.40027
1.40071
1.40157
1.404
1.40922
1.42249
1.45229
1.5204
1.6583
1.92109
1.40001
1.40001
1.40001
1.40001
1.40001
1.40001
1.40001
1.40001
1.40001
1.40001
1.40001
1.40001
1.40002
1.40004
1.40007
1.40018
1.40037
1.40098
1.40217
1.40552
1.41253
1.43095
1.47001
1.56037
1.72169
1.40001
1.40001
1.40001
1.40001
1.40001
1.40001
1.40001
1.40001
1.40001
1.40001
1.40001
1.40001
1.40001
1.40002
1.40004
1.4001
1.40021
1.40056
1.4012
1.40313
1.40693
1.4175
1.43933
1.49324
1.59942
1.40001
1.40001
1.40001
1.40001
1.40001
1.40001
1.40001
1.40001
1.40001
1.40001
1.40001
1.40001
1.40001
1.40001
1.40003
1.40006
1.40013
1.40031
1.40071
1.40178
1.40397
1.41025
1.42246
1.45617
1.52241
1.40001
1.40001
1.40001
1.40001
1.40001
1.40001
1.40001
1.40001
1.40001
1.40001
1.40001
1.40001
1.40001
1.40001
1.40002
1.40004
1.40008
1.40018
1.40043
1.40096
1.40247
1.4054
1.41404
1.43074
1.47527
1.40001
1.40001
1.40001
1.40001
1.40001
1.40001
1.40001
1.40001
1.40001
1.40001
1.40001
1.40001
1.40001
1.40001
1.40001
1.40002
1.40005
1.40012
1.40024
1.40063
1.40136
1.40354
1.40786
1.41979
1.44462
1.40001
1.40001
1.40001
1.40001
1.40001
1.40001
1.40001
1.40001
1.40001
1.40001
1.40001
1.40001
1.40001
1.40001
1.40001
1.40002
1.40003
1.40008
1.40017
1.40042
1.40101
1.40239
1.40594
1.41372
1.43405
1.40001
1.40001
1.40001
1.40001
1.40001
1.40001
1.40001
1.40001
1.40001
1.40001
1.40001
1.40001
1.40001
1.40001
1.40001
1.40001
1.40003
1.40006
1.40015
1.40033
1.40089
1.4019
1.40527
1.41147
1.43051
1.40001
1.40001
1.40001
1.40001
1.40001
1.40001
1.40001
1.40001
1.40001
1.40001
1.40001
1.40001
1.40001
1.40001
1.40001
1.40001
1.40003
1.40006
1.40013
1.40033
1.40076
1.40194
1.40473
1.41167
1.42874
1.40001
1.40001
1.40001
1.40001
1.40001
1.40001
1.40001
1.40001
1.40001
1.40001
1.40001
1.40001
1.40001
1.40001
1.40001
1.40001
1.40002
1.40006
1.40012
1.40032
1.40075
1.4019
1.40465
1.41148
1.42846
1.40001
1.40001
1.40001
1.40001
1.40001
1.40001
1.40001
1.40001
1.40001
1.40001
1.40001
1.40001
1.40001
1.40001
1.40001
1.40001
1.40003
1.40005
1.40014
1.40028
1.40081
1.40173
1.40493
1.41081
1.4294
1.40001
1.40001
1.40001
1.40001
1.40001
1.40001
1.40001
1.40001
1.40001
1.40001
1.40001
1.40001
1.40001
1.40001
1.40001
1.40001
1.40002
1.40006
1.40012
1.40032
1.4007
1.40199
1.40428
1.41204
1.42699
1.40001
1.40001
1.40001
1.40001
1.40001
1.40001
1.40001
1.40001
1.40001
1.40001
1.40001
1.40001
1.40001
1.40001
1.40001
1.40001
1.40002
1.40006
1.40012
1.40033
1.40068
1.40197
1.40425
1.41196
1.42685
1.40001
1.40001
1.40001
1.40001
1.40001
1.40001
1.40001
1.40001
1.40001
1.40001
1.40001
1.40001
1.40001
1.40001
1.40001
1.40001
1.40002
1.40006
1.40012
1.40032
1.40071
1.40189
1.40442
1.41153
1.42742
2.06209
1.41527
1.42593
1.91369
1.77569
1.71813
1.68239
1.67033
1.66191
1.63936
1.61032
1.58496
1.56423
1.54601
1.52339
1.50047
1.47665
1.45628
1.43788
1.42254
1.40375
1.38438
1.37419
1.37151
1.37161
1.37859
1.40284
1.44162
1.4952
1.55717
1.62293
1.68977
1.75419
1.81633
1.87302
1.92584
1.97146
2.01501
2.05261
2.08891
2.12036
2.14956
2.17527
2.19853
2.22084
2.23884
2.25443
2.26772
2.27968
2.28937
2.29782
2.30525
2.31114
2.31586
2.32003
2.32317
2.32561
2.32729
2.32813
2.32733
2.32608
2.32347
2.32062
2.31572
2.31106
2.30372
2.29723
2.28782
2.27913
2.26821
2.25727
2.24487
2.23234
2.21827
2.20436
2.18928
2.17406
2.15791
2.14183
2.125
2.10811
2.0906
2.07321
2.05524
2.0374
2.01904
2.00097
1.98248
1.96431
1.9458
1.92784
1.90968
1.89219
1.87461
1.85799
1.84169
1.82682
1.81309
1.80165
1.79385
2.55251
1.9749
1.88354
1.97769
1.87063
1.73146
1.65822
1.63315
1.62556
1.60277
1.56252
1.53083
1.50701
1.49057
1.47018
1.44606
1.42341
1.40091
1.38232
1.36677
1.34978
1.33331
1.32142
1.31721
1.31645
1.32242
1.34262
1.38002
1.43292
1.4973
1.56654
1.63743
1.70731
1.775
1.83891
1.8973
1.95215
2.00136
2.05041
2.09462
2.13617
2.17107
2.20444
2.2342
2.26086
2.28396
2.30369
2.32131
2.33698
2.34976
2.3617
2.37173
2.38039
2.38698
2.39329
2.39793
2.40262
2.40572
2.409
2.40928
2.40983
2.4083
2.40676
2.40338
2.39935
2.39387
2.38758
2.37992
2.37146
2.36177
2.35128
2.33971
2.32747
2.31421
2.30049
2.28581
2.27084
2.25501
2.23901
2.22221
2.20539
2.18783
2.17037
2.15216
2.13416
2.11551
2.09717
2.07823
2.0597
2.04074
2.0223
2.0036
1.98553
1.96742
1.95015
1.93332
1.91783
1.90365
1.89148
1.88331
3.07347
2.48445
2.2121
2.11174
2.03229
1.91275
1.79925
1.7256
1.65455
1.60715
1.5506
1.50093
1.4685
1.45734
1.43677
1.41064
1.38435
1.35748
1.33861
1.3222
1.30545
1.29111
1.27776
1.26947
1.26634
1.26896
1.2852
1.32052
1.37444
1.44373
1.52045
1.59896
1.67582
1.7544
1.82802
1.8978
1.96235
2.02025
2.07564
2.12539
2.17058
2.21102
2.24938
2.28253
2.31469
2.34155
2.36669
2.38738
2.40693
2.42301
2.43782
2.44928
2.46068
2.46909
2.47695
2.48183
2.48694
2.49027
2.49378
2.49457
2.49432
2.49234
2.49008
2.4858
2.48112
2.47448
2.46737
2.4585
2.44918
2.43824
2.42689
2.41416
2.40101
2.38673
2.37203
2.35648
2.34049
2.32389
2.30685
2.28941
2.27153
2.25341
2.23482
2.21616
2.19703
2.17797
2.15847
2.13919
2.11956
2.10025
2.08074
2.06163
2.0425
2.02397
2.0058
1.98861
1.97215
1.9574
1.94424
1.93536
3.35038
2.8109
2.46533
2.2888
2.1843
2.07371
1.95953
1.87955
1.79975
1.71153
1.63355
1.56143
1.50703
1.47205
1.44121
1.4084
1.37137
1.33975
1.31624
1.29983
1.28391
1.26698
1.25165
1.23865
1.23193
1.23374
1.25242
1.28706
1.34573
1.4204
1.50477
1.59079
1.67684
1.75954
1.83979
1.91073
1.97946
2.03998
2.10015
2.15301
2.20392
2.24883
2.29185
2.3297
2.36633
2.39742
2.42696
2.45199
2.47568
2.49522
2.51413
2.52974
2.544
2.55584
2.5668
2.57551
2.58272
2.58861
2.59382
2.59736
2.59855
2.59814
2.59633
2.59315
2.58836
2.58225
2.57446
2.56558
2.55508
2.5437
2.53085
2.51732
2.50249
2.48714
2.47072
2.45386
2.43617
2.41811
2.39943
2.38041
2.36098
2.34119
2.32119
2.30077
2.28038
2.25949
2.23894
2.21778
2.19725
2.17607
2.15573
2.13487
2.11513
2.09499
2.07605
2.0571
2.03972
2.02316
2.00889
1.99802
3.50321
3.03924
2.68863
2.46095
2.32759
2.22249
2.11356
2.02191
1.9405
1.86169
1.7739
1.69903
1.62678
1.56337
1.50084
1.451
1.4078
1.3704
1.34036
1.31692
1.29516
1.27448
1.25706
1.24316
1.23817
1.24167
1.25972
1.29928
1.36064
1.43706
1.52084
1.61072
1.70108
1.78991
1.87379
1.9525
2.02603
2.09428
2.15861
2.21656
2.27103
2.3188
2.36385
2.403
2.43998
2.47165
2.50146
2.52637
2.54983
2.56956
2.58758
2.60271
2.61692
2.62838
2.63877
2.6471
2.65458
2.66067
2.66603
2.66984
2.67207
2.67212
2.67118
2.66843
2.6647
2.65898
2.65232
2.64358
2.6341
2.62256
2.6105
2.59645
2.58215
2.56598
2.5498
2.5319
2.51422
2.49498
2.47609
2.4558
2.436
2.41486
2.39431
2.37253
2.35141
2.32924
2.30784
2.2855
2.26412
2.24209
2.221
2.1993
2.17856
2.15748
2.13749
2.11755
2.09905
2.08136
2.06584
2.05355
3.60025
3.20674
2.87633
2.63497
2.4741
2.35711
2.24982
2.15608
2.07035
1.99042
1.91149
1.83277
1.7636
1.69584
1.63289
1.56754
1.50729
1.45312
1.40731
1.36748
1.33637
1.31151
1.29265
1.28033
1.27823
1.28267
1.30378
1.34931
1.4127
1.48742
1.57361
1.66079
1.75554
1.84895
1.94117
2.02636
2.10651
2.17849
2.24546
2.30522
2.36076
2.40938
2.45465
2.49346
2.5299
2.56062
2.5895
2.6136
2.63629
2.65483
2.67268
2.6868
2.70019
2.71068
2.72071
2.72761
2.73372
2.73831
2.74302
2.74534
2.74672
2.74528
2.74325
2.73923
2.73455
2.72783
2.72034
2.71088
2.7007
2.68869
2.67606
2.66178
2.64694
2.63066
2.61392
2.59591
2.57759
2.5581
2.53857
2.51786
2.49741
2.47573
2.45451
2.43215
2.4104
2.38771
2.36594
2.3433
2.32149
2.29882
2.27704
2.25464
2.23309
2.21122
2.19031
2.16947
2.14994
2.13116
2.11449
2.10065
3.6632
3.32883
3.02663
2.7847
2.60636
2.47473
2.36663
2.27111
2.18666
2.10678
2.03114
1.95632
1.886
1.81933
1.75584
1.69414
1.63322
1.57667
1.52381
1.47848
1.43746
1.40553
1.37996
1.36999
1.36567
1.37762
1.41293
1.4637
1.52293
1.59042
1.66615
1.74596
1.82453
1.91128
2.00296
2.09311
2.17702
2.25116
2.31829
2.37717
2.43088
2.47813
2.52169
2.55956
2.59445
2.62447
2.65217
2.67533
2.69688
2.7148
2.73121
2.74504
2.75788
2.76818
2.77758
2.78511
2.79108
2.79565
2.8002
2.80317
2.80506
2.80403
2.80222
2.79829
2.79384
2.78713
2.77983
2.77026
2.76015
2.74785
2.7352
2.72042
2.70554
2.68863
2.67186
2.65315
2.63478
2.61461
2.59486
2.57348
2.55251
2.53013
2.50806
2.48506
2.46279
2.43955
2.41696
2.39367
2.37102
2.34781
2.32521
2.30228
2.27998
2.25759
2.23595
2.21458
2.19423
2.17478
2.15712
2.14222
3.70876
3.41949
3.14553
2.91163
2.72479
2.58217
2.4673
2.37056
2.28546
2.20745
2.13336
2.06222
1.99359
1.92904
1.86718
1.80803
1.74968
1.69401
1.64311
1.59708
1.55998
1.5308
1.51166
1.50052
1.50273
1.53652
1.58896
1.63705
1.6834
1.73308
1.78456
1.84217
1.89834
1.95285
2.02685
2.116
2.2035
2.28402
2.35618
2.41806
2.47281
2.52089
2.564
2.60197
2.63718
2.66775
2.69639
2.72051
2.74281
2.76113
2.77833
2.79185
2.80459
2.81447
2.82349
2.82979
2.83526
2.83874
2.84256
2.84457
2.84615
2.84487
2.84305
2.83912
2.83473
2.82821
2.82102
2.81167
2.80162
2.78957
2.77695
2.76252
2.74764
2.73114
2.7143
2.69599
2.67741
2.65759
2.63754
2.61642
2.5951
2.57296
2.55103
2.52827
2.50572
2.48253
2.45958
2.43609
2.4129
2.38931
2.36612
2.34266
2.31972
2.29663
2.27428
2.25196
2.23081
2.21013
2.19159
2.17496
3.74167
3.48801
3.23978
3.01824
2.83051
2.68009
2.55873
2.45772
2.3707
2.29348
2.22068
2.15227
2.0864
2.02346
1.96466
1.90619
1.85297
1.79803
1.75216
1.70944
1.68152
1.66041
1.6455
1.64573
1.67205
1.74314
1.80168
1.83789
1.86552
1.89463
1.91289
1.93967
1.9669
2.00311
2.048
2.10963
2.1898
2.27656
2.3599
2.43434
2.4979
2.55214
2.59823
2.63815
2.67357
2.70493
2.73333
2.75806
2.78057
2.79977
2.81711
2.83139
2.84421
2.85387
2.86258
2.86863
2.87335
2.87588
2.87882
2.87988
2.88052
2.87811
2.87529
2.87037
2.86525
2.85818
2.85073
2.84131
2.83135
2.81947
2.80711
2.79291
2.7784
2.76208
2.74565
2.72739
2.70917
2.68919
2.66927
2.64769
2.62651
2.60398
2.58201
2.55886
2.53629
2.5127
2.48971
2.4659
2.44268
2.41885
2.39563
2.37198
2.34901
2.32575
2.30334
2.28082
2.25945
2.23843
2.2194
2.20203
3.7703
3.54221
3.31618
3.10736
2.92411
2.76958
2.64279
2.53676
2.4469
2.36783
2.29609
2.22853
2.16632
2.10361
2.04858
1.99097
1.94151
1.89083
1.84824
1.81733
1.79687
1.78317
1.77995
1.8029
1.88491
1.98307
2.033
2.05177
2.06932
2.07252
2.05013
2.03701
2.04599
2.06724
2.09497
2.13621
2.18675
2.25202
2.33571
2.41874
2.49486
2.56086
2.61533
2.66026
2.69815
2.72979
2.75864
2.78284
2.80478
2.82425
2.84104
2.85522
2.86757
2.87726
2.88617
2.8921
2.89718
2.89967
2.9027
2.90389
2.90437
2.90196
2.89866
2.89349
2.8877
2.88027
2.87239
2.86277
2.8528
2.84095
2.82884
2.81482
2.80064
2.7847
2.7686
2.75095
2.73312
2.71386
2.69428
2.67363
2.6527
2.63083
2.60883
2.58604
2.56322
2.53977
2.51644
2.49266
2.46907
2.44519
2.42158
2.39782
2.37442
2.35099
2.32809
2.30533
2.28342
2.26202
2.24243
2.22434
3.79574
3.58794
3.37936
3.18323
3.00532
2.85108
2.71992
2.60989
2.51595
2.43485
2.36223
2.2958
2.23359
2.17447
2.11999
2.06617
2.01764
1.97318
1.93755
1.92018
1.90524
1.9023
1.92116
1.98789
2.13917
2.24341
2.26621
2.27811
2.27847
2.24201
2.191
2.15301
2.13438
2.1357
2.1499
2.17051
2.20232
2.24055
2.28968
2.35888
2.43858
2.51561
2.58479
2.6425
2.69013
2.72883
2.76086
2.78781
2.811
2.83165
2.84889
2.86454
2.87781
2.88858
2.89783
2.90414
2.90933
2.91157
2.91432
2.9154
2.91591
2.91352
2.91038
2.90528
2.89969
2.8923
2.88462
2.87515
2.8655
2.85404
2.84246
2.82905
2.81547
2.80015
2.78461
2.76749
2.75008
2.73114
2.71203
2.69162
2.67114
2.64946
2.62791
2.60524
2.58284
2.55944
2.53641
2.51257
2.48917
2.46521
2.44173
2.41788
2.39459
2.37101
2.34815
2.32509
2.30308
2.28113
2.26126
2.24225
3.82087
3.62712
3.43382
3.24809
3.07713
2.92414
2.79167
2.67754
2.58026
2.49604
2.42163
2.35507
2.29315
2.23585
2.1818
2.1317
2.08669
2.04681
2.02878
2.01538
2.01108
2.02648
2.08076
2.23727
2.41735
2.49281
2.50117
2.50072
2.47094
2.39799
2.32951
2.27696
2.24039
2.21958
2.2127
2.22332
2.23749
2.26081
2.2885
2.32857
2.38135
2.45433
2.5295
2.60132
2.66389
2.71558
2.75644
2.78936
2.8158
2.83812
2.85708
2.87361
2.88731
2.89913
2.90857
2.91541
2.92077
2.92221
2.92432
2.92461
2.92469
2.92149
2.91779
2.91204
2.90611
2.89831
2.89053
2.88092
2.87141
2.86006
2.84877
2.83566
2.82248
2.80759
2.79254
2.77595
2.75912
2.74082
2.72238
2.70251
2.68261
2.66137
2.64021
2.61791
2.59577
2.57277
2.54995
2.52652
2.5033
2.47967
2.45629
2.43266
2.40942
2.38603
2.36322
2.34035
2.31838
2.29657
2.27663
2.25748
3.85017
3.66563
3.48269
3.30637
3.14123
2.99116
2.85775
2.74214
2.64038
2.5541
2.47646
2.40893
2.34672
2.28995
2.23779
2.19012
2.14857
2.12463
2.11331
2.10883
2.12181
2.16967
2.29492
2.54427
2.69749
2.7172
2.71904
2.70092
2.63204
2.54304
2.46488
2.40288
2.35445
2.31909
2.29536
2.2819
2.28195
2.29064
2.30399
2.32579
2.35294
2.39216
2.45158
2.52253
2.59582
2.66195
2.71883
2.76386
2.79985
2.82725
2.84985
2.86745
2.88295
2.89505
2.90549
2.91337
2.91972
2.92198
2.92434
2.9251
2.92582
2.9234
2.92005
2.91447
2.90881
2.90112
2.89355
2.88407
2.87476
2.86371
2.85272
2.84007
2.82731
2.81298
2.79852
2.78255
2.76639
2.74876
2.73106
2.71194
2.69276
2.67224
2.65167
2.62996
2.60824
2.58565
2.56313
2.53999
2.51701
2.4936
2.47044
2.44695
2.42383
2.40039
2.37756
2.35445
2.33232
2.31014
2.29
2.27027
3.87717
3.70207
3.5279
3.35948
3.20016
3.0536
2.9199
2.80319
2.69925
2.60861
2.52999
2.45865
2.39699
2.33912
2.28944
2.24436
2.21302
2.20372
2.19866
2.20918
2.2496
2.35099
2.61367
2.84461
2.92336
2.92549
2.91201
2.86215
2.76661
2.67442
2.59419
2.52776
2.47171
2.42622
2.38914
2.36065
2.34216
2.33015
2.3351
2.34331
2.35571
2.37634
2.405
2.45082
2.51421
2.58456
2.65282
2.71479
2.76512
2.80569
2.83579
2.85938
2.87685
2.89132
2.90216
2.91088
2.91782
2.92111
2.92337
2.92404
2.92502
2.92301
2.91973
2.91376
2.90787
2.89982
2.89205
2.88239
2.87306
2.86204
2.85121
2.83882
2.82643
2.81264
2.79871
2.78343
2.7679
2.75103
2.73393
2.71553
2.69696
2.67715
2.65724
2.63619
2.61515
2.59313
2.57123
2.54852
2.52605
2.50291
2.48015
2.45688
2.43412
2.41099
2.38847
2.36575
2.34381
2.32193
2.30184
2.28215
3.9106
3.73884
3.57309
3.41098
3.25635
3.11265
2.98085
2.8612
2.75726
2.66273
2.58181
2.50873
2.44469
2.38791
2.33931
2.29864
2.28916
2.28436
2.29181
2.32749
2.41896
2.64568
2.95064
3.10054
3.10551
3.09944
3.06972
2.98462
2.8859
2.79584
2.71752
2.64877
2.58814
2.5349
2.48844
2.44913
2.41705
2.39185
2.3758
2.36788
2.37385
2.38161
2.39436
2.41627
2.44783
2.50087
2.56523
2.63293
2.6982
2.75414
2.79966
2.83398
2.85985
2.87841
2.89249
2.90258
2.91039
2.91519
2.91753
2.9185
2.9199
2.91898
2.9165
2.91081
2.90498
2.89701
2.88925
2.87968
2.87039
2.85952
2.84887
2.83678
2.82481
2.81148
2.79823
2.78357
2.76885
2.75272
2.73648
2.71887
2.7011
2.68208
2.66288
2.64258
2.6222
2.60089
2.57964
2.55759
2.53571
2.51313
2.49084
2.46792
2.44547
2.42248
2.40017
2.37744
2.35568
2.33367
2.31372
2.29372
3.94787
3.7783
3.61589
3.46037
3.31003
3.1686
3.0389
2.91884
2.81214
2.7172
2.63194
2.55843
2.49224
2.4376
2.39011
2.37142
2.36624
2.37272
2.40358
2.48627
2.68195
3.0204
3.22729
3.27062
3.26761
3.24519
3.18019
3.08558
2.99345
2.90999
2.83431
2.76489
2.70119
2.64274
2.58943
2.54189
2.49979
2.46452
2.43565
2.41469
2.40053
2.39939
2.40474
2.41249
2.42653
2.45139
2.48792
2.54575
2.61037
2.67631
2.73654
2.78717
2.82656
2.85563
2.87634
2.89077
2.90076
2.90721
2.91097
2.91209
2.91389
2.91336
2.91211
2.90673
2.90115
2.8931
2.88527
2.87545
2.86599
2.85489
2.84419
2.83205
2.82022
2.80708
2.79417
2.77996
2.76589
2.75054
2.73521
2.71857
2.7019
2.68385
2.66573
2.64626
2.62678
2.6061
2.58555
2.56399
2.54273
2.52057
2.49889
2.47642
2.45453
2.43204
2.41018
2.38794
2.36651
2.34487
2.32515
2.30529
3.99615
3.82241
3.66267
3.50977
3.36451
3.22549
3.09621
2.978
2.86861
2.7721
2.68501
2.60875
2.54331
2.48864
2.45787
2.45245
2.45522
2.4827
2.55548
2.72347
3.07727
3.33444
3.41383
3.41336
3.39783
3.35227
3.26412
3.17568
3.09344
3.01673
2.94425
2.8751
2.80986
2.74762
2.69016
2.63644
2.58816
2.54473
2.50697
2.47541
2.44964
2.43229
2.42137
2.42551
2.42958
2.43748
2.45251
2.4809
2.52621
2.5848
2.64881
2.71134
2.76669
2.81154
2.84547
2.86927
2.88544
2.89546
2.90184
2.9032
2.90526
2.90528
2.9051
2.90052
2.89552
2.88776
2.88014
2.8703
2.86088
2.84965
2.83899
2.82678
2.81514
2.80213
2.78959
2.77573
2.76216
2.74726
2.7325
2.71639
2.70037
2.68302
2.66574
2.64718
2.62871
2.60905
2.58953
2.56895
2.5486
2.52727
2.50629
2.48447
2.46311
2.4411
2.41971
2.39785
2.37692
2.35564
2.33638
2.31687
4.05809
3.87253
3.71081
3.5595
3.41647
3.28049
3.15213
3.03393
2.92545
2.82657
2.73921
2.66253
2.59908
2.55189
2.54499
2.54582
2.56776
2.62981
2.77725
3.12939
3.42638
3.54117
3.54259
3.53349
3.50119
3.42422
3.34095
3.26341
3.18946
3.11888
3.04922
2.98134
2.91439
2.85066
2.78934
2.73221
2.6785
2.62972
2.58479
2.54562
2.51109
2.48261
2.46097
2.44569
2.44173
2.44417
2.44873
2.45799
2.47617
2.51045
2.5605
2.61998
2.6817
2.74048
2.79028
2.82953
2.85743
2.87618
2.88766
2.89266
2.89502
2.89555
2.89623
2.89314
2.88892
2.88153
2.87437
2.86471
2.85545
2.84407
2.83323
2.82069
2.80877
2.79553
2.78277
2.76887
2.75536
2.74076
2.72649
2.71108
2.69595
2.67955
2.66336
2.64584
2.62845
2.60976
2.59124
2.57152
2.55206
2.53153
2.51134
2.4903
2.46967
2.44844
2.42774
2.40661
2.38636
2.36577
2.3471
2.32832
4.13434
3.93395
3.76596
3.61452
3.47263
3.33841
3.21126
3.09254
2.98353
2.88449
2.79588
2.72232
2.6608
2.64708
2.64495
2.66193
2.71787
2.85229
3.18181
3.50495
3.65527
3.66423
3.65896
3.63491
3.57022
3.4923
3.41892
3.35019
3.2832
3.21601
3.14845
3.0805
3.01423
2.94875
2.8864
2.82592
2.76937
2.71597
2.6666
2.62155
2.5804
2.54471
2.51342
2.48824
2.46934
2.4595
2.45749
2.45886
2.46416
2.47506
2.49693
2.53697
2.58895
2.64847
2.70813
2.76209
2.80607
2.83918
2.86118
2.87461
2.88108
2.88221
2.8837
2.88243
2.87974
2.87294
2.86628
2.85685
2.84785
2.83653
2.82567
2.81306
2.801
2.78761
2.7747
2.76065
2.74723
2.7327
2.71881
2.70373
2.68919
2.67341
2.65804
2.64143
2.62515
2.60762
2.59032
2.57183
2.5535
2.5341
2.51488
2.49479
2.47499
2.45455
2.43464
2.41427
2.39482
2.37511
2.35719
2.33957
4.21044
4.00439
3.82498
3.67031
3.52874
3.39524
3.27027
3.15193
3.04335
2.9451
2.85984
2.78825
2.75808
2.75354
2.76722
2.81784
2.94381
3.25162
3.58717
3.76382
3.78469
3.78006
3.75778
3.69979
3.62755
3.56004
3.49709
3.43579
3.37295
3.3088
3.24295
3.17671
3.11033
3.0448
2.98072
2.91888
2.85968
2.80366
2.75052
2.70128
2.65495
2.61376
2.57523
2.54304
2.51424
2.49294
2.47627
2.47194
2.46703
2.47016
2.4763
2.48864
2.51455
2.55915
2.61244
2.66996
2.72633
2.77489
2.81339
2.84003
2.85669
2.8649
2.86679
2.8671
2.86701
2.86237
2.85659
2.84754
2.83887
2.82773
2.81717
2.80462
2.79258
2.77897
2.76582
2.75151
2.73777
2.72316
2.70916
2.69428
2.68002
2.66475
2.65006
2.63425
2.61888
2.60234
2.5861
2.56869
2.55152
2.53328
2.51523
2.49629
2.47765
2.45831
2.43951
2.42028
2.4019
2.3835
2.36657
2.35066
4.2378
4.10086
3.90207
3.73525
3.58981
3.45605
3.33058
3.21361
3.10546
3.01016
2.92976
2.88422
2.87691
2.88655
2.93189
3.0503
3.34144
3.68565
3.87514
3.90565
3.90158
3.88001
3.82375
3.75353
3.69007
3.63297
3.57778
3.5212
3.46208
3.40001
3.33589
3.27018
3.20404
3.13824
3.07369
3.0107
2.95014
2.89131
2.83584
2.78273
2.73346
2.68705
2.64443
2.60568
2.57037
2.54062
2.51445
2.49552
2.48302
2.47781
2.4726
2.47706
2.48386
2.49839
2.52882
2.57503
2.62865
2.68508
2.73667
2.78024
2.81218
2.83298
2.84493
2.84731
2.8488
2.84777
2.84523
2.83695
2.82856
2.81714
2.80706
2.79414
2.78265
2.7684
2.75558
2.74056
2.72698
2.71173
2.69779
2.68263
2.66852
2.65343
2.6391
2.62388
2.60917
2.59358
2.57831
2.56213
2.54617
2.52927
2.51262
2.49509
2.47787
2.45998
2.4426
2.42488
2.40801
2.39136
2.37583
2.36236
4.24551
4.1643
3.98309
3.80506
3.65451
3.51896
3.39504
3.2789
3.17514
3.08478
3.02469
3.01461
3.02022
3.06063
3.17304
3.45396
3.80363
4.00176
4.03733
4.03221
4.00833
3.947
3.87644
3.81491
3.76154
3.71175
3.66077
3.60741
3.54966
3.48923
3.42544
3.36076
3.29492
3.22953
3.16474
3.10102
3.03909
2.97872
2.92141
2.86564
2.81379
2.76348
2.71751
2.6733
2.63372
2.5965
2.56423
2.53556
2.51206
2.49531
2.48523
2.47708
2.47264
2.47741
2.48566
2.50274
2.53926
2.58561
2.63838
2.69192
2.73878
2.77683
2.80274
2.81862
2.82474
2.82587
2.82533
2.82292
2.81481
2.8054
2.79432
2.78255
2.76996
2.75664
2.74295
2.72847
2.71426
2.69914
2.68485
2.6695
2.6554
2.64005
2.62616
2.61086
2.59703
2.58173
2.56768
2.5523
2.53772
2.52217
2.50703
2.49115
2.47564
2.45956
2.44403
2.42836
2.41348
2.39927
2.38563
2.37563
4.22573
4.18529
4.08008
3.89017
3.72549
3.58461
3.45947
3.34695
3.25054
3.17886
3.16573
3.16779
3.20544
3.31474
3.59285
3.94596
4.14805
4.18178
4.17488
4.14756
4.07681
4.00173
3.93854
3.88752
3.84042
3.7943
3.74441
3.69205
3.63462
3.57555
3.51241
3.44928
3.38347
3.31913
3.25331
3.18998
3.12644
3.06579
3.00622
2.94925
2.89456
2.8419
2.79252
2.74472
2.70098
2.65861
2.62105
2.58508
2.55471
2.52715
2.50556
2.49124
2.47941
2.46944
2.46918
2.47416
2.48365
2.50362
2.54346
2.59002
2.64156
2.69121
2.73364
2.76592
2.78614
2.79789
2.79898
2.79898
2.79738
2.79081
2.78097
2.76843
2.75608
2.74223
2.72918
2.71454
2.7006
2.68528
2.67091
2.65538
2.64102
2.6257
2.61153
2.59664
2.58276
2.56823
2.55465
2.54026
2.52681
2.51243
2.49891
2.48452
2.47102
2.45679
2.44377
2.43032
2.41823
2.40706
2.39591
2.39048
4.20135
4.18502
4.12798
3.98899
3.81245
3.66039
3.53393
3.42662
3.34451
3.32834
3.32788
3.36345
3.47396
3.75969
4.11743
4.31759
4.34309
4.33397
4.30049
4.21618
4.13262
4.06682
4.01452
3.96932
3.92479
3.87879
3.82889
3.77606
3.71926
3.6603
3.59833
3.53556
3.47075
3.40659
3.34112
3.27771
3.21343
3.15244
3.09073
3.03321
2.97522
2.92155
2.86806
2.81842
2.76987
2.72456
2.68153
2.64113
2.60444
2.56988
2.54101
2.51386
2.49629
2.47933
2.46824
2.45714
2.46097
2.46593
2.47714
2.50103
2.54135
2.58811
2.63803
2.68338
2.72114
2.7472
2.76318
2.76819
2.7686
2.76699
2.76253
2.75207
2.73905
2.72616
2.71213
2.69839
2.68394
2.66957
2.65486
2.64
2.62516
2.61033
2.59566
2.58131
2.56706
2.55327
2.53964
2.52626
2.51335
2.50022
2.48791
2.47527
2.46346
2.45192
2.44096
2.43116
2.42173
2.41467
2.40661
2.40651
4.07036
4.16882
4.13996
4.06536
3.89775
3.74268
3.61793
3.52199
3.50191
3.5001
3.53516
3.65141
3.95643
4.32127
4.51687
4.52559
4.51221
4.46839
4.36471
4.2726
4.20341
4.14799
4.10231
4.05724
4.01281
3.96427
3.91412
3.85948
3.80328
3.7436
3.68281
3.61977
3.55623
3.4916
3.42716
3.36278
3.29892
3.23643
3.17432
3.11495
3.05545
2.99991
2.94359
2.89229
2.83966
2.79282
2.74449
2.70218
2.65877
2.62124
2.58388
2.55193
2.52239
2.49825
2.48039
2.46234
2.44971
2.44197
2.44569
2.45158
2.46483
2.49364
2.53359
2.57997
2.62701
2.66805
2.70045
2.7208
2.73232
2.73275
2.73204
2.72896
2.72117
2.70812
2.69437
2.67942
2.66544
2.65055
2.63623
2.62128
2.60652
2.5918
2.57711
2.56297
2.54886
2.53548
2.52234
2.50975
2.4978
2.48601
2.4753
2.46463
2.45529
2.4465
2.43872
2.43253
2.42704
2.42461
2.42355
2.42626
3.70905
4.1185
4.12999
4.09259
3.99662
3.84242
3.71488
3.68948
3.68438
3.7199
3.84662
4.18154
4.55693
4.74087
4.73879
4.71436
4.64808
4.53019
4.42773
4.34938
4.29097
4.24143
4.19563
4.14908
4.10127
4.05058
3.9982
3.94279
3.88601
3.82631
3.76579
3.70276
3.63973
3.57495
3.51105
3.4459
3.38267
3.31834
3.25691
3.19454
3.13556
3.07617
3.02009
2.96441
2.91148
2.85994
2.81017
2.76303
2.71668
2.67426
2.63207
2.59493
2.55809
2.52746
2.49757
2.4769
2.45475
2.43844
2.42305
2.42262
2.42504
2.43171
2.44641
2.47927
2.51945
2.56445
2.60812
2.6448
2.67161
2.68774
2.69287
2.6926
2.69056
2.68547
2.67307
2.65973
2.64475
2.63042
2.61518
2.60088
2.58593
2.57161
2.5571
2.54296
2.52928
2.51585
2.50336
2.49114
2.48013
2.46954
2.46032
2.45201
2.44507
2.4396
2.43624
2.43403
2.43335
2.43332
2.43738
2.45278
2.83124
3.89447
4.10461
4.09484
4.05982
3.96014
3.8974
3.88624
3.92434
4.06429
4.44208
4.82884
4.99071
4.98337
4.94266
4.84338
4.71147
4.59816
4.51124
4.44489
4.39031
4.34041
4.29109
4.24102
4.18932
4.13618
4.08128
4.02483
3.96659
3.90686
3.84557
3.78308
3.71953
3.65527
3.59055
3.52581
3.46119
3.39721
3.33396
3.27162
3.21083
3.15071
3.093
3.03548
2.98103
2.92631
2.87524
2.82372
2.77605
2.7282
2.68418
2.64052
2.60077
2.56197
2.52758
2.49497
2.46876
2.44454
2.42266
2.40529
2.39325
2.39451
2.39742
2.40559
2.42359
2.45775
2.49828
2.54163
2.58116
2.6134
2.63415
2.64656
2.64669
2.64581
2.64257
2.63414
2.62117
2.60611
2.59158
2.57656
2.56267
2.54826
2.53463
2.52089
2.5076
2.49492
2.48261
2.47155
2.46099
2.45226
2.44458
2.43864
2.43573
2.434
2.43369
2.43397
2.43837
2.4502
2.45859
2.48837
2.09914
3.35626
4.00028
4.1049
4.10262
4.09066
4.09135
4.14268
4.30934
4.75813
5.13593
5.26503
5.25105
5.1944
5.05582
4.90613
4.78202
4.68855
4.61511
4.55417
4.49789
4.44401
4.38923
4.33481
4.27856
4.22255
4.16451
4.1067
4.04663
3.98668
3.92443
3.86231
3.79823
3.73458
3.66952
3.60542
3.54028
3.47663
3.41227
3.34987
3.28704
3.22659
3.16583
3.10763
3.04941
2.99371
2.93846
2.88529
2.8332
2.78309
2.73442
2.68764
2.64254
2.59961
2.55899
2.52089
2.48599
2.45506
2.42818
2.4023
2.3807
2.36302
2.3572
2.35769
2.3612
2.37102
2.39356
2.42787
2.46846
2.50932
2.54514
2.57223
2.58913
2.59525
2.5951
2.59333
2.58863
2.57657
2.56294
2.54893
2.53438
2.52102
2.50731
2.49486
2.48224
2.47062
2.4596
2.44949
2.44081
2.43379
2.42833
2.4274
2.42685
2.42709
2.43031
2.43898
2.45213
2.47214
2.48748
2.53554
1.78911
2.29529
3.68331
4.07556
4.18171
4.23669
4.36527
4.64913
5.14205
5.49985
5.57023
5.54477
5.46462
5.27914
5.11522
4.98124
4.87898
4.80012
4.73285
4.67143
4.61105
4.55132
4.49111
4.43097
4.37061
4.31035
4.24989
4.18926
4.12811
4.06619
4.00366
3.93999
3.87591
3.81084
3.74586
3.68028
3.61505
3.54983
3.48512
3.4209
3.35744
3.29465
3.23285
3.17202
3.1125
3.05402
2.99685
2.94115
2.88664
2.83355
2.78166
2.73147
2.68262
2.63578
2.5906
2.54772
2.50716
2.46955
2.43495
2.40532
2.37647
2.35093
2.33032
2.31566
2.31328
2.3137
2.31789
2.32899
2.35568
2.39098
2.43071
2.4684
2.50055
2.52158
2.53487
2.53616
2.53591
2.53357
2.52681
2.51476
2.50175
2.48832
2.47591
2.46356
2.45274
2.44201
2.43296
2.42458
2.41839
2.41423
2.41386
2.41407
2.41612
2.42028
2.4344
2.45114
2.47068
2.50333
2.5256
2.59213
1.66654
1.93587
2.87666
3.88119
4.24417
4.49738
4.90996
5.55942
5.9351
5.92899
5.87837
5.74061
5.52613
5.34043
5.19269
5.08504
5.00012
4.92779
4.85899
4.79199
4.72435
4.65795
4.59109
4.5261
4.46086
4.39721
4.33312
4.27013
4.20624
4.14295
4.07837
4.01413
3.9485
3.88327
3.81691
3.75093
3.68437
3.61841
3.55231
3.48703
3.42195
3.35793
3.29455
3.23215
3.17042
3.10991
3.05022
2.99179
2.93434
2.87822
2.82332
2.76967
2.71762
2.66694
2.61807
2.57102
2.52608
2.48333
2.44355
2.40604
2.37374
2.34169
2.31344
2.28837
2.271
2.25989
2.25893
2.26018
2.26599
2.28123
2.31123
2.34768
2.38592
2.42036
2.44717
2.46408
2.47269
2.47335
2.47302
2.47009
2.46169
2.45095
2.43952
2.42879
2.41887
2.41051
2.40311
2.39803
2.39575
2.39604
2.39757
2.40106
2.40931
2.42493
2.44363
2.46905
2.49785
2.54446
2.57544
2.65145
1.56365
1.73635
2.13181
3.39003
4.23531
5.02709
5.97416
6.36885
6.35478
6.25033
5.99505
5.76231
5.56731
5.40924
5.29297
5.20469
5.12742
5.05313
4.97852
4.90346
4.82859
4.75495
4.6827
4.61211
4.54303
4.47506
4.40797
4.34146
4.27531
4.20945
4.14329
4.07726
4.01056
3.9441
3.87676
3.81004
3.74257
3.67578
3.60858
3.54233
3.47585
3.41051
3.34512
3.28101
3.21715
3.15454
3.09235
3.03146
2.97117
2.9123
2.85422
2.79775
2.74234
2.68867
2.63649
2.58611
2.53769
2.49119
2.44713
2.40529
2.36634
2.33102
2.29778
2.26626
2.23983
2.21801
2.20236
2.19636
2.19561
2.19782
2.20614
2.22735
2.25941
2.29649
2.3328
2.3631
2.38515
2.39873
2.40432
2.40547
2.40529
2.40272
2.39468
2.3869
2.37909
2.37309
2.36811
2.36857
2.36949
2.37242
2.37822
2.39035
2.40747
2.42949
2.45806
2.49683
2.53872
2.59253
2.62772
2.70152
1.50554
1.62751
1.86132
2.48193
3.96172
6.21463
6.83077
6.79708
6.60876
6.2461
5.97065
5.7695
5.61266
5.49635
5.40596
5.32481
5.24538
5.16439
5.08253
5.00014
4.91899
4.83927
4.76209
4.68655
4.61331
4.54118
4.47063
4.4007
4.33165
4.26293
4.19441
4.1261
4.05759
3.98925
3.92063
3.85229
3.78363
3.71558
3.64722
3.57963
3.51175
3.44488
3.37779
3.31188
3.24582
3.1811
3.11635
3.05314
2.99008
2.92885
2.86798
2.80926
2.75114
2.69547
2.64053
2.58829
2.53683
2.48835
2.44065
2.39635
2.35294
2.31345
2.27591
2.24166
2.208
2.18051
2.15539
2.13811
2.12578
2.12416
2.12442
2.12899
2.14167
2.1694
2.20418
2.24036
2.2734
2.2996
2.31789
2.32925
2.33466
2.33672
2.33787
2.33693
2.33376
2.33058
2.33279
2.33516
2.33997
2.34817
2.36527
2.38365
2.40999
2.4429
2.48533
2.53301
2.58067
2.63359
2.66672
2.72955
1.47786
1.58089
1.79276
2.26775
3.64038
6.91399
6.94043
6.73199
6.36019
6.05569
5.85994
5.72148
5.6225
5.54564
5.47022
5.39
5.30744
5.22109
5.13537
5.04846
4.96417
4.88018
4.79952
4.71976
4.64327
4.56749
4.4942
4.4211
4.34981
4.27834
4.20828
4.13767
4.06829
3.99807
3.92911
3.85908
3.79047
3.72065
3.65239
3.58298
3.51515
3.44638
3.37911
3.31122
3.24474
3.17803
3.11269
3.04758
2.98393
2.92097
2.85962
2.79936
2.74081
2.68362
2.62817
2.57422
2.52205
2.47146
2.42274
2.37576
2.33084
2.28805
2.24749
2.21031
2.17437
2.14173
2.11207
2.08738
2.06717
2.05277
2.04871
2.0481
2.05047
2.0588
2.07994
2.11166
2.14738
2.18226
2.21185
2.23522
2.25143
2.26251
2.27014
2.27582
2.27953
2.28402
2.28968
2.29891
2.31417
2.32939
2.3529
2.38192
2.42153
2.46598
2.51518
2.56472
2.61046
2.65547
2.68174
2.73065
1.46855
1.56539
1.76395
2.2285
3.67378
6.68751
6.52418
6.15847
5.91732
5.7859
5.69348
5.62592
5.56941
5.50714
5.43691
5.35915
5.2777
5.1933
5.10819
5.02273
4.93738
4.85334
4.76983
4.68844
4.60847
4.53153
4.45567
4.38222
4.30905
4.23786
4.1663
4.0965
4.02603
3.95711
3.8874
3.81894
3.74975
3.68155
3.61286
3.54499
3.47684
3.40943
3.34186
3.27509
3.20831
3.14252
3.077
3.01277
2.94918
2.88712
2.82607
2.76664
2.70848
2.65192
2.59676
2.54319
2.49108
2.44059
2.3916
2.34438
2.29878
2.25516
2.21345
2.17404
2.13723
2.10209
2.06995
2.04066
2.01562
1.99453
1.97939
1.97218
1.97126
1.97235
1.97852
1.99413
2.02303
2.05781
2.09362
2.1264
2.15397
2.1759
2.19299
2.2071
2.21961
2.23191
2.24683
2.26441
2.28667
2.31256
2.34788
2.38907
2.43712
2.48599
2.53514
2.57953
2.61761
2.65143
2.66969
2.70607
1.46896
1.56234
1.76208
2.23395
3.78384
6.37911
6.06915
5.7446
5.61953
5.57378
5.54263
5.50404
5.4539
5.39286
5.32413
5.24876
5.17074
5.08927
5.00725
4.92385
4.84042
4.75726
4.67465
4.59356
4.51323
4.4356
4.35974
4.28599
4.2134
4.14244
4.07201
4.00308
3.93422
3.8667
3.79894
3.73232
3.66533
3.59921
3.53263
3.46672
3.40028
3.33459
3.26843
3.2034
3.13812
3.07446
3.01084
2.94927
2.88791
2.82882
2.77003
2.71354
2.65738
2.60347
2.54995
2.49853
2.44768
2.39873
2.35069
2.30433
2.25933
2.21583
2.17425
2.13409
2.09654
2.06036
2.02684
1.99516
1.96701
1.94172
1.92107
1.90522
1.89656
1.89544
1.89611
1.90094
1.91333
1.94043
1.97466
2.01156
2.04725
2.07958
2.10759
2.13233
2.15507
2.1776
2.20312
2.23
2.26219
2.30234
2.34681
2.39592
2.44474
2.4926
2.53381
2.57033
2.5969
2.62172
2.63194
2.6595
1.4684
1.56161
1.76093
2.23608
3.81629
6.3068
5.9273
5.61713
5.49577
5.4603
5.42702
5.38622
5.329
5.26589
5.19548
5.12136
5.04482
4.96529
4.88529
4.80311
4.72139
4.63876
4.55739
4.47634
4.39718
4.31848
4.24308
4.16879
4.09738
4.02683
3.95839
3.89064
3.82425
3.75833
3.69328
3.62832
3.56408
3.49956
3.43594
3.37184
3.30903
3.24578
3.18413
3.12226
3.06208
3.00194
2.94342
2.88522
2.82843
2.77222
2.71721
2.663
2.60982
2.55764
2.50637
2.45625
2.40703
2.35909
2.31211
2.26653
2.22207
2.17908
2.13746
2.09741
2.05904
2.0226
1.98785
1.9552
1.92485
1.89746
1.8731
1.85304
1.83756
1.82904
1.82812
1.82915
1.83342
1.8455
1.87153
1.90649
1.94456
1.98449
2.02198
2.05848
2.09225
2.12785
2.1627
2.20341
2.24716
2.2963
2.34599
2.39623
2.44117
2.48168
2.51337
2.53993
2.55788
2.57467
2.58083
2.60183
1.46679
1.56332
1.76006
2.24354
3.83804
6.28647
5.88437
5.56204
5.43796
5.3939
5.35929
5.30814
5.2487
5.17794
5.10569
5.02735
4.94879
4.86707
4.78546
4.70229
4.61995
4.53705
4.45576
4.37491
4.29586
4.2182
4.14198
4.0685
3.99659
3.92736
3.8591
3.79302
3.72757
3.66358
3.60025
3.53767
3.47595
3.4145
3.35407
3.29375
3.23452
3.17535
3.1172
3.05913
3.00212
2.94524
2.88952
2.8339
2.77958
2.72527
2.67248
2.61956
2.56842
2.51701
2.46766
2.41793
2.3705
2.32265
2.27727
2.23152
2.18833
2.14498
2.10419
2.06364
2.02555
1.98836
1.95347
1.9201
1.88908
1.86041
1.8344
1.81182
1.79304
1.7789
1.77253
1.77242
1.77403
1.77978
1.79249
1.8205
1.85667
1.89949
1.94463
1.99173
2.03833
2.08718
2.13609
2.18856
2.24183
2.29587
2.34609
2.39189
2.4295
2.46057
2.48345
2.50162
2.51367
2.5248
2.52896
2.54484
1.4696
1.55953
1.76164
2.2421
3.83112
6.28052
5.86969
5.53193
5.40575
5.36589
5.33272
5.28174
5.2164
5.14386
5.06293
4.98397
4.897
4.81606
4.72753
4.64582
4.5585
4.47691
4.39249
4.31248
4.23185
4.15473
4.07816
4.00483
3.93295
3.86405
3.79667
3.73152
3.66757
3.60513
3.54358
3.48301
3.42305
3.36379
3.30494
3.24668
3.18878
3.13149
3.0747
3.0185
2.96285
2.90771
2.85317
2.79918
2.74577
2.69303
2.64083
2.58941
2.53855
2.48854
2.43917
2.39067
2.34299
2.29616
2.25043
2.20552
2.16201
2.11934
2.07836
2.03833
2.00023
1.96328
1.92845
1.8951
1.86392
1.83479
1.80802
1.78418
1.76316
1.74687
1.73369
1.73217
1.73257
1.73533
1.74233
1.75944
1.79084
1.83272
1.88197
1.93754
1.99666
2.05844
2.12145
2.18452
2.24422
2.2991
2.34584
2.38469
2.41437
2.43739
2.45356
2.46611
2.47423
2.48195
2.4848
2.49746
1.46932
1.55875
1.76065
2.23978
3.81985
6.28449
5.8677
5.5171
5.38794
5.35423
5.32607
5.27719
5.21137
5.13553
5.05344
4.97029
4.88246
4.79817
4.70856
4.62512
4.53621
4.4542
4.36792
4.288
4.20601
4.12907
4.05224
3.97901
3.90765
3.83876
3.77227
3.70729
3.64442
3.58231
3.52166
3.46129
3.40191
3.34266
3.28419
3.22596
3.1684
3.11128
3.05473
2.99883
2.9434
2.88878
2.83449
2.78115
2.72796
2.67585
2.62378
2.5729
2.52204
2.47247
2.42299
2.37495
2.32709
2.28084
2.23487
2.19073
2.14693
2.10519
2.06385
2.02478
1.98622
1.95009
1.91474
1.88187
1.85011
1.8209
1.7934
1.76872
1.74654
1.72824
1.71314
1.70634
1.70651
1.70828
1.71323
1.72473
1.75011
1.78883
1.83904
1.90037
1.96938
2.04331
2.11723
2.18773
2.25013
2.30317
2.34511
2.37778
2.40148
2.41927
2.43145
2.44091
2.44697
2.4529
2.45508
2.46593
1.46824
1.55919
1.75922
2.23808
3.81172
6.28893
5.86862
5.51096
5.37955
5.34965
5.32532
5.27859
5.21304
5.13646
5.05407
4.97002
4.88208
4.797
4.70704
4.62305
4.53365
4.45116
4.36426
4.28393
4.20146
4.12439
4.04747
3.97442
3.90311
3.83437
3.76812
3.70336
3.64076
3.57876
3.51822
3.45779
3.39832
3.33889
3.28022
3.22175
3.16398
3.10664
3.04994
2.9939
2.93839
2.88372
2.82941
2.77606
2.72287
2.67075
2.61864
2.56772
2.51679
2.46717
2.41763
2.36953
2.32162
2.27534
2.22934
2.18519
2.14138
2.09965
2.0583
2.01923
1.98063
1.94446
1.90899
1.87601
1.84408
1.81467
1.78686
1.76176
1.73904
1.71979
1.70404
1.6941
1.69411
1.69541
1.69954
1.7093
1.73034
1.76697
1.81731
1.88185
1.95696
2.03842
2.11874
2.19284
2.25559
2.30651
2.34507
2.37418
2.39475
2.41005
2.42041
2.4285
2.43362
2.43874
2.44058
2.45054
)
;

boundaryField
{
    inlet
    {
        type            calculated;
        value           uniform 1.40001;
    }
    outlet
    {
        type            calculated;
        value           nonuniform List<scalar> 
40
(
1.78954
1.87877
1.93068
1.99318
2.04856
2.09555
2.13702
2.16968
2.19668
2.21895
2.23682
2.25202
2.26478
2.27663
2.28818
2.29971
2.31125
2.32265
2.33384
2.34486
2.35646
2.36963
2.38431
2.40006
2.41964
2.44591
2.48112
2.52775
2.58387
2.64268
2.69228
2.72002
2.72105
2.69662
2.65033
2.59299
2.53631
2.4892
2.45784
2.44253
)
;
    }
    top
    {
        type            symmetryPlane;
    }
    bottom
    {
        type            symmetryPlane;
    }
    obstacle
    {
        type            calculated;
        value           nonuniform List<scalar> 
110
(
5.98652
5.98758
5.97594
5.95267
5.9198
5.8741
5.80705
5.70649
5.54467
5.28077
2.06209
1.41527
1.42593
1.91369
1.77569
1.71813
1.68239
1.67033
1.66191
1.63936
1.61032
1.58496
1.56423
1.54601
1.52339
1.50047
1.47665
1.45628
1.43788
1.42254
1.40375
1.38438
1.37419
1.37151
1.37161
1.37859
1.40284
1.44162
1.4952
1.55717
1.62293
1.68977
1.75419
1.81633
1.87302
1.92584
1.97146
2.01501
2.05261
2.08891
2.12036
2.14956
2.17527
2.19853
2.22084
2.23884
2.25443
2.26772
2.27968
2.28937
2.29782
2.30525
2.31114
2.31586
2.32003
2.32317
2.32561
2.32729
2.32813
2.32733
2.32608
2.32347
2.32062
2.31572
2.31106
2.30372
2.29723
2.28782
2.27913
2.26821
2.25727
2.24487
2.23234
2.21827
2.20436
2.18928
2.17406
2.15791
2.14183
2.125
2.10811
2.0906
2.07321
2.05524
2.0374
2.01904
2.00097
1.98248
1.96431
1.9458
1.92784
1.90968
1.89219
1.87461
1.85799
1.84169
1.82682
1.81309
1.80165
1.79385
)
;
    }
    frontAndBack
    {
        type            empty;
    }
}


// ************************************************************************* //
