/*--------------------------------*- C++ -*----------------------------------*\
  =========                 |
  \\      /  F ield         | OpenFOAM: The Open Source CFD Toolbox
   \\    /   O peration     | Website:  https://openfoam.org
    \\  /    A nd           | Version:  13
     \\/     M anipulation  |
\*---------------------------------------------------------------------------*/
FoamFile
{
    format      ascii;
    class       volScalarField;
    location    "1";
    object      Ma;
}
// * * * * * * * * * * * * * * * * * * * * * * * * * * * * * * * * * * * * * //

dimensions      [];

internalField   nonuniform List<scalar> 
5250
(
3
3
2.99998
2.99993
2.99983
2.99955
2.99888
2.99725
2.99296
2.98309
2.95652
2.89353
2.72879
2.33589
1.53842
0.580433
0.177176
0.305587
0.332769
0.288771
0.225477
0.172105
0.127756
0.0842838
0.0460884
3
3
2.99998
2.99994
2.99982
2.99958
2.99884
2.99738
2.99284
2.98366
2.95672
2.89558
2.73272
2.34626
1.55732
0.592667
0.186289
0.310177
0.336472
0.292559
0.230686
0.179317
0.13744
0.098389
0.069219
3
3
2.99998
2.99994
2.99983
2.99957
2.99892
2.99734
2.99325
2.98374
2.9584
2.89822
2.74146
2.36689
1.59612
0.619369
0.206018
0.320246
0.345255
0.302824
0.244755
0.19768
0.160858
0.128994
0.108151
3.00001
3
2.99998
2.99994
2.99984
2.99958
2.99896
2.99743
2.99351
2.98428
2.96003
2.90208
2.75209
2.39292
1.64652
0.6559
0.233223
0.334288
0.357698
0.318493
0.266206
0.224391
0.193059
0.16744
0.151726
3.00001
3
2.99998
2.99994
2.99985
2.9996
2.99901
2.99755
2.99379
2.98505
2.9618
2.90682
2.76383
2.42083
1.69842
0.702729
0.268406
0.351323
0.372192
0.338009
0.293133
0.256781
0.230633
0.210231
0.198113
3.00001
3
2.99998
2.99995
2.99986
2.99963
2.99907
2.99769
2.99415
2.9859
2.96397
2.91226
2.77749
2.45284
1.76003
0.762349
0.312615
0.372264
0.388058
0.361039
0.325079
0.294205
0.273332
0.257983
0.249739
3.00001
3
2.99999
2.99995
2.99986
2.99967
2.9991
2.99792
2.9944
2.98716
2.96602
2.91889
2.79232
2.48903
1.82918
0.83477
0.368107
0.394771
0.404229
0.388375
0.361516
0.336382
0.321687
0.31271
0.310713
3.00001
3
2.99999
2.99996
2.99988
2.99969
2.99919
2.99809
2.9949
2.98825
2.96887
2.92595
2.80985
2.53044
1.91315
0.930262
0.434235
0.415199
0.424132
0.420228
0.401443
0.383456
0.376821
0.376515
0.385954
3.00001
3
2.99999
2.99996
2.99989
2.99973
2.99926
2.9983
2.9954
2.98951
2.97195
2.93368
2.82895
2.57691
2.00731
1.04786
0.509263
0.4357
0.448591
0.455117
0.444437
0.436681
0.43938
0.454309
0.488985
3.00001
3
2.99999
2.99997
2.9999
2.99976
2.99937
2.99845
2.99617
2.99031
2.97641
2.94028
2.85173
2.62624
2.11252
1.19555
0.595425
0.459597
0.477799
0.493639
0.492449
0.494686
0.512233
0.557872
0.659481
3.00001
3
3
2.99997
2.99992
2.99979
2.99948
2.99869
2.99671
2.99196
2.97944
2.95008
2.87293
2.68241
2.22985
1.37938
0.69795
0.495339
0.516996
0.538041
0.544
0.557194
0.594416
0.682076
0.854999
3.00001
3
3
2.99998
2.99994
2.99984
2.99957
2.99892
2.99733
2.99325
2.98361
2.95828
2.89735
2.73993
2.36335
1.61201
0.819146
0.549389
0.570095
0.589991
0.601782
0.624129
0.675805
0.783802
0.96916
3.00001
3
3
2.99998
2.99995
2.99986
2.99965
2.99914
2.99777
2.99473
2.9862
2.96744
2.91607
2.79392
2.48755
1.84724
0.948638
0.612054
0.62367
0.640983
0.659913
0.688829
0.746192
0.851575
1.01697
3.00001
3.00001
3
2.99999
2.99996
2.99989
2.99973
2.99926
2.99833
2.99537
2.98961
2.97204
2.93404
2.83005
2.58074
2.02093
1.10915
0.691974
0.663567
0.682412
0.707985
0.743388
0.801304
0.894302
1.0356
3.00001
3.00001
3
2.99999
2.99997
2.99992
2.99976
2.99947
2.9985
2.99672
2.99087
2.97921
2.9451
2.86687
2.6616
2.19274
1.33649
0.807509
0.700646
0.718283
0.746519
0.788354
0.846133
0.927382
1.0455
3.00001
3.00001
3
3
2.99998
2.99993
2.99984
2.99954
2.99898
2.99719
2.99358
2.98302
2.95954
2.89639
2.7429
2.36874
1.62943
0.95079
0.75172
0.75816
0.785035
0.827481
0.884183
0.956468
1.05483
3.00001
3.00001
3
3
2.99999
2.99996
2.99987
2.99968
2.9992
2.99799
2.9951
2.98754
2.97003
2.92383
2.8127
2.53555
1.94536
1.1236
0.824688
0.806048
0.826536
0.863906
0.91695
0.981199
1.06515
3.00001
3.00001
3.00001
3
2.99999
2.99997
2.99991
2.99978
2.99937
2.9986
2.99608
2.9913
2.97643
2.94487
2.85768
2.6498
2.16843
1.33684
0.918652
0.851355
0.868061
0.900209
0.948467
1.00657
1.07836
3.00001
3.00001
3.00001
3
3
2.99998
2.99994
2.99983
2.99957
2.99894
2.99728
2.99353
2.98313
2.95996
2.89715
2.7463
2.37847
1.65527
1.06546
0.907824
0.908455
0.932316
0.974507
1.0278
1.09109
3.00001
3.00001
3.00001
3
3
2.99999
2.99996
2.99988
2.99971
2.99922
2.99823
2.99515
2.98913
2.97086
2.93173
2.82507
2.57479
2.02162
1.26162
0.988314
0.955188
0.969856
1.00387
1.05296
1.10881
3.00001
3.00001
3.00001
3.00001
3
2.99999
2.99998
2.99992
2.99981
2.99946
2.99875
2.99674
2.99219
2.98032
2.95171
2.8794
2.70012
2.283
1.52421
1.10071
1.00517
1.00934
1.03396
1.07607
1.12667
3.00001
3.00001
3.00001
3.00001
3
3
2.99998
2.99995
2.99986
2.99968
2.9991
2.99798
2.99459
2.98744
2.96758
2.92185
2.80285
2.5199
1.91773
1.27036
1.07238
1.05236
1.06788
1.10267
1.14944
3.00001
3.00001
3.00001
3.00001
3.00001
3
2.99999
2.99997
2.99991
2.99978
2.99941
2.99867
2.99636
2.99187
2.97804
2.9492
2.86872
2.68052
2.23959
1.50726
1.16816
1.10169
1.10783
1.13212
1.16916
3.00001
3.00001
3.00001
3.00001
3.00001
3
3
2.99999
2.99994
2.99987
2.99963
2.99913
2.99775
2.99458
2.98648
2.96669
2.91751
2.79486
2.49988
1.88899
1.32577
1.16236
1.14608
1.16021
1.19056
3.00001
3.00001
3.00001
3.00001
3.00001
3.00001
3
2.99999
2.99997
2.99991
2.99978
2.99944
2.99859
2.99662
2.99129
2.9795
2.9473
2.87292
2.68237
2.25212
1.56472
1.25908
1.19643
1.19503
1.21466
3.00001
3.00001
3.00001
3.00001
3.00001
3.00001
3
3
2.99998
2.99995
2.99987
2.99965
2.99917
2.99783
2.99503
2.98676
2.96956
2.92094
2.80966
2.53116
1.96014
1.4147
1.25428
1.23302
1.24428
3.00001
3.00001
3.00001
3.00001
3.00001
3.00001
3.00001
3
2.99999
2.99997
2.99992
2.9998
2.99947
2.99878
2.9967
2.99261
2.98014
2.95424
2.88206
2.715
2.31732
1.66972
1.35481
1.28261
1.27709
3.00001
3.00001
3.00001
3.00001
3.00001
3.00001
3.00001
3
3
2.99999
2.99996
2.99988
2.99971
2.99925
2.99818
2.99551
2.98885
2.97315
2.93281
2.83696
2.60188
2.09421
1.53263
1.34889
1.31902
3.00001
3.00001
3.00001
3.00001
3.00001
3.00001
3.00001
3.00001
3
3
2.99998
2.99993
2.99983
2.99956
2.99894
2.99737
2.99348
2.98422
2.96036
2.90405
2.76128
2.42855
1.82362
1.45794
1.36661
3.00001
3.00001
3.00001
3.00001
3.00001
3.00001
3.00001
3.00001
3.00001
3
2.99999
2.99996
2.99991
2.99974
2.99943
2.99844
2.99648
2.99075
2.97836
2.94526
2.8678
2.67604
2.24279
1.67439
1.45131
3.00001
3.00001
3.00001
3.00001
3.00001
3.00001
3.00001
3.00001
3.00001
3
3
2.99999
2.99995
2.99987
2.99969
2.99915
2.99812
2.99481
2.98853
2.96944
2.92881
2.81966
2.56715
2.04961
1.59448
3.00001
3.00001
3.00001
3.00001
3.00001
3.00001
3.00001
3.00001
3.00001
3.00001
3
3
2.99998
2.99993
2.99983
2.99955
2.99895
2.99721
2.99368
2.98314
2.96141
2.90027
2.76166
2.42305
1.8718
3.00001
3.00001
3.00001
3.00001
3.00001
3.00001
3.00001
3.00001
3.00001
3.00001
3.00001
3
2.99999
2.99997
2.99991
2.99978
2.99941
2.99859
2.99651
2.9914
2.97924
2.94823
2.87517
2.69463
2.29081
3.00001
3.00001
3.00001
3.00001
3.00001
3.00001
3.00001
3.00001
3.00001
3.00001
3.00001
3
3
2.99999
2.99996
2.99989
2.99969
2.99931
2.99811
2.99589
2.98876
2.97486
2.93458
2.84532
2.61878
3.00001
3.00001
3.00001
3.00001
3.00001
3.00001
3.00001
3.00001
3.00001
3.00001
3.00001
3.00001
3
3
2.99998
2.99994
2.99986
2.99962
2.9991
2.99775
2.9945
2.98672
2.96667
2.92019
2.8017
3.00001
3.00001
3.00001
3.00001
3.00001
3.00001
3.00001
3.00001
3.00001
3.00001
3.00001
3.00001
3.00001
3
2.99999
2.99998
2.99993
2.99982
2.99955
2.99886
2.99731
2.99306
2.98395
2.95866
2.9023
3.00001
3.00001
3.00001
3.00001
3.00001
3.00001
3.00001
3.00001
3.00001
3.00001
3.00001
3.00001
3.00001
3.00001
3
2.99999
2.99997
2.99992
2.99977
2.99948
2.99859
2.99684
2.99172
2.98084
2.95157
3.00001
3.00001
3.00001
3.00001
3.00001
3.00001
3.00001
3.00001
3.00001
3.00001
3.00001
3.00001
3.00001
3.00001
3.00001
3
2.99999
2.99996
2.9999
2.99974
2.99937
2.99843
2.99617
2.99081
2.97715
3.00001
3.00001
3.00001
3.00001
3.00001
3.00001
3.00001
3.00001
3.00001
3.00001
3.00001
3.00001
3.00001
3.00001
3.00001
3
3
2.99999
2.99996
2.99988
2.99972
2.99923
2.99832
2.99548
2.98983
3.00001
3.00001
3.00001
3.00001
3.00001
3.00001
3.00001
3.00001
3.00001
3.00001
3.00001
3.00001
3.00001
3.00001
3.00001
3.00001
3
3
2.99998
2.99995
2.99986
2.99969
2.99914
2.99809
2.99499
3.00001
3.00001
3.00001
3.00001
3.00001
3.00001
3.00001
3.00001
3.00001
3.00001
3.00001
3.00001
3.00001
3.00001
3.00001
3.00001
3.00001
3
3
2.99998
2.99994
2.99986
2.99962
2.99914
2.99769
3.00001
3.00001
3.00001
3.00001
3.00001
3.00001
3.00001
3.00001
3.00001
3.00001
3.00001
3.00001
3.00001
3.00001
3.00001
3.00001
3.00001
3.00001
3
3
2.99998
2.99994
2.99985
2.99958
2.99909
3.00001
3.00001
3.00001
3.00001
3.00001
3.00001
3.00001
3.00001
3.00001
3.00001
3.00001
3.00001
3.00001
3.00001
3.00001
3.00001
3.00001
3.00001
3.00001
3
3
2.99998
2.99993
2.99984
2.99956
3.00001
3.00001
3.00001
3.00001
3.00001
3.00001
3.00001
3.00001
3.00001
3.00001
3.00001
3.00001
3.00001
3.00001
3.00001
3.00001
3.00001
3.00001
3.00001
3.00001
3
2.99999
2.99998
2.99993
2.99983
3.00001
3.00001
3.00001
3.00001
3.00001
3.00001
3.00001
3.00001
3.00001
3.00001
3.00001
3.00001
3.00001
3.00001
3.00001
3.00001
3.00001
3.00001
3.00001
3.00001
3.00001
3
3
2.99998
2.99993
3.00001
3.00001
3.00001
3.00001
3.00001
3.00001
3.00001
3.00001
3.00001
3.00001
3.00001
3.00001
3.00001
3.00001
3.00001
3.00001
3.00001
3.00001
3.00001
3.00001
3.00001
3.00001
3
3
2.99998
3.00001
3.00001
3.00001
3.00001
3.00001
3.00001
3.00001
3.00001
3.00001
3.00001
3.00001
3.00001
3.00001
3.00001
3.00001
3.00001
3.00001
3.00001
3.00001
3.00001
3.00001
3.00001
3.00001
3
3
3.00001
3.00001
3.00001
3.00001
3.00001
3.00001
3.00001
3.00001
3.00001
3.00001
3.00001
3.00001
3.00001
3.00001
3.00001
3.00001
3.00001
3.00001
3.00001
3.00001
3.00001
3.00001
3.00001
3.00001
3
3.00001
3.00001
3.00001
3.00001
3.00001
3.00001
3.00001
3.00001
3.00001
3.00001
3.00001
3.00001
3.00001
3.00001
3.00001
3.00001
3.00001
3.00001
3.00001
3.00001
3.00001
3.00001
3.00001
3.00001
3.00001
3.00001
3.00001
3.00001
3.00001
3.00001
3.00001
3.00001
3.00001
3.00001
3.00001
3.00001
3.00001
3.00001
3.00001
3.00001
3.00001
3.00001
3.00001
3.00001
3.00001
3.00001
3.00001
3.00001
3.00001
3.00001
1.11644
1.32413
1.39593
1.37231
1.31075
1.24506
1.17488
1.14347
1.13771
1.14483
1.15451
1.16511
1.17173
1.17621
1.18078
1.18657
1.19385
1.2027
1.21234
1.22253
1.23293
1.24339
1.25393
1.26461
1.27545
1.28643
1.29749
1.30855
1.31958
1.33055
1.34147
1.35233
1.36307
1.37368
1.38416
1.39457
1.40494
1.41528
1.42557
1.43574
1.44577
1.4556
1.46521
1.47457
1.48367
1.49253
1.50117
1.50957
1.51775
1.52569
1.53338
1.54079
1.54789
1.55467
1.56114
1.56729
1.57316
1.57876
1.58418
1.5894
1.59456
1.59946
1.60432
1.60898
1.61356
1.61773
1.62146
1.62491
1.62808
1.63055
1.63271
1.63468
1.63632
1.63861
1.64068
1.64279
1.64475
1.64684
1.64867
1.65019
1.65148
1.6524
1.65301
1.65345
1.65386
1.65475
1.65555
1.65661
1.65783
1.65991
1.66235
1.66662
1.67203
1.68267
1.69335
1.71471
1.73126
1.76309
1.78305
1.83089
1.13046
1.25067
1.32425
1.37645
1.4284
1.47594
1.49488
1.49563
1.49
1.47631
1.46633
1.46267
1.46669
1.47274
1.48039
1.48797
1.49475
1.50107
1.50752
1.51439
1.52176
1.5297
1.53819
1.54703
1.55614
1.56543
1.57485
1.58435
1.59385
1.60325
1.61248
1.62154
1.63043
1.63918
1.64785
1.65643
1.66491
1.67335
1.68179
1.69018
1.69866
1.70728
1.71599
1.72447
1.73276
1.74071
1.74835
1.75562
1.76251
1.76911
1.77537
1.78127
1.78689
1.79217
1.79719
1.80191
1.80633
1.81053
1.8145
1.818
1.82142
1.82428
1.82711
1.82939
1.83161
1.83382
1.83579
1.83727
1.83945
1.84081
1.84246
1.84322
1.84462
1.84522
1.84607
1.84594
1.84604
1.84579
1.84567
1.84587
1.8458
1.84682
1.84729
1.84876
1.84948
1.85102
1.85147
1.85284
1.85324
1.85465
1.85517
1.8568
1.85757
1.85987
1.86151
1.86513
1.86865
1.87612
1.88262
1.90323
1.14368
1.24691
1.34387
1.43933
1.53072
1.60297
1.65007
1.66123
1.66069
1.65376
1.63903
1.63079
1.62456
1.62764
1.63053
1.63549
1.64191
1.64827
1.65449
1.66087
1.66773
1.67505
1.68283
1.69102
1.6995
1.70813
1.71682
1.72552
1.73416
1.74269
1.75101
1.75914
1.76717
1.77515
1.78294
1.79065
1.79842
1.80627
1.81418
1.82211
1.83004
1.83809
1.8463
1.85441
1.86233
1.87004
1.87744
1.8845
1.89133
1.89786
1.90405
1.90994
1.9155
1.92073
1.92558
1.93001
1.93406
1.93774
1.94097
1.94389
1.94659
1.94901
1.95129
1.95332
1.95515
1.95671
1.95811
1.95923
1.96034
1.96146
1.96228
1.96245
1.96299
1.9632
1.96355
1.9632
1.96273
1.96218
1.961
1.96041
1.95916
1.95867
1.95766
1.9578
1.95723
1.95831
1.95818
1.95997
1.96047
1.963
1.96391
1.96664
1.96751
1.97041
1.97163
1.97521
1.97757
1.98334
1.9873
2.00139
1.16065
1.26763
1.36676
1.45795
1.53992
1.60956
1.66655
1.70961
1.74008
1.75118
1.75347
1.75185
1.74778
1.74121
1.74031
1.74205
1.74569
1.75112
1.75854
1.76702
1.77547
1.78367
1.79161
1.79939
1.80717
1.81501
1.82288
1.83071
1.83849
1.84621
1.85387
1.8615
1.86914
1.87685
1.88465
1.89257
1.9006
1.90867
1.91663
1.92438
1.93201
1.93953
1.94684
1.95383
1.96069
1.96745
1.97419
1.98101
1.98785
1.99462
2.00133
2.00771
2.01376
2.01948
2.02477
2.02949
2.03342
2.03663
2.03936
2.0416
2.04332
2.04482
2.04614
2.04723
2.04824
2.04918
2.04989
2.05037
2.05082
2.05096
2.05071
2.05055
2.05003
2.04943
2.04887
2.04807
2.04718
2.04616
2.04489
2.04371
2.04247
2.04154
2.04038
2.03985
2.03902
2.03941
2.03915
2.04066
2.04111
2.04382
2.04494
2.04815
2.04932
2.05237
2.05333
2.05653
2.05803
2.06244
2.06548
2.07788
1.16414
1.27118
1.36748
1.45575
1.5364
1.6095
1.67438
1.731
1.77751
1.81168
1.83226
1.83845
1.83963
1.8389
1.83724
1.83437
1.83629
1.83903
1.84266
1.84795
1.85496
1.86239
1.86971
1.87694
1.88415
1.89144
1.89881
1.90625
1.91376
1.92136
1.92907
1.93684
1.94466
1.95247
1.9602
1.96776
1.97519
1.98259
1.9899
1.99698
2.00377
2.01051
2.01726
2.02408
2.03105
2.03816
2.04531
2.05236
2.05927
2.06597
2.07241
2.07852
2.0841
2.08897
2.09304
2.09634
2.09898
2.10114
2.10294
2.10451
2.10604
2.10758
2.10906
2.11045
2.11189
2.11308
2.11401
2.11458
2.11481
2.11444
2.11393
2.11286
2.11131
2.11002
2.10914
2.10753
2.10577
2.10433
2.10281
2.10151
2.10024
2.099
2.09788
2.09709
2.09637
2.09658
2.09638
2.0978
2.09828
2.10108
2.10228
2.106
2.10729
2.11106
2.11255
2.11685
2.11924
2.12557
2.12993
2.14579
1.16288
1.26477
1.35806
1.44399
1.52304
1.5957
1.66151
1.72022
1.77122
1.81491
1.85001
1.87697
1.89358
1.90241
1.90512
1.90625
1.90616
1.90664
1.90814
1.91067
1.91447
1.9201
1.92781
1.93635
1.94488
1.95321
1.96132
1.96921
1.97696
1.98471
1.9925
2.00028
2.00799
2.01561
2.02309
2.03037
2.03754
2.04471
2.0517
2.05839
2.06487
2.07132
2.07784
2.08453
2.09141
2.09836
2.10536
2.11225
2.11904
2.12564
2.13201
2.13797
2.14325
2.14769
2.1513
2.15416
2.15647
2.15837
2.16001
2.16148
2.1629
2.16435
2.16579
2.167
2.16807
2.16884
2.16934
2.16912
2.16877
2.16801
2.16673
2.16494
2.16349
2.16187
2.15995
2.15844
2.15708
2.15537
2.15376
2.15255
2.15143
2.15055
2.14965
2.14891
2.14841
2.14862
2.14868
2.15015
2.1508
2.15347
2.15459
2.15807
2.15944
2.16336
2.16515
2.17
2.17296
2.18048
2.1856
2.20364
1.16031
1.25593
1.34562
1.42878
1.50572
1.57703
1.64256
1.70258
1.75676
1.80579
1.84834
1.88507
1.91472
1.93616
1.94937
1.95701
1.96018
1.96207
1.96364
1.96509
1.96753
1.9708
1.97547
1.98223
1.99067
1.99961
2.00864
2.01754
2.02615
2.0345
2.04269
2.05076
2.05864
2.06627
2.07362
2.08068
2.08759
2.0945
2.10118
2.10748
2.11367
2.11992
2.12634
2.13303
2.13996
2.14701
2.15409
2.16119
2.16801
2.17466
2.18102
2.1869
2.19186
2.19575
2.19888
2.20145
2.20366
2.2057
2.20768
2.20967
2.21169
2.21366
2.21552
2.21707
2.21841
2.21926
2.21963
2.21912
2.21834
2.21696
2.21523
2.213
2.21081
2.20882
2.20692
2.20503
2.20277
2.20132
2.19976
2.1982
2.19691
2.19584
2.19489
2.19421
2.19358
2.19312
2.19309
2.1939
2.1946
2.19676
2.19791
2.20101
2.20264
2.20676
2.20931
2.21549
2.21978
2.22991
2.23676
2.25923
1.16065
1.24695
1.33151
1.41199
1.48694
1.55681
1.62155
1.68162
1.73683
1.78714
1.83265
1.87271
1.90779
1.93783
1.96281
1.98151
1.99423
2.00204
2.00657
2.00945
2.01169
2.01418
2.01718
2.02132
2.02735
2.0351
2.04364
2.05252
2.06146
2.07021
2.07861
2.08668
2.09445
2.10191
2.10908
2.11603
2.1229
2.12978
2.13668
2.14363
2.1507
2.15795
2.16549
2.17334
2.18136
2.18935
2.19714
2.20444
2.21118
2.21769
2.22383
2.22921
2.23342
2.23688
2.23988
2.2426
2.24514
2.24768
2.25025
2.25283
2.25535
2.25782
2.26009
2.26195
2.26327
2.264
2.26411
2.26345
2.26246
2.26114
2.2596
2.25761
2.25581
2.2543
2.25271
2.25128
2.24949
2.24804
2.24632
2.24486
2.24314
2.2416
2.24015
2.2389
2.23774
2.23695
2.23639
2.23609
2.23598
2.23637
2.23726
2.23943
2.24139
2.24582
2.24932
2.25724
2.26304
2.27616
2.2846
2.31196
1.16404
1.24131
1.31881
1.39433
1.46627
1.53445
1.5983
1.65791
1.71355
1.76498
1.81232
1.85546
1.89441
1.92933
1.96005
1.98657
2.00852
2.0251
2.0366
2.04448
2.04983
2.054
2.05768
2.06142
2.06592
2.07161
2.07839
2.086
2.09417
2.10263
2.11106
2.11924
2.12705
2.13451
2.14162
2.14847
2.1552
2.16193
2.16875
2.17574
2.18301
2.19068
2.19878
2.20724
2.21585
2.22438
2.23263
2.24025
2.24706
2.25344
2.25951
2.26489
2.26923
2.2729
2.27632
2.27961
2.28285
2.28611
2.2894
2.29265
2.29575
2.29867
2.30117
2.30304
2.30421
2.30475
2.30474
2.30393
2.30291
2.30158
2.30007
2.29811
2.29643
2.29498
2.29353
2.29208
2.29024
2.28853
2.28667
2.28476
2.28263
2.2804
2.27791
2.2755
2.27307
2.27099
2.26906
2.2678
2.26684
2.26681
2.26723
2.26869
2.27147
2.27729
2.28251
2.29361
2.30163
2.3188
2.32933
2.36416
1.17264
1.2407
1.31108
1.38081
1.44836
1.51313
1.57461
1.63285
1.68742
1.73884
1.78673
1.8316
1.87291
1.91092
1.94517
1.97579
2.00271
2.02589
2.0457
2.06159
2.07343
2.08224
2.08899
2.09443
2.09908
2.10383
2.10909
2.11499
2.12162
2.1289
2.13666
2.14462
2.1525
2.16012
2.16743
2.17444
2.18125
2.18801
2.19489
2.20199
2.20936
2.21713
2.22534
2.23387
2.24254
2.25112
2.25942
2.26714
2.27405
2.28038
2.28649
2.29209
2.29698
2.30141
2.30566
2.30984
2.31391
2.31795
2.32193
2.3258
2.32934
2.33262
2.3354
2.3375
2.33881
2.3396
2.33986
2.33931
2.33845
2.33742
2.33613
2.33444
2.33287
2.3317
2.33009
2.32808
2.32537
2.32237
2.31881
2.31479
2.31014
2.30534
2.30012
2.29517
2.29035
2.28641
2.28299
2.28092
2.27967
2.28031
2.28184
2.28466
2.28958
2.29883
2.30691
2.32273
2.33344
2.35569
2.36764
2.41321
1.18304
1.24382
1.30691
1.37069
1.43368
1.49478
1.55355
1.60964
1.66288
1.7133
1.76078
1.80553
1.84732
1.88655
1.92274
1.95644
1.98713
2.01504
2.03998
2.06179
2.08086
2.09647
2.10872
2.11851
2.12621
2.13252
2.13827
2.14374
2.14938
2.15539
2.16176
2.1685
2.17554
2.1828
2.19011
2.1974
2.20454
2.21164
2.21886
2.22636
2.23424
2.24249
2.25107
2.25988
2.26873
2.27739
2.2857
2.29346
2.30045
2.30677
2.31283
2.31853
2.32377
2.32872
2.3336
2.33843
2.34314
2.34777
2.35228
2.35655
2.36043
2.3638
2.36653
2.36849
2.36968
2.37025
2.37041
2.36984
2.36905
2.36766
2.36598
2.36399
2.36131
2.35821
2.35369
2.34816
2.34129
2.33348
2.32473
2.31568
2.30613
2.29733
2.28889
2.28174
2.27546
2.27154
2.26929
2.2696
2.2719
2.27592
2.28144
2.28982
2.2991
2.31417
2.325
2.34597
2.35896
2.38648
2.39764
2.45425
1.19801
1.25103
1.30689
1.36491
1.42315
1.48043
1.53608
1.58973
1.64112
1.69017
1.7368
1.78108
1.82287
1.86239
1.89964
1.93458
1.96732
1.99786
2.02611
2.05201
2.07556
2.09637
2.1147
2.13001
2.14249
2.15252
2.16047
2.16705
2.1728
2.17807
2.18311
2.18818
2.19371
2.19989
2.20661
2.21371
2.22116
2.22894
2.23705
2.24547
2.25423
2.26328
2.27248
2.28166
2.29066
2.29935
2.30763
2.31538
2.32249
2.32891
2.33496
2.34082
2.34638
2.35175
2.35715
2.36246
2.36768
2.3727
2.37754
2.3821
2.38616
2.38958
2.39233
2.39423
2.3953
2.39562
2.39533
2.3937
2.39179
2.38886
2.38427
2.3778
2.36899
2.35855
2.34562
2.33178
2.31629
2.30046
2.28416
2.2706
2.25826
2.24909
2.24279
2.24047
2.24116
2.24443
2.24986
2.25681
2.26535
2.2763
2.28613
2.30114
2.31173
2.33123
2.34345
2.36711
2.38114
2.41091
2.42109
2.48365
1.21207
1.25925
1.30997
1.36246
1.41631
1.47009
1.52289
1.57418
1.62354
1.67093
1.71628
1.75947
1.80081
1.83997
1.87737
1.91291
1.94664
1.97871
2.00908
2.03769
2.06437
2.08908
2.11145
2.13134
2.14868
2.16328
2.1753
2.1849
2.19251
2.19876
2.20407
2.20878
2.21345
2.21842
2.22399
2.23024
2.23736
2.24534
2.254
2.26321
2.27279
2.28263
2.29248
2.30218
2.31148
2.32029
2.32852
2.33617
2.34319
2.34966
2.35575
2.36167
2.36753
2.37342
2.37939
2.38549
2.39139
2.39679
2.4018
2.40656
2.41077
2.4143
2.4168
2.41818
2.41811
2.41679
2.41404
2.40896
2.4008
2.38903
2.37277
2.35375
2.3319
2.30805
2.28289
2.25995
2.24053
2.22841
2.22294
2.22256
2.22601
2.23335
2.2416
2.25133
2.26137
2.27415
2.28374
2.29916
2.30897
2.32618
2.33611
2.35529
2.36616
2.38757
2.3995
2.42244
2.43551
2.46017
2.47147
2.51837
1.23092
1.27273
1.31753
1.36505
1.41403
1.46388
1.51343
1.56217
1.60953
1.6553
1.69929
1.74147
1.78185
1.8205
1.85756
1.89303
1.92713
1.95981
1.99123
2.02125
2.04984
2.07677
2.10194
2.12511
2.14608
2.16473
2.18089
2.19449
2.20556
2.21443
2.22139
2.22713
2.23205
2.23666
2.24158
2.24715
2.25362
2.26101
2.26927
2.2783
2.28795
2.29791
2.30794
2.31778
2.32722
2.33613
2.34439
2.35199
2.3591
2.36579
2.37228
2.37876
2.38536
2.39209
2.39884
2.40552
2.41203
2.41792
2.42293
2.42753
2.43139
2.43377
2.43412
2.43262
2.42851
2.42003
2.40675
2.38598
2.36124
2.3313
2.29843
2.26491
2.23475
2.21909
2.21247
2.21477
2.22176
2.23137
2.24157
2.25292
2.26357
2.27654
2.2869
2.30189
2.31203
2.32834
2.3388
2.35666
2.36721
2.38623
2.39692
2.41712
2.42853
2.45025
2.46227
2.48504
2.49758
2.52038
2.53251
2.565
1.24797
1.28722
1.32813
1.37139
1.41642
1.46226
1.50858
1.5545
1.59952
1.64333
1.6857
1.72655
1.76588
1.8037
1.84014
1.8754
1.9094
1.94238
1.97419
2.00488
2.03437
2.06256
2.08941
2.11466
2.13826
2.15985
2.17931
2.19651
2.21129
2.22367
2.23392
2.24227
2.24923
2.25529
2.26085
2.26636
2.2723
2.27897
2.28653
2.29492
2.304
2.31353
2.32326
2.33292
2.3423
2.35126
2.35966
2.36756
2.37503
2.38226
2.38938
2.3965
2.40364
2.41081
2.418
2.42492
2.43168
2.43727
2.4417
2.44451
2.44542
2.44351
2.43712
2.42487
2.40199
2.3725
2.33625
2.29488
2.25244
2.21972
2.20686
2.20581
2.21282
2.22321
2.23435
2.2464
2.25789
2.27175
2.28354
2.29872
2.31016
2.32638
2.33756
2.35419
2.36584
2.38342
2.39524
2.41368
2.42557
2.44473
2.4567
2.47645
2.48865
2.50928
2.52157
2.54285
2.55508
2.57682
2.58783
2.61383
1.27065
1.30665
1.34371
1.38155
1.42223
1.46452
1.50721
1.5503
1.59296
1.63476
1.67546
1.71487
1.75297
1.78985
1.82547
1.86009
1.89368
1.92634
1.95813
1.98903
2.01898
2.048
2.07583
2.10249
2.12765
2.15126
2.17305
2.1929
2.21068
2.22638
2.23999
2.25159
2.26145
2.26991
2.27733
2.28413
2.29071
2.29746
2.30459
2.31228
2.32052
2.3292
2.33816
2.34716
2.35609
2.36475
2.37316
2.38123
2.38905
2.39672
2.40434
2.41204
2.41959
2.4273
2.43451
2.44138
2.44667
2.44974
2.45035
2.44753
2.43836
2.41798
2.38615
2.34709
2.29913
2.24944
2.21237
2.19894
2.20156
2.21104
2.22197
2.23438
2.24676
2.26106
2.27439
2.28981
2.30265
2.31893
2.33122
2.34771
2.36078
2.37681
2.39027
2.40711
2.42038
2.43818
2.45082
2.46979
2.48174
2.50128
2.51284
2.53235
2.5438
2.56362
2.57515
2.59525
2.60679
2.62735
2.63774
2.65937
1.2928
1.3218
1.35863
1.39572
1.4323
1.47026
1.50981
1.5497
1.58976
1.62943
1.66834
1.70632
1.74317
1.77892
1.81364
1.84735
1.88027
1.91239
1.9438
1.97453
2.0046
2.03381
2.06226
2.08957
2.11583
2.14068
2.16413
2.18592
2.20604
2.22431
2.2408
2.25553
2.26853
2.27998
2.29009
2.29914
2.30743
2.31529
2.32296
2.33063
2.33841
2.34639
2.35454
2.3628
2.37105
2.37927
2.38743
2.39554
2.40366
2.41174
2.41993
2.42795
2.4359
2.44314
2.44882
2.45181
2.45202
2.44747
2.43416
2.40439
2.36421
2.31261
2.25485
2.20956
2.18952
2.19364
2.20372
2.21546
2.22882
2.24316
2.2579
2.2738
2.28835
2.30466
2.31877
2.33518
2.3495
2.36612
2.38081
2.3974
2.41194
2.42917
2.44314
2.46095
2.47457
2.49305
2.50572
2.52482
2.53662
2.55582
2.56707
2.58569
2.59664
2.61529
2.62617
2.64491
2.65575
2.67487
2.68474
2.7026
1.32454
1.34475
1.37543
1.40971
1.44419
1.47942
1.51548
1.55298
1.59005
1.62743
1.66435
1.70058
1.73596
1.77044
1.80413
1.83697
1.86913
1.90064
1.93157
1.96192
1.99171
2.02085
2.04929
2.07696
2.10367
2.1294
2.15388
2.17711
2.19888
2.21916
2.2379
2.25505
2.27079
2.28507
2.29802
2.30977
2.32045
2.33022
2.33932
2.34789
2.35611
2.36407
2.37184
2.37952
2.38716
2.39479
2.40249
2.41027
2.41825
2.42615
2.43408
2.44113
2.44672
2.44953
2.4492
2.44196
2.42327
2.38501
2.33483
2.27206
2.21301
2.17977
2.1802
2.1907
2.20312
2.21778
2.23295
2.24967
2.26635
2.28317
2.29918
2.31584
2.3319
2.3488
2.36483
2.382
2.39819
2.41556
2.43104
2.44874
2.46386
2.48162
2.49613
2.51431
2.52782
2.54655
2.55875
2.57752
2.58888
2.60711
2.61786
2.63547
2.64584
2.66334
2.67358
2.69117
2.70142
2.71923
2.72854
2.74343
1.35663
1.36983
1.39495
1.42706
1.45929
1.49139
1.52354
1.55771
1.59298
1.62807
1.66298
1.69757
1.73155
1.76478
1.79729
1.82913
1.86037
1.89106
1.92128
1.95108
1.98042
2.00935
2.0377
2.06548
2.0925
2.11865
2.14382
2.16786
2.19072
2.21234
2.23264
2.25174
2.26947
2.28606
2.3015
2.31579
2.32903
2.34125
2.35248
2.36279
2.37226
2.38104
2.38925
2.39698
2.40443
2.41169
2.41893
2.42609
2.4331
2.43956
2.44373
2.44614
2.44463
2.43524
2.40982
2.36408
2.3041
2.22956
2.17778
2.15938
2.17067
2.18348
2.1984
2.2154
2.23334
2.25202
2.27004
2.28799
2.30574
2.3236
2.34142
2.35951
2.37709
2.39494
2.41222
2.43039
2.44712
2.46517
2.48128
2.49923
2.51461
2.53276
2.547
2.56541
2.5783
2.59687
2.60835
2.62643
2.6374
2.65464
2.66487
2.68165
2.69146
2.70811
2.71779
2.73453
2.74417
2.76048
2.7702
2.78208
1.4057
1.40092
1.41465
1.43967
1.47125
1.50257
1.53416
1.56509
1.59774
1.63091
1.66407
1.69699
1.72968
1.76175
1.79315
1.82389
1.85407
1.88378
1.91309
1.94214
1.97091
1.99943
2.0276
2.0553
2.08243
2.10881
2.13434
2.15894
2.18248
2.20496
2.22639
2.24669
2.26603
2.28429
2.30158
2.31799
2.33345
2.34793
2.36144
2.37392
2.38536
2.39571
2.40512
2.41365
2.42153
2.42877
2.43519
2.44042
2.44358
2.44479
2.44107
2.42943
2.39753
2.34327
2.27514
2.19338
2.14766
2.14446
2.15737
2.17265
2.19053
2.20926
2.22913
2.24946
2.26913
2.28875
2.30821
2.32787
2.34728
2.36672
2.3857
2.40471
2.42301
2.4419
2.45958
2.47815
2.49508
2.51338
2.52941
2.5478
2.56263
2.58097
2.5944
2.61256
2.62497
2.64233
2.65384
2.67057
2.68143
2.69746
2.70774
2.72343
2.73319
2.74867
2.75843
2.77325
2.78367
2.79698
2.80739
2.81721
1.45909
1.43636
1.44053
1.45683
1.48341
1.51419
1.54494
1.57554
1.60612
1.63703
1.66819
1.69936
1.73027
1.76095
1.79125
1.8209
1.85008
1.87882
1.90725
1.93547
1.96355
1.99149
2.01925
2.04671
2.0737
2.10012
2.12578
2.15065
2.17462
2.19769
2.2198
2.24106
2.26136
2.28091
2.2996
2.31753
2.33468
2.35106
2.36655
2.38104
2.3945
2.40683
2.41799
2.42793
2.43635
2.44256
2.44558
2.44602
2.4417
2.42705
2.39089
2.32904
2.25391
2.16741
2.12344
2.12899
2.14215
2.15956
2.17896
2.19955
2.22079
2.24207
2.26318
2.28444
2.30571
2.32717
2.34795
2.36884
2.38916
2.40945
2.4289
2.44848
2.46712
2.48631
2.50397
2.52284
2.53946
2.55816
2.57377
2.59219
2.60661
2.62437
2.63768
2.65484
2.6671
2.68332
2.69491
2.71041
2.72136
2.73651
2.74689
2.7615
2.7716
2.78542
2.79584
2.80825
2.81915
2.83047
2.84023
2.8488
1.56179
1.48194
1.47083
1.47991
1.50063
1.52971
1.55953
1.58766
1.6157
1.64483
1.67444
1.70433
1.73416
1.76288
1.79138
1.81987
1.84801
1.87588
1.90349
1.93098
1.95838
1.98572
2.01291
2.03992
2.06656
2.09278
2.1184
2.14333
2.16754
2.19091
2.21353
2.2353
2.25639
2.2767
2.29642
2.31545
2.33387
2.35159
2.36859
2.38475
2.3999
2.41388
2.42653
2.4368
2.44213
2.44388
2.44069
2.42576
2.38834
2.32292
2.24216
2.1514
2.1058
2.11274
2.12615
2.14554
2.16576
2.18738
2.20968
2.23167
2.25409
2.27673
2.29921
2.32182
2.34419
2.36597
2.38737
2.40863
2.42928
2.44959
2.46927
2.48902
2.50773
2.52698
2.54456
2.56352
2.57991
2.59855
2.61379
2.63195
2.64576
2.66313
2.67617
2.69243
2.70473
2.7201
2.73161
2.74651
2.75752
2.77188
2.78242
2.79594
2.8061
2.81846
2.82882
2.83977
2.84984
2.8602
2.86886
2.87653
1.77719
1.56536
1.51726
1.50924
1.52022
1.54203
1.57125
1.60049
1.62805
1.65426
1.68127
1.70924
1.73765
1.76624
1.79427
1.821
1.84789
1.87481
1.90168
1.92845
1.95508
1.98173
2.00828
2.03475
2.06094
2.08683
2.11225
2.13714
2.16136
2.18491
2.20775
2.22988
2.25139
2.27227
2.29262
2.31245
2.33173
2.35043
2.36846
2.38572
2.40183
2.41628
2.42756
2.43066
2.42856
2.41852
2.3843
2.31797
2.23401
2.13905
2.08946
2.09494
2.10885
2.12957
2.151
2.1741
2.1973
2.22041
2.24408
2.26794
2.29154
2.31493
2.33802
2.36071
2.38284
2.40458
2.42604
2.44705
2.46759
2.48777
2.50745
2.52703
2.54568
2.56492
2.58232
2.60125
2.61721
2.63574
2.65049
2.66805
2.6818
2.69849
2.71145
2.72721
2.73938
2.75425
2.76574
2.78005
2.79112
2.80464
2.81501
2.82752
2.83724
2.84851
2.85784
2.86811
2.87669
2.88636
2.89381
2.90051
2.16408
1.71759
1.57358
1.54822
1.54797
1.55982
1.58177
1.61002
1.63767
1.66475
1.69072
1.71604
1.74249
1.76964
1.79683
1.82402
1.85049
1.87584
1.90159
1.92751
1.95348
1.97932
2.00513
2.03093
2.05659
2.08209
2.10722
2.13196
2.15612
2.1797
2.20262
2.22495
2.2467
2.26793
2.28869
2.30897
2.3288
2.34802
2.36644
2.38387
2.39822
2.40651
2.40736
2.40103
2.37144
2.31046
2.22387
2.12309
2.06813
2.07104
2.08627
2.10873
2.13206
2.15762
2.18296
2.20802
2.23305
2.25828
2.28303
2.30729
2.33124
2.35452
2.37723
2.39951
2.42139
2.44293
2.46408
2.48493
2.50527
2.52531
2.54489
2.56446
2.58306
2.60218
2.61946
2.63799
2.65394
2.67184
2.68666
2.70359
2.71757
2.73363
2.74676
2.76204
2.77426
2.78865
2.80034
2.81386
2.82504
2.83727
2.8476
2.85852
2.86769
2.87778
2.88581
2.89536
2.90245
2.91087
2.91741
2.92243
2.52499
2.03128
1.68808
1.59376
1.57817
1.58279
1.59676
1.61989
1.64668
1.67306
1.69911
1.72496
1.74987
1.77496
1.80085
1.827
1.85299
1.87906
1.90408
1.9284
1.95323
1.97832
2.0034
2.02849
2.05354
2.07853
2.10326
2.12773
2.1517
2.17523
2.19816
2.22058
2.24247
2.26388
2.28482
2.30528
2.32519
2.34405
2.361
2.37421
2.37646
2.37166
2.35336
2.29899
2.21164
2.10359
2.04007
2.03711
2.05487
2.07974
2.10467
2.13349
2.16224
2.18966
2.21715
2.24414
2.27038
2.29615
2.32112
2.34579
2.36933
2.39245
2.41487
2.43712
2.45874
2.48021
2.50118
2.522
2.54211
2.56227
2.58174
2.60126
2.61983
2.63864
2.65589
2.67405
2.69026
2.70755
2.72279
2.73913
2.75363
2.76937
2.78296
2.79791
2.8106
2.82445
2.83668
2.84913
2.8609
2.87142
2.88239
2.89134
2.90073
2.9093
2.91688
2.92499
2.93148
2.93806
2.94412
2.94706
2.75817
2.42326
1.94503
1.68712
1.62071
1.61057
1.617
1.63336
1.65738
1.68255
1.70736
1.73237
1.75776
1.78292
1.80751
1.83204
1.85681
1.88168
1.90646
1.93109
1.95484
1.9786
2.00291
2.02737
2.05184
2.07628
2.10053
2.12459
2.14825
2.17159
2.1944
2.21681
2.23868
2.26009
2.2809
2.30076
2.31947
2.33461
2.33989
2.33859
2.32641
2.28193
2.19745
2.08493
2.00747
1.99431
2.01538
2.04168
2.06818
2.09973
2.13079
2.16157
2.19133
2.22042
2.24851
2.27593
2.30277
2.32906
2.35453
2.37932
2.40333
2.42676
2.44956
2.47198
2.49367
2.5153
2.53623
2.55704
2.57721
2.59743
2.61685
2.63638
2.6548
2.67335
2.69075
2.70852
2.72494
2.74176
2.7574
2.77353
2.78857
2.8041
2.81809
2.83269
2.8458
2.85919
2.87184
2.88363
2.89579
2.90542
2.91679
2.9248
2.93455
2.94188
2.95005
2.95631
2.96324
2.96824
2.97403
2.97564
2.88471
2.71816
2.35543
1.90073
1.69951
1.6517
1.64358
1.65114
1.66859
1.69333
1.71756
1.74094
1.76491
1.78976
1.81476
1.83916
1.86281
1.88611
1.9096
1.93326
1.95703
1.98058
2.00382
2.02743
2.05135
2.07525
2.09902
2.12262
2.1459
2.1689
2.19145
2.21361
2.23512
2.25596
2.27554
2.29179
2.30188
2.30184
2.29135
2.25905
2.18412
2.07087
1.97388
1.94692
1.96966
1.99603
2.02459
2.05839
2.09145
2.12406
2.15632
2.18768
2.21767
2.24706
2.27538
2.3033
2.33033
2.35707
2.38277
2.40812
2.4326
2.45681
2.48028
2.50341
2.52556
2.54748
2.56842
2.5896
2.60985
2.63035
2.64978
2.66929
2.6876
2.70606
2.72352
2.74105
2.75767
2.77435
2.79031
2.8063
2.82152
2.83659
2.85065
2.86474
2.87787
2.89099
2.90338
2.91535
2.92667
2.93691
2.94746
2.95571
2.96539
2.97224
2.98074
2.98616
2.99329
2.99755
3.00334
3.00468
2.94593
2.86648
2.68128
2.29195
1.87415
1.71625
1.68381
1.67643
1.68484
1.70242
1.72694
1.75117
1.77393
1.79701
1.82091
1.84522
1.86903
1.89194
1.91439
1.93682
1.95973
1.98282
2.00611
2.02918
2.05209
2.07526
2.09852
2.12161
2.14446
2.16698
2.18901
2.21048
2.23056
2.24824
2.2613
2.26279
2.2544
2.23112
2.16877
2.05895
1.94295
1.89909
1.91924
1.94573
1.97606
2.01113
2.04662
2.08079
2.11482
2.14787
2.17991
2.21121
2.24121
2.27073
2.29926
2.32733
2.35438
2.38117
2.40687
2.43254
2.45719
2.48209
2.50594
2.53003
2.55304
2.57617
2.59793
2.61997
2.64052
2.66134
2.68072
2.70027
2.71865
2.73718
2.75484
2.77242
2.78927
2.80595
2.82187
2.83763
2.85249
2.86705
2.88094
2.89444
2.90755
2.9202
2.93244
2.94406
2.95504
2.96511
2.97537
2.98328
2.99271
2.99938
3.0073
3.01248
3.01935
3.02329
3.02895
3.03055
2.97387
2.93857
2.84812
2.63657
2.22576
1.857
1.73531
1.71248
1.70759
1.71672
1.73455
1.75883
1.78319
1.80591
1.82812
1.85093
1.87423
1.8973
1.9198
1.94171
1.96367
1.98597
2.00859
2.03136
2.05411
2.07659
2.0989
2.12125
2.14334
2.16502
2.18551
2.20436
2.21899
2.22222
2.21756
2.19809
2.1496
2.04793
1.91924
1.85512
1.86692
1.89204
1.92349
1.96077
1.99793
2.03388
2.06915
2.10349
2.13705
2.16971
2.20138
2.23212
2.26192
2.2915
2.31979
2.34798
2.37487
2.40185
2.42764
2.45383
2.47877
2.50406
2.52787
2.55256
2.5758
2.59981
2.62214
2.6451
2.66638
2.68815
2.70834
2.72873
2.74785
2.76694
2.78501
2.80278
2.81964
2.83625
2.8519
2.86739
2.8819
2.89632
2.90997
2.92345
2.93656
2.94891
2.96123
2.97231
2.98328
2.99278
3.00285
3.01021
3.01925
3.02536
3.03267
3.03736
3.04362
3.04718
3.05239
3.05385
2.98845
2.97088
2.93055
2.82979
2.59342
2.17631
1.85607
1.75811
1.73946
1.73898
1.7479
1.76519
1.78912
1.81364
1.83642
1.85801
1.87973
1.90202
1.92439
1.9466
1.9683
1.9899
2.01173
2.03374
2.05594
2.07793
2.09966
2.12082
2.14125
2.16049
2.17577
2.18187
2.17978
2.16366
2.12202
2.03942
1.90748
1.81784
1.81047
1.83897
1.87066
1.90785
1.94718
1.98425
2.02105
2.05668
2.09108
2.12489
2.15768
2.1896
2.22053
2.2509
2.28041
2.3096
2.33775
2.36597
2.39289
2.42028
2.44621
2.47276
2.4976
2.52334
2.54727
2.57218
2.5954
2.61992
2.64271
2.66638
2.68824
2.71061
2.73135
2.7523
2.77199
2.79166
2.81009
2.82847
2.84559
2.86281
2.87872
2.89469
2.90947
2.92429
2.93816
2.95193
2.96511
2.97753
2.98969
3.0008
3.0115
3.02094
3.03084
3.03804
3.04679
3.05277
3.05954
3.064
3.06972
3.07275
3.07762
3.07803
2.99495
2.98633
2.96955
2.92117
2.81516
2.55001
2.149
1.86523
1.78286
1.76664
1.76929
1.77826
1.79478
1.81833
1.84258
1.86534
1.88649
1.90743
1.92896
1.95071
1.97265
1.99407
2.01538
2.03638
2.05765
2.07847
2.09884
2.11776
2.13314
2.14163
2.14056
2.12596
2.09209
2.02288
1.90173
1.78681
1.75633
1.78503
1.81585
1.85337
1.89488
1.93366
1.97152
2.00816
2.04382
2.07829
2.11195
2.14479
2.17658
2.20772
2.23798
2.26785
2.2969
2.32593
2.35394
2.38213
2.40908
2.43664
2.46273
2.48976
2.5151
2.54128
2.56567
2.59105
2.61448
2.63902
2.66174
2.68529
2.70707
2.72949
2.75036
2.77174
2.7917
2.81181
2.83054
2.84928
2.86684
2.88432
2.90073
2.91711
2.93232
2.94768
2.96204
2.97614
2.98982
3.00262
3.01498
3.02648
3.03741
3.04705
3.05703
3.06467
3.07328
3.07948
3.08639
3.09087
3.09662
3.09963
3.10453
3.10484
2.9975
2.9945
2.98547
2.96674
2.91595
2.80143
2.52411
2.13362
1.88023
1.80848
1.79457
1.79798
1.80749
1.82367
1.84661
1.87035
1.89278
1.91365
1.93398
1.95501
1.97619
1.99761
2.01847
2.0388
2.05813
2.07662
2.09205
2.10143
2.10112
2.08876
2.05997
1.99769
1.89473
1.76142
1.70585
1.72983
1.7601
1.79779
1.84145
1.88139
1.9209
1.95895
1.99564
2.03113
2.0653
2.09866
2.13113
2.1629
2.19387
2.2243
2.25398
2.2834
2.31227
2.34104
2.36897
2.39711
2.42425
2.45196
2.47833
2.50549
2.53087
2.55721
2.58176
2.60729
2.63111
2.65566
2.67858
2.70223
2.72426
2.74679
2.76769
2.78896
2.80872
2.82872
2.84749
2.8663
2.88416
2.90195
2.91881
2.93565
2.95159
2.96722
2.98256
2.99677
3.01114
3.02406
3.037
3.04834
3.06002
3.06958
3.07981
3.08785
3.09669
3.10299
3.11063
3.11525
3.12155
3.12496
3.1303
3.13148
2.99903
2.99739
2.99414
2.98486
2.96472
2.91241
2.79206
2.50944
2.13174
1.89887
1.83469
1.82225
1.82604
1.83561
1.85168
1.8739
1.89694
1.91894
1.93951
1.95933
1.97958
1.99985
2.0194
2.03788
2.05298
2.06221
2.06205
2.05113
2.02575
1.97053
1.88212
1.74581
1.66523
1.67358
1.70433
1.74062
1.78709
1.82853
1.86972
1.90917
1.94657
1.98272
2.01784
2.05161
2.08463
2.11672
2.14833
2.17929
2.20974
2.23962
2.26905
2.2983
2.32701
2.35563
2.38355
2.41167
2.43881
2.46649
2.49291
2.51998
2.54548
2.57174
2.59633
2.62163
2.64536
2.66972
2.69251
2.71583
2.73774
2.76008
2.78114
2.80241
2.82243
2.84259
2.86166
2.88085
2.89907
2.91724
2.93465
2.95165
2.96834
2.98405
2.99988
3.01433
3.02889
3.04201
3.05526
3.06662
3.07874
3.08837
3.09915
3.10732
3.11667
3.12323
3.1314
3.13634
3.14304
3.14703
3.15241
3.15399
2.99956
2.99895
2.99743
2.9937
2.98502
2.96266
2.91213
2.78595
2.50593
2.14054
1.9203
1.86097
1.84956
1.85344
1.86291
1.87861
1.89999
1.92201
1.94306
1.96293
1.98146
1.99943
2.01487
2.02447
2.02448
2.01429
1.99011
1.93907
1.85935
1.73603
1.63326
1.6163
1.64892
1.68503
1.73227
1.77493
1.81824
1.85904
1.89702
1.93388
1.96939
2.00389
2.03714
2.06968
2.10152
2.1329
2.16376
2.19427
2.22424
2.25397
2.28334
2.31248
2.34111
2.36961
2.3975
2.42547
2.45267
2.48017
2.50644
2.53317
2.55847
2.58438
2.60873
2.63373
2.65721
2.68133
2.70402
2.72722
2.749
2.77125
2.79218
2.8135
2.83358
2.85393
2.87321
2.89267
2.91124
2.92968
2.94768
2.96479
2.98223
2.998
3.0143
3.02904
3.04373
3.05708
3.07062
3.08209
3.09457
3.10453
3.11565
3.1242
3.1343
3.14117
3.15017
3.15573
3.16316
3.16793
3.17377
3.17619
2.99983
2.99957
2.99892
2.99746
2.99353
2.9852
2.96215
2.91267
2.78566
2.51085
2.15771
1.94425
1.88727
1.87644
1.87997
1.8891
1.9038
1.92374
1.94388
1.96254
1.97778
1.98677
1.98704
1.97781
1.95386
1.90552
1.82963
1.71785
1.60924
1.56461
1.59448
1.63008
1.67435
1.72024
1.76626
1.80888
1.84748
1.88443
1.92054
1.95528
1.98895
2.02171
2.0538
2.08543
2.11658
2.14746
2.17801
2.20822
2.23816
2.26783
2.2971
2.32605
2.3545
2.38278
2.41047
2.4382
2.4651
2.49214
2.51809
2.54442
2.5694
2.59491
2.61893
2.64365
2.66697
2.69092
2.71356
2.73664
2.75853
2.78067
2.8017
2.82303
2.84337
2.86391
2.88353
2.90318
2.92214
2.94061
2.95896
2.97613
2.99358
3.00961
3.02574
3.04057
3.05551
3.06875
3.08279
3.09449
3.10746
3.11789
3.1297
3.13858
3.14936
3.15668
3.16616
3.1722
3.17998
3.18552
3.19169
3.19441
2.99994
2.99982
2.99959
2.9989
2.99759
2.99347
2.98579
2.96243
2.9151
2.78988
2.52411
2.18242
1.97042
1.91314
1.90261
1.9051
1.91209
1.92359
1.94005
1.95102
1.95135
1.94153
1.91572
1.87125
1.79519
1.69297
1.58471
1.51951
1.54236
1.57509
1.61656
1.66619
1.71422
1.75814
1.7975
1.83486
1.87094
1.90593
1.93984
1.97274
2.00504
2.03683
2.06833
2.09949
2.1305
2.16119
2.19157
2.22165
2.25137
2.28077
2.30972
2.33835
2.36646
2.3944
2.42172
2.44907
2.47556
2.50227
2.52786
2.55385
2.5785
2.60375
2.62763
2.65216
2.6754
2.69919
2.72182
2.74488
2.76688
2.78924
2.81055
2.83214
2.85275
2.87353
2.89344
2.9132
2.93243
2.95094
2.96946
2.98663
3.00413
3.02011
3.03625
3.051
3.06606
3.07933
3.09362
3.10557
3.11887
3.12958
3.14183
3.15102
3.16222
3.16989
3.17982
3.18627
3.1945
3.20061
3.20731
3.2103
2.99998
2.99994
2.99982
2.99961
2.99894
2.99767
2.99381
2.98611
2.96454
2.91783
2.79975
2.54446
2.21473
1.99782
1.93729
1.92673
1.92204
1.92242
1.9186
1.90674
1.87876
1.8308
1.75573
1.66138
1.55822
1.48404
1.49247
1.52216
1.56251
1.61388
1.66189
1.70534
1.74591
1.78459
1.82101
1.85596
1.88988
1.92313
1.95568
1.98779
2.0195
2.0509
2.08202
2.11298
2.1437
2.17411
2.20421
2.23395
2.26332
2.29231
2.32087
2.34909
2.37687
2.40444
2.43147
2.45846
2.48472
2.51115
2.53661
2.56245
2.5871
2.61233
2.6363
2.6609
2.68429
2.70819
2.73102
2.75422
2.77645
2.79895
2.82051
2.84226
2.86306
2.88392
2.90398
2.92371
2.94307
2.96147
2.98008
2.9972
3.01463
3.03066
3.04681
3.06162
3.0769
3.09028
3.10483
3.11695
3.13048
3.14132
3.15377
3.16308
3.17446
3.18229
3.19243
3.19909
3.20755
3.21396
3.22105
3.22409
3
2.99998
2.99994
2.99984
2.99962
2.99903
2.99771
2.9944
2.98643
2.96763
2.92112
2.81362
2.56856
2.25272
2.02339
1.95621
1.92915
1.8995
1.85781
1.79691
1.71437
1.62137
1.50354
1.43545
1.4328
1.46105
1.50021
1.55225
1.60251
1.64897
1.69151
1.73081
1.76737
1.80226
1.83624
1.86986
1.90317
1.93609
1.96858
2.00056
2.03211
2.0633
2.09429
2.12501
2.15543
2.18555
2.21535
2.24484
2.27394
2.30268
2.33097
2.35896
2.38653
2.41395
2.44089
2.46783
2.49412
2.52063
2.54623
2.57225
2.59712
2.62256
2.64676
2.67151
2.69512
2.71916
2.74221
2.76552
2.78795
2.81055
2.83224
2.85404
2.8749
2.89571
2.91578
2.93535
2.95477
2.97301
2.99162
3.00866
3.02599
3.04194
3.05795
3.07258
3.08774
3.10094
3.1153
3.12722
3.14052
3.15109
3.16332
3.17241
3.18368
3.19142
3.20162
3.20835
3.21698
3.22371
3.23112
3.2344
3
3
2.99998
2.99994
2.99985
2.99963
2.99912
2.99776
2.99491
2.98692
2.97054
2.92563
2.82872
2.60174
2.29165
2.01699
1.91307
1.81673
1.69733
1.56652
1.46637
1.40214
1.39288
1.41793
1.45312
1.5016
1.54865
1.59276
1.63544
1.67554
1.71268
1.74774
1.78191
1.81569
1.84936
1.88283
1.91606
1.94889
1.98125
2.01316
2.04466
2.07583
2.10663
2.13712
2.16726
2.19709
2.2266
2.25582
2.2847
2.3133
2.34153
2.36949
2.39703
2.42443
2.45136
2.47832
2.50465
2.53118
2.5568
2.58278
2.60764
2.63301
2.6572
2.6819
2.70552
2.72945
2.75246
2.77563
2.79796
2.82038
2.84194
2.86354
2.88422
2.90481
2.92465
2.94398
2.96309
2.98099
2.9992
3.01585
3.03282
3.04844
3.06423
3.07869
3.09372
3.10684
3.12114
3.13305
3.14635
3.15707
3.16939
3.17876
3.19018
3.1982
3.20859
3.21547
3.22439
3.23101
3.23878
3.24171
3.00001
3
3
2.99998
2.99994
2.99982
2.99958
2.99895
2.99748
2.99395
2.98523
2.96532
2.91578
2.80643
2.56167
2.19471
1.89721
1.59208
1.43333
1.31266
1.29383
1.3195
1.36424
1.42821
1.48615
1.53195
1.57178
1.61146
1.65023
1.68687
1.72162
1.75578
1.79031
1.82524
1.8602
1.89477
1.92874
1.96204
1.99471
2.02683
2.05849
2.08973
2.12058
2.15102
2.18106
2.21073
2.24009
2.26915
2.29794
2.32645
2.35464
2.38259
2.41016
2.4376
2.46459
2.49157
2.5179
2.54437
2.56992
2.59579
2.62054
2.64577
2.66985
2.69441
2.71794
2.74178
2.76474
2.78783
2.81012
2.83242
2.85389
2.87532
2.89585
2.91626
2.93592
2.9551
2.97402
2.99183
3.00991
3.02649
3.04338
3.05893
3.07462
3.08895
3.10383
3.11678
3.13088
3.1426
3.15569
3.1662
3.17829
3.18744
3.19861
3.20643
3.2166
3.2233
3.23208
3.23854
3.24631
3.24906
)
;

boundaryField
{
    inlet
    {
        type            calculated;
        value           uniform 3.00001;
    }
    outlet
    {
        type            calculated;
        value           nonuniform List<scalar> 
40
(
1.83089
1.90323
2.00139
2.07788
2.14579
2.20364
2.25923
2.31196
2.36416
2.41321
2.45425
2.48365
2.51837
2.565
2.61383
2.65937
2.7026
2.74343
2.78208
2.81721
2.8488
2.87653
2.90051
2.92243
2.94706
2.97564
3.00468
3.03055
3.05385
3.07803
3.10484
3.13148
3.15399
3.17619
3.19441
3.2103
3.22409
3.2344
3.24171
3.24906
)
;
    }
    top
    {
        type            symmetryPlane;
    }
    bottom
    {
        type            symmetryPlane;
    }
    obstacle
    {
        type            calculated;
        value           nonuniform List<scalar> 
110
(
0.0277147
0.0591499
0.10182
0.146874
0.19381
0.245546
0.306122
0.380282
0.480615
0.645429
0.853795
1.17622
1.32731
1.35009
1.30735
1.24505
1.17447
1.14334
1.1377
1.14462
1.15421
1.16488
1.17162
1.17618
1.18077
1.18657
1.19385
1.20269
1.21234
1.22252
1.23293
1.24339
1.25393
1.26461
1.27545
1.28643
1.29749
1.30855
1.31958
1.33055
1.34147
1.35233
1.36307
1.37368
1.38416
1.39457
1.40494
1.41528
1.42557
1.43574
1.44577
1.4556
1.46521
1.47457
1.48367
1.49253
1.50117
1.50957
1.51775
1.52569
1.53338
1.54079
1.54789
1.55467
1.56114
1.56729
1.57316
1.57876
1.58418
1.5894
1.59455
1.59946
1.60432
1.60898
1.61356
1.61773
1.62145
1.62491
1.62807
1.63055
1.6327
1.63467
1.63632
1.6386
1.64067
1.64278
1.64475
1.64684
1.64867
1.65019
1.65148
1.6524
1.65301
1.65345
1.65386
1.65475
1.65555
1.65661
1.65783
1.65991
1.66235
1.66662
1.67203
1.68267
1.69335
1.71471
1.73126
1.76309
1.78304
1.83089
)
;
    }
    frontAndBack
    {
        type            empty;
    }
}


// ************************************************************************* //
