/*--------------------------------*- C++ -*----------------------------------*\
  =========                 |
  \\      /  F ield         | OpenFOAM: The Open Source CFD Toolbox
   \\    /   O peration     | Website:  https://openfoam.org
    \\  /    A nd           | Version:  13
     \\/     M anipulation  |
\*---------------------------------------------------------------------------*/
FoamFile
{
    format      ascii;
    class       volScalarField;
    location    "1";
    object      rho;
}
// * * * * * * * * * * * * * * * * * * * * * * * * * * * * * * * * * * * * * //

dimensions      [1 -3 0 0 0 0 0];

internalField   nonuniform List<scalar> 
5250
(
1.40001
1.40001
1.40002
1.40005
1.40013
1.40027
1.40075
1.40164
1.40454
1.41023
1.42705
1.46224
1.55065
1.73325
2.14292
3.54802
6.31665
5.89324
5.70888
5.73961
5.80698
5.85979
5.90108
5.89427
5.55542
1.40001
1.40001
1.40002
1.40005
1.40012
1.40028
1.40071
1.40172
1.40426
1.41057
1.42579
1.46251
1.5471
1.7294
2.12831
3.49595
6.31681
5.89663
5.70847
5.73874
5.8055
5.85767
5.89916
5.89314
5.55428
1.40001
1.40001
1.40002
1.40004
1.40012
1.40026
1.40073
1.40157
1.40437
1.40976
1.42595
1.45935
1.54407
1.71884
2.09942
3.38732
6.30972
5.8992
5.70285
5.73056
5.7938
5.84297
5.88357
5.8782
5.54112
1.40001
1.40001
1.40002
1.40004
1.40012
1.40025
1.4007
1.40151
1.40423
1.40937
1.42503
1.45697
1.53852
1.70619
2.06134
3.23888
6.27269
5.89255
5.68981
5.71369
5.77049
5.81597
5.85474
5.84847
5.51524
1.40001
1.40001
1.40002
1.40004
1.40011
1.40024
1.40067
1.40145
1.40403
1.40897
1.42384
1.45445
1.53235
1.69319
2.02865
3.11376
6.15952
5.86496
5.67082
5.68958
5.73716
5.7772
5.81551
5.81472
5.49248
1.40001
1.40001
1.40002
1.40004
1.40011
1.40022
1.40063
1.40136
1.4038
1.40844
1.42253
1.4514
1.52539
1.67825
1.99788
2.97961
5.98594
5.8109
5.64812
5.65959
5.69128
5.72594
5.76102
5.7567
5.44325
1.40001
1.40001
1.40002
1.40004
1.4001
1.40022
1.40057
1.40133
1.40341
1.40817
1.42045
1.44885
1.51652
1.66224
1.96103
2.83531
5.76992
5.74062
5.62627
5.62221
5.62541
5.65562
5.68519
5.6833
5.39445
1.40001
1.40001
1.40002
1.40003
1.40009
1.40019
1.40053
1.4012
1.40316
1.4074
1.41891
1.44467
1.50781
1.64289
1.92809
2.69287
5.48015
5.67222
5.59736
5.57051
5.54972
5.56404
5.58703
5.577
5.29502
1.40001
1.40001
1.40002
1.40003
1.40008
1.40018
1.40047
1.40109
1.4028
1.40675
1.41684
1.44071
1.49722
1.62182
1.88635
2.54721
5.10584
5.62495
5.55475
5.48689
5.46056
5.46282
5.46222
5.4423
5.18372
1.40001
1.40001
1.40001
1.40003
1.40006
1.40018
1.40037
1.40105
1.40227
1.40633
1.41408
1.43716
1.48463
1.60007
1.83621
2.40584
4.63758
5.59676
5.52772
5.40744
5.38236
5.34376
5.31337
5.24284
4.89853
1.40001
1.40001
1.40001
1.40002
1.40006
1.40013
1.40037
1.40077
1.40221
1.40479
1.41329
1.42975
1.47592
1.57126
1.78468
2.26601
4.09524
5.59526
5.5166
5.33264
5.26696
5.19807
5.08954
4.8828
4.09963
1.40001
1.40001
1.40001
1.40002
1.40005
1.40013
1.40026
1.40074
1.4016
1.40447
1.40991
1.42654
1.46041
1.54699
1.72363
2.13667
3.45887
5.56041
5.4845
5.27917
5.17629
5.07825
4.90084
4.60228
3.83278
1.40001
1.40001
1.40001
1.40002
1.40004
1.40009
1.40025
1.40053
1.40145
1.40328
1.4087
1.42019
1.4508
1.51743
1.66787
1.98873
2.84848
5.43713
5.4202
5.25934
5.08703
4.94582
4.72841
4.40195
3.83859
1.40001
1.40001
1.40001
1.40002
1.40003
1.40008
1.40018
1.40046
1.40113
1.40274
1.40697
1.41657
1.44142
1.49689
1.62346
1.88737
2.5462
4.98143
5.2658
5.18145
4.99052
4.8149
4.58138
4.24877
3.83787
1.40001
1.40001
1.40001
1.40001
1.40003
1.40006
1.40015
1.40038
1.40086
1.40233
1.40522
1.41406
1.43205
1.4802
1.58203
1.80535
2.30347
4.27237
5.17199
5.12083
4.94711
4.73635
4.50104
4.17691
3.82463
1.40001
1.40001
1.40001
1.40001
1.40002
1.40005
1.40012
1.40027
1.40073
1.40162
1.40448
1.4099
1.42656
1.4604
1.5464
1.72274
2.12351
3.47242
5.09744
5.06443
4.93253
4.68312
4.45735
4.15811
3.82611
1.40001
1.40001
1.40001
1.40001
1.40002
1.40004
1.40008
1.40023
1.40048
1.40136
1.40297
1.40815
1.41832
1.44732
1.50757
1.64891
1.93505
2.68321
4.91908
5.00089
4.9031
4.6549
4.40745
4.12834
3.82755
1.40001
1.40001
1.40001
1.40001
1.40002
1.40003
1.40007
1.40016
1.40039
1.40098
1.4023
1.40598
1.41394
1.43543
1.48239
1.59256
1.82005
2.34122
4.32977
4.90859
4.85386
4.66548
4.39704
4.1325
3.85152
1.40001
1.40001
1.40001
1.40001
1.40001
1.40002
1.40005
1.40011
1.4003
1.40065
1.40181
1.40405
1.4108
1.4249
1.46249
1.54315
1.72283
2.10471
3.44628
4.79994
4.76941
4.65371
4.39744
4.12457
3.85993
1.40001
1.40001
1.40001
1.40001
1.40001
1.40002
1.40004
1.40009
1.4002
1.4005
1.4012
1.40294
1.40736
1.41757
1.44343
1.50146
1.63182
1.89113
2.55181
4.54841
4.73077
4.65036
4.44223
4.16101
3.89459
1.40001
1.40001
1.40001
1.40001
1.40001
1.40001
1.40003
1.40006
1.40015
1.40032
1.4009
1.40192
1.40538
1.41174
1.43146
1.47064
1.56993
1.76752
2.20247
3.85234
4.65683
4.61027
4.46969
4.19173
3.9182
1.40001
1.40001
1.40001
1.40001
1.40001
1.40001
1.40002
1.40004
1.40009
1.40024
1.40053
1.40146
1.40316
1.40875
1.41938
1.45027
1.51408
1.66269
1.95521
2.8153
4.46327
4.55453
4.47771
4.26537
3.97421
1.40001
1.40001
1.40001
1.40001
1.40001
1.40001
1.40002
1.40003
1.40007
1.40015
1.40038
1.40091
1.40223
1.40557
1.4133
1.43317
1.47765
1.58157
1.78953
2.25201
3.94266
4.51703
4.47194
4.32321
4.03526
1.40001
1.40001
1.40001
1.40001
1.40001
1.40001
1.40001
1.40002
1.40004
1.40011
1.40023
1.40063
1.40135
1.4038
1.40821
1.42231
1.44992
1.52305
1.67022
1.97696
2.92816
4.31937
4.40054
4.33709
4.15255
1.40001
1.40001
1.40001
1.40001
1.40001
1.40001
1.40001
1.40001
1.40003
1.40006
1.40017
1.40035
1.40097
1.40214
1.40574
1.41309
1.4336
1.47696
1.58189
1.78124
2.24187
3.83477
4.37128
4.32282
4.20851
1.40001
1.40001
1.40001
1.40001
1.40001
1.40001
1.40001
1.40001
1.40002
1.40005
1.40009
1.40024
1.40054
1.40142
1.40332
1.40843
1.42008
1.44927
1.51468
1.6581
1.94287
2.78431
4.15708
4.29073
4.23782
1.40001
1.40001
1.40001
1.40001
1.40001
1.40001
1.40001
1.40001
1.40002
1.40003
1.40006
1.40014
1.40036
1.40083
1.40208
1.40509
1.41233
1.43036
1.47137
1.56679
1.75225
2.16687
3.61113
4.23055
4.19835
1.40001
1.40001
1.40001
1.40001
1.40001
1.40001
1.40001
1.40001
1.40001
1.40002
1.40004
1.40008
1.40022
1.40047
1.4013
1.40279
1.40765
1.41685
1.44377
1.49778
1.62562
1.84733
2.47823
3.98849
4.19205
1.40001
1.40001
1.40001
1.40001
1.40001
1.40001
1.40001
1.40001
1.40001
1.40001
1.40003
1.40005
1.40013
1.40028
1.40077
1.40164
1.40456
1.40994
1.42646
1.45927
1.54348
1.70418
2.05104
3.26181
4.05867
1.40001
1.40001
1.40001
1.40001
1.40001
1.40001
1.40001
1.40001
1.40001
1.40001
1.40002
1.40003
1.40008
1.40016
1.40044
1.40094
1.40262
1.40557
1.41534
1.43347
1.48448
1.58494
1.7745
2.24823
3.68976
1.40001
1.40001
1.40001
1.40001
1.40001
1.40001
1.40001
1.40001
1.40001
1.40001
1.40001
1.40002
1.40004
1.4001
1.40023
1.40055
1.40137
1.40322
1.40829
1.41908
1.44803
1.50932
1.64476
1.90385
2.69913
1.40001
1.40001
1.40001
1.40001
1.40001
1.40001
1.40001
1.40001
1.40001
1.40001
1.40001
1.40001
1.40002
1.40006
1.40012
1.40032
1.40072
1.40186
1.40438
1.41093
1.42629
1.46276
1.54608
1.70571
2.06588
1.40001
1.40001
1.40001
1.40001
1.40001
1.40001
1.40001
1.40001
1.40001
1.40001
1.40001
1.40001
1.40002
1.40003
1.40007
1.40018
1.40037
1.40104
1.40221
1.40611
1.41332
1.43498
1.47772
1.58139
1.75372
1.40001
1.40001
1.40001
1.40001
1.40001
1.40001
1.40001
1.40001
1.40001
1.40001
1.40001
1.40001
1.40001
1.40002
1.40004
1.40009
1.40021
1.40051
1.4012
1.40308
1.407
1.41817
1.44114
1.50063
1.61576
1.40001
1.40001
1.40001
1.40001
1.40001
1.40001
1.40001
1.40001
1.40001
1.40001
1.40001
1.40001
1.40001
1.40001
1.40002
1.40005
1.40012
1.40025
1.40068
1.40144
1.404
1.40862
1.42331
1.45129
1.52655
1.40001
1.40001
1.40001
1.40001
1.40001
1.40001
1.40001
1.40001
1.40001
1.40001
1.40001
1.40001
1.40001
1.40001
1.40001
1.40003
1.40006
1.40014
1.40031
1.40082
1.40183
1.40481
1.41098
1.42793
1.46388
1.40001
1.40001
1.40001
1.40001
1.40001
1.40001
1.40001
1.40001
1.40001
1.40001
1.40001
1.40001
1.40001
1.40001
1.40001
1.40002
1.40003
1.40007
1.40016
1.40041
1.40089
1.40243
1.40521
1.41419
1.43083
1.40001
1.40001
1.40001
1.40001
1.40001
1.40001
1.40001
1.40001
1.40001
1.40001
1.40001
1.40001
1.40001
1.40001
1.40001
1.40001
1.40002
1.40003
1.40009
1.40018
1.40049
1.40103
1.40282
1.4061
1.41618
1.40001
1.40001
1.40001
1.40001
1.40001
1.40001
1.40001
1.40001
1.40001
1.40001
1.40001
1.40001
1.40001
1.40001
1.40001
1.40001
1.40001
1.40002
1.40004
1.40009
1.40022
1.4005
1.40132
1.40286
1.4078
1.40001
1.40001
1.40001
1.40001
1.40001
1.40001
1.40001
1.40001
1.40001
1.40001
1.40001
1.40001
1.40001
1.40001
1.40001
1.40001
1.40001
1.40001
1.40002
1.40005
1.4001
1.40026
1.40056
1.4015
1.40323
1.40001
1.40001
1.40001
1.40001
1.40001
1.40001
1.40001
1.40001
1.40001
1.40001
1.40001
1.40001
1.40001
1.40001
1.40001
1.40001
1.40001
1.40001
1.40001
1.40002
1.40005
1.40011
1.40028
1.40065
1.40157
1.40001
1.40001
1.40001
1.40001
1.40001
1.40001
1.40001
1.40001
1.40001
1.40001
1.40001
1.40001
1.40001
1.40001
1.40001
1.40001
1.40001
1.40001
1.40001
1.40001
1.40003
1.40005
1.40013
1.40029
1.40073
1.40001
1.40001
1.40001
1.40001
1.40001
1.40001
1.40001
1.40001
1.40001
1.40001
1.40001
1.40001
1.40001
1.40001
1.40001
1.40001
1.40001
1.40001
1.40001
1.40001
1.40001
1.40003
1.40006
1.40014
1.4003
1.40001
1.40001
1.40001
1.40001
1.40001
1.40001
1.40001
1.40001
1.40001
1.40001
1.40001
1.40001
1.40001
1.40001
1.40001
1.40001
1.40001
1.40001
1.40001
1.40001
1.40001
1.40001
1.40003
1.40006
1.40015
1.40001
1.40001
1.40001
1.40001
1.40001
1.40001
1.40001
1.40001
1.40001
1.40001
1.40001
1.40001
1.40001
1.40001
1.40001
1.40001
1.40001
1.40001
1.40001
1.40001
1.40001
1.40001
1.40001
1.40003
1.40006
1.40001
1.40001
1.40001
1.40001
1.40001
1.40001
1.40001
1.40001
1.40001
1.40001
1.40001
1.40001
1.40001
1.40001
1.40001
1.40001
1.40001
1.40001
1.40001
1.40001
1.40001
1.40001
1.40001
1.40001
1.40003
1.40001
1.40001
1.40001
1.40001
1.40001
1.40001
1.40001
1.40001
1.40001
1.40001
1.40001
1.40001
1.40001
1.40001
1.40001
1.40001
1.40001
1.40001
1.40001
1.40001
1.40001
1.40001
1.40001
1.40001
1.40001
1.40001
1.40001
1.40001
1.40001
1.40001
1.40001
1.40001
1.40001
1.40001
1.40001
1.40001
1.40001
1.40001
1.40001
1.40001
1.40001
1.40001
1.40001
1.40001
1.40001
1.40001
1.40001
1.40001
1.40001
1.40001
1.40001
1.40001
1.40001
1.40001
1.40001
1.40001
1.40001
1.40001
1.40001
1.40001
1.40001
1.40001
1.40001
1.40001
1.40001
1.40001
1.40001
1.40001
1.40001
1.40001
1.40001
1.40001
1.40001
1.40001
1.40001
1.40001
1.40001
1.40001
1.40001
1.40001
1.40001
1.40001
1.40001
1.40001
1.40001
1.40001
1.40001
1.40001
1.40001
1.40001
1.40001
1.40001
1.40001
1.40001
1.40001
1.40001
1.40001
1.40001
1.40001
1.40001
1.75533
0.958321
0.663222
0.580873
0.576397
0.602041
0.662721
0.721974
0.736211
0.734928
0.729413
0.717862
0.709491
0.706099
0.704489
0.702841
0.700488
0.697055
0.692716
0.688006
0.683192
0.678374
0.673587
0.668815
0.663985
0.658999
0.653802
0.648357
0.642663
0.636784
0.630804
0.624764
0.618679
0.61257
0.6065
0.600538
0.594745
0.589127
0.583692
0.578416
0.57329
0.568277
0.563383
0.558617
0.553998
0.549549
0.545293
0.541245
0.537409
0.533784
0.530363
0.527134
0.524088
0.521214
0.518531
0.516034
0.513747
0.511675
0.509876
0.508336
0.507141
0.506163
0.50553
0.505135
0.505031
0.505024
0.505073
0.505293
0.505652
0.505927
0.506341
0.506926
0.507608
0.508895
0.510311
0.511859
0.51345
0.515375
0.517454
0.519631
0.521694
0.523561
0.525259
0.526826
0.528347
0.530008
0.53157
0.533151
0.534789
0.53663
0.538357
0.541531
0.544438
0.551544
0.5572
0.570997
0.580301
0.601659
0.615125
0.651398
2.21037
1.43285
1.08967
0.940655
0.872194
0.825183
0.797777
0.798058
0.801392
0.808677
0.82407
0.825071
0.823498
0.819849
0.812709
0.805634
0.799682
0.794735
0.79038
0.786056
0.781407
0.776452
0.771305
0.766044
0.760698
0.755257
0.749689
0.743941
0.737943
0.731646
0.725056
0.718222
0.711199
0.704084
0.696974
0.689898
0.682901
0.676021
0.669304
0.662772
0.656612
0.650712
0.645115
0.639621
0.634281
0.628983
0.623772
0.618629
0.613559
0.608623
0.603814
0.599151
0.594689
0.590376
0.586322
0.582475
0.57888
0.575537
0.572458
0.569489
0.566938
0.564386
0.562313
0.560322
0.558731
0.557549
0.556565
0.555677
0.555534
0.555294
0.555589
0.555616
0.556338
0.556896
0.557933
0.558503
0.559346
0.560247
0.561572
0.563465
0.565257
0.56783
0.570118
0.573156
0.575829
0.579027
0.581577
0.584727
0.587236
0.590327
0.592692
0.59576
0.59812
0.60144
0.603869
0.608089
0.611319
0.618501
0.624586
0.642767
2.78674
2.0293
1.55524
1.25525
1.06591
0.941842
0.867299
0.836121
0.837061
0.841659
0.851581
0.869519
0.876155
0.875622
0.873098
0.869307
0.862542
0.855683
0.849879
0.844811
0.840056
0.835382
0.830684
0.825871
0.820818
0.815411
0.809602
0.803406
0.796855
0.789951
0.782704
0.775214
0.767595
0.759853
0.752025
0.744243
0.736616
0.729161
0.721907
0.71486
0.708071
0.701598
0.695416
0.689411
0.683533
0.677782
0.672075
0.66644
0.660935
0.655546
0.650287
0.645177
0.640226
0.635441
0.63082
0.626343
0.622042
0.617931
0.613974
0.610243
0.606806
0.603657
0.600775
0.59809
0.595692
0.593605
0.592023
0.590507
0.589514
0.588809
0.588443
0.587973
0.588085
0.588289
0.588953
0.589348
0.58984
0.59057
0.59133
0.592889
0.594008
0.595935
0.597423
0.599997
0.601963
0.605224
0.607673
0.611401
0.614314
0.618508
0.621675
0.625952
0.629042
0.633383
0.63633
0.641268
0.64465
0.65143
0.65639
0.670423
3.12533
2.45224
1.94359
1.58444
1.34111
1.17301
1.06474
0.99245
0.947019
0.920185
0.916331
0.915391
0.917891
0.92376
0.927943
0.926529
0.92523
0.922279
0.916289
0.909674
0.903734
0.898201
0.892883
0.88749
0.881768
0.875564
0.868827
0.861624
0.854059
0.84624
0.838263
0.830199
0.822097
0.814029
0.806067
0.79826
0.790622
0.783094
0.775579
0.768094
0.760716
0.753423
0.74616
0.738953
0.731875
0.725006
0.718428
0.712154
0.706192
0.700583
0.695221
0.689959
0.684832
0.679853
0.675
0.670158
0.665224
0.660242
0.655366
0.650591
0.645961
0.641577
0.637602
0.634006
0.630768
0.62791
0.625337
0.623026
0.621155
0.619448
0.618018
0.616937
0.616027
0.615495
0.615287
0.615127
0.615083
0.615246
0.615694
0.616741
0.617693
0.619224
0.620457
0.622576
0.624241
0.627147
0.62938
0.633036
0.635975
0.640419
0.643907
0.6487
0.652191
0.656931
0.660142
0.6651
0.668328
0.674593
0.679097
0.691948
3.30257
2.7496
2.27022
1.89643
1.61734
1.41091
1.25744
1.14437
1.06437
1.00607
0.970819
0.953634
0.953183
0.953357
0.956545
0.961397
0.964801
0.964548
0.963524
0.960912
0.955308
0.948088
0.940714
0.933368
0.92608
0.918821
0.911545
0.904205
0.896774
0.889261
0.881676
0.874004
0.866232
0.85835
0.850335
0.842188
0.83398
0.825764
0.817534
0.809262
0.801004
0.79286
0.784927
0.777291
0.770005
0.763076
0.756471
0.750069
0.743869
0.737814
0.731909
0.726111
0.720304
0.714388
0.708324
0.702145
0.695956
0.689886
0.684023
0.678482
0.673359
0.668717
0.664499
0.660595
0.657179
0.654086
0.651283
0.648721
0.646388
0.644105
0.642191
0.640339
0.638545
0.637316
0.636702
0.635818
0.635047
0.634782
0.634928
0.635649
0.636442
0.637672
0.63879
0.640754
0.642325
0.645121
0.647248
0.650917
0.653702
0.658261
0.66166
0.666728
0.670264
0.675529
0.679017
0.684862
0.688611
0.69628
0.701502
0.716529
3.41226
2.95632
2.52855
2.16595
1.87341
1.64358
1.46439
1.32636
1.22044
1.14098
1.08295
1.04048
1.0138
0.998821
0.994135
0.9941
0.994397
0.997229
0.998062
0.997231
0.995766
0.992537
0.985987
0.977972
0.969614
0.961511
0.953807
0.946384
0.939092
0.931827
0.924476
0.916919
0.909091
0.900983
0.89261
0.884053
0.875418
0.866714
0.857909
0.849029
0.840183
0.831476
0.823031
0.814919
0.807207
0.799837
0.792768
0.785907
0.779282
0.772825
0.766538
0.760276
0.753898
0.747331
0.740574
0.733723
0.726914
0.720277
0.713914
0.707884
0.702286
0.69717
0.692482
0.688151
0.684206
0.680516
0.677102
0.673686
0.670647
0.667765
0.665024
0.662399
0.660322
0.658563
0.657032
0.655897
0.65506
0.654352
0.654178
0.654671
0.655387
0.656514
0.657582
0.659367
0.660857
0.663554
0.665636
0.669255
0.671973
0.67638
0.679565
0.684559
0.687986
0.693466
0.696979
0.703387
0.707427
0.715967
0.721595
0.737978
3.47831
3.10187
2.72873
2.39038
2.1
1.8597
1.66353
1.50552
1.37802
1.27674
1.19568
1.13296
1.08523
1.05037
1.02882
1.01757
1.01173
1.01096
1.01044
1.00998
1.00959
1.0088
1.00687
1.00279
0.996196
0.988948
0.981699
0.974596
0.967552
0.960506
0.953445
0.946294
0.938895
0.931112
0.922914
0.914399
0.905701
0.896818
0.887709
0.878462
0.869269
0.860292
0.85167
0.843459
0.835646
0.828237
0.821197
0.814364
0.807667
0.80112
0.794675
0.788195
0.781425
0.774351
0.767121
0.759894
0.752827
0.746085
0.739745
0.733865
0.728455
0.723474
0.718895
0.71457
0.710572
0.706731
0.70302
0.699204
0.695662
0.692161
0.688908
0.685777
0.683002
0.680802
0.679045
0.677436
0.675825
0.675081
0.674783
0.674971
0.675454
0.676363
0.677463
0.679058
0.680566
0.682885
0.684939
0.688271
0.690877
0.695097
0.69822
0.703208
0.706566
0.712424
0.716125
0.723551
0.728216
0.73844
0.745022
0.764366
3.53722
3.20703
2.87902
2.57222
2.29526
2.05528
1.85098
1.68039
1.53873
1.42149
1.3256
1.24689
1.18344
1.1341
1.09558
1.06604
1.04721
1.03535
1.02907
1.02611
1.02481
1.02436
1.0237
1.02242
1.0199
1.01487
1.00855
1.00141
0.993824
0.986038
0.978193
0.970354
0.962481
0.954452
0.946187
0.937703
0.929059
0.920321
0.911569
0.9029
0.894426
0.886276
0.878539
0.87122
0.864282
0.857612
0.850958
0.844178
0.837369
0.830609
0.823771
0.816624
0.809158
0.801547
0.793969
0.786577
0.779485
0.772813
0.766612
0.760861
0.755516
0.750593
0.745993
0.741571
0.737256
0.73302
0.728834
0.724576
0.720581
0.716811
0.713382
0.710111
0.70731
0.705203
0.703398
0.701836
0.700334
0.699509
0.699178
0.699416
0.699836
0.7007
0.701752
0.703299
0.705002
0.707219
0.709406
0.712278
0.714817
0.71868
0.721665
0.726717
0.730067
0.736526
0.740525
0.749101
0.754406
0.766262
0.773637
0.796139
3.58159
3.28862
2.99381
2.71278
2.45316
2.22162
2.01821
1.84241
1.6924
1.56487
1.45698
1.366
1.28934
1.22555
1.17282
1.13095
1.09739
1.07141
1.05444
1.04365
1.03727
1.03419
1.03247
1.03145
1.03035
1.02813
1.02448
1.01931
1.01286
1.00553
0.997684
0.989505
0.981116
0.972582
0.963936
0.955201
0.946446
0.937743
0.929148
0.920742
0.912648
0.904993
0.897817
0.891062
0.884642
0.878413
0.872119
0.865561
0.858797
0.851972
0.845024
0.837799
0.830306
0.822761
0.815363
0.808247
0.801492
0.795173
0.789307
0.783854
0.778748
0.773966
0.769364
0.764787
0.760223
0.755689
0.751243
0.746786
0.742658
0.738757
0.735235
0.731884
0.72914
0.727185
0.725412
0.723976
0.72289
0.722691
0.723036
0.723935
0.725199
0.72697
0.729054
0.731685
0.734591
0.738155
0.741735
0.746107
0.749919
0.754905
0.758623
0.764632
0.7685
0.776245
0.780815
0.791049
0.797053
0.810599
0.818611
0.845673
3.6321
3.36056
3.0915
2.83146
2.58714
2.36401
2.16367
1.98691
1.83158
1.69725
1.5805
1.48055
1.39441
1.3211
1.25848
1.2059
1.16182
1.12643
1.09762
1.07539
1.06009
1.05001
1.04412
1.04102
1.03915
1.03788
1.03634
1.0337
1.02968
1.02423
1.0175
1.00969
1.00109
0.992038
0.982822
0.973605
0.964532
0.955704
0.947177
0.938973
0.931123
0.92369
0.916687
0.910039
0.903636
0.897355
0.891001
0.884376
0.877489
0.870495
0.863431
0.856264
0.849023
0.84189
0.83497
0.828367
0.822064
0.81615
0.8106
0.805399
0.800398
0.795661
0.791025
0.786381
0.781682
0.7771
0.772628
0.768152
0.764002
0.760231
0.756921
0.754193
0.752051
0.750638
0.749751
0.749853
0.750687
0.752627
0.755536
0.75951
0.764269
0.770018
0.776248
0.783287
0.790452
0.798344
0.805712
0.813804
0.820517
0.828478
0.833974
0.842083
0.846803
0.856294
0.861295
0.872309
0.878542
0.892683
0.897353
0.932567
3.66558
3.41893
3.17287
2.93231
2.70322
2.48945
2.29405
2.11776
1.96026
1.82093
1.69801
1.59053
1.4963
1.41473
1.34343
1.28232
1.22954
1.1851
1.14765
1.11718
1.09284
1.07405
1.06074
1.05208
1.04653
1.04307
1.04069
1.03852
1.03592
1.03222
1.0272
1.02073
1.01318
1.0048
0.99586
0.986649
0.977601
0.96875
0.960243
0.952222
0.944741
0.937753
0.931168
0.924872
0.918718
0.912543
0.906203
0.899567
0.892616
0.885489
0.878324
0.871152
0.864091
0.85726
0.850744
0.844555
0.838649
0.833056
0.827772
0.822725
0.817799
0.812955
0.80812
0.80322
0.798315
0.793529
0.789045
0.784776
0.781116
0.778261
0.77603
0.774637
0.774455
0.77599
0.779218
0.784414
0.791494
0.800736
0.811839
0.824912
0.839117
0.85467
0.870408
0.886837
0.902176
0.917581
0.931363
0.945356
0.957194
0.96945
0.978021
0.988879
0.99493
1.00523
1.00979
1.02221
1.02342
1.03785
1.03212
1.08301
3.7183
3.48277
3.25068
3.02555
2.80893
2.60404
2.41348
2.23885
2.0804
1.93796
1.81065
1.69757
1.59721
1.50876
1.43096
1.36268
1.30311
1.25153
1.20709
1.1693
1.13759
1.11148
1.09055
1.07404
1.06172
1.05316
1.04707
1.0428
1.03936
1.03603
1.0321
1.0273
1.02158
1.01467
1.00692
0.99863
0.989881
0.981199
0.972903
0.96519
0.958068
0.951525
0.945391
0.939465
0.933582
0.927595
0.921384
0.914869
0.908018
0.900907
0.893736
0.886626
0.879672
0.872989
0.866667
0.860621
0.854867
0.849335
0.844096
0.839061
0.834089
0.82913
0.824233
0.819361
0.814624
0.810306
0.80661
0.803999
0.802383
0.801939
0.80389
0.808742
0.816847
0.828866
0.844445
0.863987
0.886678
0.912536
0.939277
0.968994
1.00008
1.03211
1.06191
1.08966
1.11285
1.13375
1.15013
1.16503
1.17533
1.18601
1.19258
1.20286
1.20726
1.22025
1.22234
1.2365
1.2333
1.24981
1.23618
1.30515
3.77153
3.5405
3.32368
3.11047
2.90544
2.7098
2.52543
2.35382
2.19548
2.05109
1.9204
1.80257
1.6974
1.6032
1.51972
1.4457
1.38027
1.3228
1.27247
1.22864
1.19061
1.15803
1.13024
1.10687
1.08781
1.0723
1.06021
1.05095
1.04378
1.03808
1.03305
1.02812
1.02284
1.0173
1.01116
1.00437
0.99718
0.989848
0.982578
0.975539
0.968884
0.962625
0.956648
0.950832
0.944983
0.938998
0.932769
0.926322
0.919616
0.912706
0.905699
0.898742
0.891942
0.885447
0.879342
0.873625
0.868079
0.862642
0.857359
0.852358
0.847502
0.842751
0.838308
0.834172
0.831115
0.829188
0.828751
0.830709
0.836431
0.847178
0.86348
0.886013
0.91465
0.949046
0.987703
1.03439
1.08387
1.13164
1.1735
1.20697
1.2305
1.24659
1.25646
1.26361
1.26733
1.27323
1.27486
1.28204
1.28292
1.29208
1.29367
1.30592
1.3085
1.32399
1.32767
1.3454
1.34948
1.36977
1.37403
1.42617
3.86953
3.62187
3.40096
3.19465
2.9964
2.80782
2.6288
2.46089
2.30438
2.15984
2.02725
1.90646
1.79708
1.69845
1.61004
1.53091
1.46046
1.39777
1.34231
1.29319
1.24986
1.21166
1.17818
1.14898
1.12376
1.10217
1.08405
1.06892
1.05652
1.04644
1.03815
1.03131
1.02532
1.0198
1.0146
1.00925
1.0037
0.997904
0.991967
0.985994
0.980073
0.974174
0.968294
0.962367
0.956334
0.950159
0.943774
0.937143
0.93037
0.923538
0.916721
0.910032
0.903612
0.897528
0.891797
0.886413
0.881258
0.876155
0.871151
0.866486
0.862426
0.858945
0.857522
0.857255
0.859035
0.86529
0.87791
0.89823
0.927358
0.965774
1.0112
1.06934
1.1347
1.19727
1.24939
1.28458
1.30409
1.31491
1.3199
1.32254
1.3235
1.32589
1.32476
1.3293
1.32773
1.33417
1.33362
1.34213
1.34244
1.35339
1.35455
1.36825
1.37101
1.3869
1.39092
1.40861
1.41325
1.43187
1.43646
1.47187
3.96385
3.70184
3.47604
3.27449
3.08438
2.90161
2.72799
2.56351
2.40883
2.26456
2.13088
2.00787
1.89542
1.79313
1.70058
1.61738
1.54251
1.47554
1.41547
1.3617
1.31355
1.27045
1.232
1.19765
1.16723
1.14026
1.11654
1.09592
1.07807
1.06287
1.05025
1.03974
1.03107
1.02389
1.01776
1.01252
1.00777
1.00319
0.99857
0.993763
0.988719
0.983387
0.977754
0.971797
0.965546
0.959029
0.952252
0.945345
0.938379
0.931509
0.924876
0.918648
0.912728
0.907294
0.902272
0.897505
0.89307
0.888787
0.884948
0.882431
0.882302
0.884344
0.889818
0.902365
0.924222
0.957477
1.00307
1.05947
1.13509
1.21525
1.28679
1.33468
1.35976
1.37193
1.37653
1.37829
1.37699
1.3772
1.37427
1.37524
1.37203
1.37524
1.37281
1.37773
1.37692
1.3839
1.38419
1.3932
1.39439
1.4058
1.40774
1.42113
1.42428
1.43954
1.44372
1.46043
1.46456
1.48261
1.48545
1.51458
4.0861
3.81539
3.57396
3.35993
3.16917
2.99175
2.82183
2.66091
2.50862
2.36537
2.23152
2.10713
1.99235
1.88724
1.79125
1.70426
1.6255
1.55436
1.49019
1.43233
1.38006
1.33293
1.29023
1.25169
1.21673
1.1852
1.15673
1.13122
1.10847
1.08849
1.07109
1.05621
1.04382
1.03363
1.0253
1.01856
1.01308
1.00847
1.00431
1.00028
0.996105
0.991588
0.986645
0.981193
0.975265
0.968889
0.962228
0.955386
0.948535
0.941857
0.935499
0.929597
0.924171
0.919313
0.914712
0.910977
0.907883
0.907556
0.908974
0.913152
0.924251
0.94535
0.979766
1.03013
1.09388
1.1829
1.27742
1.35841
1.4049
1.42702
1.43631
1.43777
1.4363
1.43399
1.42879
1.42624
1.42119
1.42129
1.41713
1.4186
1.41621
1.41799
1.41687
1.42068
1.42043
1.42654
1.42663
1.43557
1.4361
1.4474
1.44845
1.46132
1.46367
1.47805
1.48165
1.4975
1.50129
1.51859
1.52167
1.54519
4.11932
3.92911
3.67631
3.4588
3.26214
3.08156
2.9139
2.75467
2.60449
2.46264
2.32913
2.20436
2.08814
1.9807
1.88196
1.79146
1.70914
1.63424
1.56629
1.50464
1.44875
1.39781
1.35156
1.30915
1.2705
1.23501
1.20261
1.17298
1.14612
1.12184
1.10018
1.08113
1.06457
1.05049
1.03881
1.0293
1.02165
1.01548
1.01043
1.00611
1.0021
0.998091
0.993779
0.988982
0.983643
0.977793
0.971546
0.965045
0.958505
0.95205
0.945971
0.940252
0.935423
0.931437
0.928723
0.929666
0.933225
0.94095
0.958239
0.988854
1.03889
1.10531
1.20155
1.31195
1.40938
1.46459
1.4907
1.50121
1.50159
1.49835
1.49244
1.48629
1.47888
1.47496
1.46899
1.46627
1.46092
1.45891
1.45465
1.45344
1.45006
1.45087
1.4482
1.45132
1.44985
1.45547
1.45452
1.46273
1.46244
1.47262
1.47329
1.48451
1.4865
1.49943
1.50269
1.51721
1.521
1.53718
1.54121
1.55938
4.15364
4.03558
3.79112
3.55658
3.35426
3.17352
3.00544
2.84989
2.69987
2.55858
2.42502
2.29952
2.18211
2.07279
1.97176
1.87856
1.79314
1.71502
1.64373
1.57865
1.51925
1.4649
1.41508
1.36937
1.32725
1.28852
1.2527
1.21975
1.18938
1.16158
1.1363
1.11345
1.09314
1.07533
1.05992
1.04688
1.03607
1.02729
1.02021
1.01439
1.00943
1.00497
1.00063
0.996188
0.9914
0.986221
0.980709
0.97492
0.969135
0.963449
0.958373
0.954447
0.9522
0.953781
0.958891
0.970918
0.993177
1.03512
1.10105
1.19191
1.31733
1.43767
1.51404
1.54971
1.56586
1.56724
1.5638
1.55671
1.54723
1.53931
1.53125
1.52446
1.51662
1.50996
1.50213
1.49621
1.48937
1.48489
1.47864
1.47625
1.47139
1.47104
1.46744
1.46971
1.46702
1.47204
1.4699
1.47702
1.47593
1.4844
1.4845
1.49412
1.49561
1.50695
1.50984
1.52283
1.52699
1.541
1.54716
1.55945
4.11076
4.06376
3.92674
3.682
3.46431
3.274
3.09913
2.94079
2.79328
2.65271
2.51949
2.39388
2.27566
2.16488
2.06166
1.96599
1.87769
1.79648
1.72197
1.65372
1.5911
1.53371
1.48084
1.43217
1.38714
1.34541
1.30668
1.27067
1.23726
1.20636
1.17784
1.15183
1.12815
1.10691
1.08809
1.07161
1.05742
1.04535
1.03523
1.02686
1.01987
1.01392
1.00861
1.00364
0.99885
0.994034
0.989203
0.984403
0.980131
0.976472
0.975948
0.977822
0.984078
0.999534
1.02696
1.08002
1.15812
1.28336
1.4268
1.54423
1.59844
1.62672
1.63268
1.63239
1.6238
1.61362
1.603
1.59339
1.58351
1.57331
1.56252
1.55204
1.54113
1.53128
1.52133
1.51359
1.50491
1.49922
1.49209
1.48869
1.48308
1.48235
1.47779
1.47973
1.47595
1.48032
1.47721
1.48313
1.48158
1.48855
1.48817
1.49649
1.49752
1.5074
1.51016
1.52142
1.52603
1.53754
1.54425
1.55316
4.07855
4.04047
3.96974
3.80489
3.5784
3.37714
3.20085
3.03582
2.88546
2.74506
2.61268
2.48699
2.36858
2.2569
2.15206
2.05405
1.963
1.87878
1.80111
1.72978
1.66419
1.60394
1.54842
1.49706
1.44944
1.40509
1.3637
1.32506
1.28893
1.25526
1.22398
1.19501
1.16845
1.14422
1.12228
1.10265
1.08528
1.07002
1.05678
1.04532
1.0355
1.02707
1.01986
1.01352
1.00792
1.00286
0.998914
0.995973
0.996736
0.999791
1.0078
1.02513
1.05822
1.12245
1.21301
1.36749
1.5296
1.63107
1.67737
1.69814
1.69941
1.69334
1.684
1.6718
1.66019
1.64869
1.63584
1.62241
1.60825
1.59432
1.58023
1.5671
1.55405
1.54314
1.53186
1.52329
1.51387
1.50782
1.50009
1.49687
1.49038
1.48966
1.48407
1.48555
1.48119
1.48403
1.48094
1.48517
1.48351
1.48892
1.48866
1.49545
1.49655
1.50473
1.50769
1.51655
1.52193
1.53016
1.53743
1.54371
3.83689
4.01118
3.98485
3.89599
3.70639
3.49028
3.3034
3.13797
2.98593
2.84355
2.70929
2.58268
2.46213
2.34866
2.2423
2.14232
2.049
1.96214
1.8817
1.80745
1.73905
1.67603
1.61787
1.56401
1.5139
1.46714
1.4233
1.38222
1.34365
1.30753
1.27372
1.24228
1.21305
1.18617
1.16152
1.1391
1.11881
1.10061
1.08439
1.06995
1.05723
1.046
1.03619
1.02777
1.02091
1.01583
1.01662
1.01978
1.0282
1.0466
1.0834
1.15526
1.25711
1.43151
1.61222
1.70431
1.75117
1.76305
1.76349
1.75408
1.74246
1.72979
1.71662
1.70236
1.68652
1.67011
1.65259
1.63573
1.61887
1.60318
1.58764
1.5739
1.5604
1.54937
1.53778
1.52948
1.51964
1.51408
1.50587
1.50268
1.49571
1.49426
1.48851
1.4887
1.48414
1.48547
1.48241
1.48504
1.4834
1.4876
1.48736
1.49276
1.49413
1.50033
1.50388
1.50997
1.51583
1.52171
1.52823
1.53291
3.22102
3.88125
3.96115
3.9265
3.82966
3.6243
3.42626
3.24602
3.08497
2.94009
2.80517
2.6785
2.55898
2.44316
2.33321
2.23074
2.13509
2.04613
1.96339
1.88674
1.81581
1.75025
1.68949
1.63311
1.58051
1.53136
1.48524
1.44184
1.40106
1.36262
1.3266
1.29278
1.2613
1.23197
1.20491
1.17999
1.15716
1.13632
1.11735
1.1002
1.08473
1.07088
1.05874
1.04895
1.0438
1.0457
1.05358
1.07133
1.10779
1.17828
1.28889
1.47329
1.67094
1.76708
1.81886
1.82634
1.82351
1.8129
1.79921
1.78524
1.7698
1.75241
1.73342
1.71414
1.69474
1.67526
1.6564
1.63877
1.6218
1.60603
1.59101
1.57784
1.56482
1.55423
1.54284
1.53486
1.52485
1.51922
1.5105
1.50682
1.49898
1.49675
1.49043
1.48922
1.4844
1.48438
1.48093
1.48249
1.48065
1.48362
1.48334
1.48727
1.48857
1.49297
1.49638
1.50075
1.5057
1.51052
1.51588
1.51942
2.2025
3.51051
3.90482
3.90551
3.85873
3.74309
3.54676
3.36321
3.19644
3.04129
2.90031
2.77067
2.64963
2.53558
2.42694
2.32169
2.22274
2.131
2.04609
1.96728
1.89397
1.82599
1.76275
1.70396
1.64898
1.59755
1.54919
1.50369
1.46073
1.42023
1.38203
1.3461
1.31243
1.28095
1.25167
1.22452
1.19943
1.17629
1.155
1.1355
1.11787
1.1023
1.08938
1.08852
1.09245
1.10694
1.14144
1.20571
1.31802
1.50758
1.72041
1.82593
1.88582
1.89212
1.88686
1.87318
1.85583
1.83861
1.81943
1.79862
1.77695
1.75538
1.73426
1.71375
1.69383
1.67492
1.65718
1.6404
1.6245
1.60967
1.59562
1.58298
1.57042
1.56012
1.54863
1.54055
1.52983
1.52371
1.51403
1.50913
1.50071
1.49708
1.49012
1.4877
1.48218
1.48097
1.47699
1.47732
1.47511
1.47668
1.47589
1.47836
1.47896
1.48196
1.48416
1.48772
1.49108
1.4952
1.49931
1.50172
1.84749
2.49605
3.62166
3.88301
3.86783
3.81153
3.68179
3.48658
3.30779
3.15065
3.005
2.86789
2.74213
2.6257
2.51646
2.41306
2.31473
2.21974
2.13116
2.04937
1.97365
1.90312
1.83738
1.77615
1.71887
1.66528
1.61483
1.56735
1.5224
1.47992
1.43972
1.4018
1.36611
1.33264
1.30134
1.27218
1.24505
1.22
1.19689
1.1758
1.15831
1.14539
1.14831
1.16232
1.1878
1.24566
1.35627
1.54758
1.78036
1.89914
1.96411
1.97155
1.96395
1.94266
1.91959
1.8968
1.87217
1.84734
1.82261
1.79868
1.77609
1.75441
1.73367
1.71401
1.69537
1.67782
1.66117
1.64546
1.63036
1.61615
1.6025
1.59014
1.57762
1.56706
1.55519
1.54622
1.53504
1.52756
1.51738
1.51103
1.5022
1.4971
1.48965
1.48591
1.47979
1.47731
1.47294
1.47174
1.46913
1.46874
1.46751
1.46787
1.46762
1.46912
1.46981
1.47252
1.4743
1.47718
1.48032
1.4809
1.66089
1.96421
2.87729
3.69049
3.83716
3.82373
3.76096
3.62174
3.43146
3.25986
3.10906
2.97235
2.84296
2.72136
2.60849
2.50316
2.40374
2.31017
2.22056
2.13485
2.05545
1.98199
1.91368
1.84996
1.79038
1.73461
1.68207
1.63262
1.58574
1.54143
1.49937
1.45963
1.42209
1.38679
1.35366
1.32278
1.29401
1.26774
1.2444
1.22416
1.22266
1.22976
1.25235
1.30332
1.40583
1.59714
1.85494
1.99625
2.06784
2.07527
2.06368
2.03529
2.00161
1.97109
1.93969
1.90861
1.87877
1.85109
1.825
1.8011
1.77838
1.75753
1.73737
1.71847
1.70033
1.68348
1.66715
1.65183
1.63666
1.62271
1.60891
1.59635
1.58354
1.57225
1.55995
1.55
1.53863
1.52981
1.51954
1.51182
1.50295
1.49675
1.48915
1.48431
1.47803
1.47425
1.46984
1.46683
1.4643
1.46155
1.46053
1.45844
1.45807
1.45775
1.4578
1.45891
1.46003
1.46108
1.46366
1.46202
1.55011
1.69285
2.06636
3.15708
3.70121
3.7946
3.77624
3.71315
3.56635
3.38335
3.21796
3.07356
2.9442
2.82345
2.70807
2.59855
2.49567
2.399
2.30803
2.22216
2.14016
2.06306
1.9918
1.92558
1.86374
1.80579
1.75117
1.69971
1.65091
1.60478
1.56093
1.51952
1.48029
1.44341
1.40879
1.37687
1.34744
1.32331
1.30811
1.31314
1.33622
1.37954
1.46879
1.65102
1.93864
2.11693
2.19983
2.20712
2.19016
2.15471
2.11386
2.07452
2.03471
1.99721
1.96177
1.92835
1.89692
1.86762
1.83975
1.81352
1.78862
1.76532
1.74383
1.724
1.7056
1.68872
1.67203
1.65643
1.64103
1.62684
1.61259
1.59961
1.58619
1.57407
1.56149
1.55052
1.53891
1.52894
1.51859
1.50999
1.50116
1.49407
1.48632
1.48044
1.47404
1.46913
1.46459
1.46032
1.45766
1.45352
1.45246
1.44904
1.44871
1.4469
1.44736
1.44654
1.44802
1.44758
1.44983
1.44678
1.47794
1.56618
1.73527
2.14035
3.2971
3.69798
3.75182
3.72878
3.66332
3.51312
3.34123
3.18331
3.0446
2.92143
2.80728
2.69783
2.59221
2.49151
2.39694
2.30827
2.22513
2.1467
2.07261
2.00337
1.93905
1.87887
1.82222
1.76878
1.71811
1.6702
1.62468
1.58168
1.54105
1.50317
1.46797
1.43814
1.41177
1.41415
1.43018
1.4659
1.5486
1.70994
2.02073
2.25662
2.35838
2.36564
2.34434
2.30075
2.25095
2.2034
2.15563
2.10995
2.06771
2.02777
1.98988
1.95518
1.92216
1.89176
1.86225
1.83499
1.80833
1.78359
1.75958
1.7375
1.71588
1.69672
1.6781
1.66145
1.64476
1.62975
1.61444
1.60048
1.58607
1.57304
1.55982
1.54784
1.53581
1.52501
1.51441
1.50501
1.49579
1.48758
1.47938
1.47236
1.46548
1.45976
1.45445
1.44989
1.44594
1.44199
1.43976
1.43627
1.43562
1.43316
1.43382
1.43217
1.43381
1.43284
1.43509
1.43176
1.43574
1.4882
1.5852
1.77339
2.27265
3.37022
3.69192
3.71358
3.68482
3.61302
3.46113
3.30353
3.15528
3.0224
2.90331
2.79354
2.68859
2.58675
2.48919
2.39701
2.31117
2.2307
2.15531
2.08425
2.01712
1.95417
1.89527
1.83979
1.7874
1.73783
1.69097
1.64689
1.60586
1.56905
1.53683
1.52917
1.53574
1.56827
1.64551
1.78676
2.0944
2.41032
2.53827
2.54584
2.52336
2.47386
2.41258
2.35535
2.29866
2.24484
2.19378
2.14618
2.10048
2.0592
2.02033
1.98457
1.95032
1.91884
1.88812
1.86013
1.8321
1.80626
1.78041
1.75718
1.73369
1.71243
1.69095
1.67194
1.65258
1.63535
1.61768
1.60181
1.58577
1.57132
1.55703
1.54392
1.53112
1.51936
1.50789
1.49745
1.48716
1.47775
1.46878
1.46059
1.45317
1.44647
1.44055
1.4352
1.43051
1.42603
1.4232
1.41913
1.41802
1.41526
1.4153
1.41343
1.41488
1.41385
1.41605
1.41305
1.41674
1.44407
1.49585
1.61462
1.83236
2.4807
3.39847
3.66656
3.67428
3.64122
3.56351
3.41844
3.27191
3.13264
3.00454
2.88848
2.78167
2.68029
2.5827
2.48866
2.39981
2.31665
2.23889
2.16591
2.09709
2.03212
1.97069
1.9131
1.85904
1.8083
1.76102
1.71758
1.68119
1.65729
1.66271
1.68892
1.75954
1.88982
2.17064
2.56329
2.73106
2.7458
2.73188
2.67307
2.5974
2.53059
2.46355
2.40057
2.34177
2.2865
2.23446
2.18565
2.13946
2.09727
2.05638
2.019
1.98233
1.94892
1.91593
1.88608
1.85638
1.82978
1.80259
1.77854
1.75294
1.72995
1.70594
1.68476
1.66288
1.64356
1.62378
1.60605
1.58827
1.57212
1.55619
1.54145
1.52703
1.51376
1.50073
1.48889
1.47726
1.46683
1.45683
1.4479
1.43983
1.4322
1.42581
1.4194
1.41424
1.40878
1.40538
1.40046
1.3987
1.39521
1.39454
1.39216
1.39307
1.39186
1.39371
1.39083
1.4088
1.41905
1.44949
1.50823
1.6349
1.88797
2.63288
3.40957
3.63182
3.63909
3.60369
3.52431
3.38359
3.24537
3.11373
2.99013
2.87654
2.77217
2.67394
2.58041
2.4903
2.40464
2.32416
2.24858
2.17783
2.11103
2.04824
1.98905
1.93425
1.88399
1.84162
1.80519
1.80873
1.82696
1.8781
2.00235
2.24308
2.69593
2.93883
2.97842
2.96627
2.89794
2.80785
2.72782
2.65031
2.57782
2.5093
2.44591
2.38635
2.33074
2.27816
2.22917
2.18255
2.13917
2.09697
2.05816
2.01957
1.98463
1.9493
1.91754
1.88487
1.85581
1.82562
1.7989
1.77144
1.74683
1.7211
1.69846
1.67469
1.65337
1.63149
1.61168
1.59189
1.57383
1.55587
1.53952
1.52326
1.50872
1.49418
1.48125
1.46844
1.4571
1.44614
1.43642
1.42745
1.41899
1.41165
1.4045
1.39839
1.39224
1.38807
1.38248
1.37996
1.37589
1.3744
1.37149
1.37177
1.36996
1.37146
1.36787
1.40387
1.40906
1.42263
1.4522
1.52253
1.64168
1.93609
2.74133
3.41069
3.59439
3.60384
3.56945
3.4915
3.35492
3.22277
3.0975
2.97821
2.86751
2.76585
2.67054
2.58066
2.49394
2.41154
2.33315
2.26026
2.19177
2.12848
2.07005
2.01955
1.97417
1.97184
1.97846
2.01837
2.13691
2.36003
2.80394
3.16788
3.24117
3.22753
3.15237
3.04561
2.95195
2.85959
2.77554
2.6974
2.62394
2.55601
2.49301
2.4335
2.37791
2.32499
2.27545
2.22774
2.18332
2.13953
2.0989
2.05813
2.02099
1.98315
1.94929
1.91429
1.883
1.85044
1.82164
1.79152
1.76508
1.73704
1.71189
1.68593
1.66277
1.63916
1.61789
1.59636
1.57673
1.55698
1.53895
1.52111
1.50484
1.48892
1.47456
1.46046
1.44802
1.43601
1.42515
1.41532
1.40595
1.39761
1.38971
1.38281
1.37584
1.37085
1.36476
1.36134
1.35665
1.35462
1.35105
1.35087
1.34845
1.34975
1.34578
1.40164
1.40436
1.40954
1.42509
1.45551
1.53128
1.65128
1.96454
2.81518
3.4017
3.55815
3.56683
3.53664
3.46341
3.33075
3.20372
3.08345
2.96876
2.86116
2.76273
2.67028
2.58353
2.50024
2.42136
2.34663
2.2783
2.2185
2.16712
2.1485
2.15053
2.18456
2.28303
2.49089
2.89983
3.40774
3.52714
3.51589
3.44352
3.31594
3.20602
3.0964
2.99789
2.90697
2.82287
2.74462
2.67271
2.60573
2.54313
2.48381
2.4278
2.37397
2.32309
2.27394
2.22743
2.18154
2.13858
2.09567
2.05623
2.01618
1.97988
1.94233
1.90869
1.87388
1.84285
1.81083
1.78222
1.75304
1.72638
1.69898
1.67405
1.64858
1.62556
1.6023
1.58103
1.55979
1.54022
1.52107
1.50344
1.48629
1.47066
1.4556
1.44168
1.42898
1.41656
1.40581
1.39499
1.38576
1.37626
1.36873
1.36037
1.35439
1.34743
1.34308
1.33732
1.33488
1.33035
1.32972
1.32661
1.32769
1.32335
1.4008
1.40171
1.40469
1.41001
1.42672
1.45813
1.53705
1.65803
1.98478
2.85879
3.38173
3.52279
3.53152
3.50481
3.43749
3.31024
3.18775
3.07231
2.96223
2.85855
2.76308
2.67462
2.591
2.51302
2.44309
2.38309
2.34939
2.34851
2.37545
2.45792
2.65479
3.02914
3.60717
3.8334
3.83349
3.7682
3.62512
3.49321
3.36208
3.24554
3.14248
3.0444
2.95526
2.87284
2.79716
2.72612
2.65983
2.59682
2.53675
2.47897
2.42335
2.37028
2.31863
2.26946
2.22108
2.17561
2.1303
2.08846
2.04625
2.00765
1.96822
1.93249
1.89588
1.86272
1.8289
1.79826
1.76704
1.73897
1.71035
1.68399
1.65742
1.63298
1.60859
1.58614
1.56391
1.54344
1.52337
1.50478
1.48685
1.46993
1.4542
1.43885
1.42515
1.41142
1.39935
1.38718
1.37675
1.36575
1.35716
1.34738
1.34048
1.33217
1.32694
1.31997
1.31667
1.311
1.30951
1.30538
1.3056
1.29991
1.40031
1.40083
1.40178
1.40482
1.41048
1.42738
1.46015
1.53962
1.6621
1.99566
2.87237
3.3537
3.48703
3.49818
3.47471
3.41326
3.29279
3.1754
3.06464
2.96011
2.86171
2.77136
2.69214
2.62455
2.57765
2.57381
2.5935
2.6612
2.83646
3.17252
3.75437
4.17745
4.18864
4.12607
3.9763
3.8181
3.65954
3.5203
3.40095
3.29023
3.18802
3.0956
3.00963
2.92988
2.8548
2.78387
2.71604
2.65108
2.58811
2.52772
2.46936
2.41336
2.35891
2.30696
2.25619
2.20828
2.16114
2.11717
2.07307
2.03239
1.99122
1.95361
1.91533
1.88049
1.84509
1.81288
1.78029
1.75055
1.7206
1.69342
1.66589
1.64049
1.61502
1.59161
1.56847
1.54716
1.52635
1.50691
1.4885
1.47054
1.45446
1.43798
1.42358
1.4089
1.39573
1.38247
1.37103
1.35876
1.34915
1.33827
1.33027
1.32082
1.31483
1.30658
1.3026
1.29583
1.29365
1.28835
1.28778
1.2807
1.40015
1.40032
1.40083
1.40185
1.40478
1.41084
1.42727
1.46127
1.5393
1.66239
1.99573
2.85936
3.31765
3.45171
3.46693
3.4466
3.39133
3.27986
3.1695
3.0651
2.97127
2.88945
2.83116
2.82511
2.83765
2.89652
3.06471
3.40112
3.93627
4.563
4.56667
4.50648
4.37228
4.17247
3.98905
3.82496
3.68604
3.56068
3.44632
3.34128
3.24474
3.15478
3.07017
2.99009
2.91331
2.83979
2.76889
2.70042
2.63445
2.57097
2.50964
2.45073
2.39366
2.33931
2.28646
2.23662
2.18761
2.14166
2.09595
2.05359
2.01095
1.97176
1.93209
1.8959
1.85935
1.82595
1.79236
1.76145
1.73061
1.7021
1.67387
1.64768
1.62166
1.59758
1.57391
1.55188
1.53061
1.51027
1.49137
1.47259
1.45567
1.43858
1.42316
1.40765
1.39381
1.37947
1.3675
1.35437
1.34409
1.33241
1.32383
1.31336
1.30667
1.2974
1.29251
1.28457
1.28143
1.27496
1.27344
1.26442
1.40006
1.40014
1.40033
1.40079
1.40193
1.40453
1.41126
1.42595
1.46235
1.53493
1.6603
1.98553
2.82248
3.27316
3.41819
3.44053
3.42531
3.37968
3.28516
3.18753
3.11584
3.10383
3.10544
3.16667
3.3142
3.66513
4.17632
4.89601
4.94535
4.93635
4.79893
4.55412
4.34577
4.15605
3.99441
3.85374
3.72802
3.6117
3.50413
3.40279
3.30731
3.21636
3.12961
3.04615
2.96614
2.88885
2.81429
2.74248
2.67329
2.60686
2.54286
2.48158
2.42246
2.36624
2.31168
2.2602
2.20962
2.1623
2.11521
2.07155
2.02768
1.98735
1.94671
1.90949
1.87208
1.83767
1.8033
1.77157
1.74002
1.71083
1.68189
1.65518
1.62876
1.60419
1.58012
1.55743
1.53569
1.51462
1.49523
1.47577
1.45827
1.44048
1.4244
1.40814
1.39373
1.3787
1.36623
1.35254
1.34177
1.32948
1.3204
1.30924
1.30195
1.29187
1.28632
1.27745
1.27362
1.26612
1.26395
1.25321
1.40003
1.40006
1.40013
1.40033
1.40073
1.40195
1.40422
1.41129
1.42441
1.46165
1.52919
1.65406
1.96727
2.76065
3.22343
3.39045
3.43156
3.42599
3.40196
3.38983
3.4013
3.46106
3.6331
3.95526
4.44173
5.20672
5.42108
5.39137
5.23685
4.96881
4.72586
4.50964
4.32798
4.16835
4.02511
3.89516
3.77599
3.66489
3.55888
3.45741
3.35974
3.26573
3.17514
3.08826
3.00471
2.92433
2.84708
2.77286
2.70161
2.63328
2.56763
2.50486
2.44448
2.38703
2.3314
2.27874
2.22723
2.17888
2.131
2.08649
2.04199
2.00098
1.95982
1.922
1.88411
1.84914
1.81434
1.78206
1.7501
1.72043
1.6911
1.66393
1.63718
1.61222
1.58785
1.56466
1.54265
1.52095
1.50106
1.48088
1.46261
1.44416
1.42739
1.41046
1.39557
1.37994
1.36701
1.35278
1.34151
1.32862
1.319
1.30716
1.29929
1.28852
1.28242
1.27281
1.2684
1.26006
1.25738
1.24521
1.40001
1.40003
1.40006
1.40012
1.40032
1.40069
1.40187
1.404
1.41072
1.42327
1.45874
1.52375
1.64299
1.94663
2.68408
3.17687
3.404
3.50867
3.60211
3.76053
3.96373
4.3034
4.90133
5.6739
5.94074
5.92705
5.76677
5.46278
5.17701
4.92373
4.71072
4.53116
4.37459
4.23124
4.09704
3.97113
3.85122
3.73609
3.62506
3.51787
3.41477
3.31589
3.22152
3.13122
3.04473
2.9619
2.88254
2.80657
2.7337
2.66387
2.59676
2.53267
2.47105
2.41244
2.35582
2.30224
2.24995
2.20089
2.15241
2.10735
2.06237
2.02085
1.97923
1.94083
1.90246
1.86691
1.83165
1.79879
1.76638
1.7361
1.70626
1.67838
1.65093
1.62515
1.6001
1.57608
1.55352
1.53107
1.51063
1.48983
1.47092
1.45187
1.43447
1.41689
1.40141
1.38512
1.37155
1.35665
1.34472
1.3311
1.32085
1.30832
1.29986
1.28844
1.28182
1.27158
1.2667
1.25774
1.25464
1.24141
1.40001
1.40001
1.40002
1.40006
1.40012
1.40031
1.40067
1.40173
1.40392
1.40987
1.4226
1.45441
1.51924
1.63668
1.92235
2.56688
3.22489
3.69007
4.02126
4.54433
5.19109
5.88758
6.27701
6.28053
6.19274
5.9339
5.57478
5.28599
5.06347
4.87399
4.70241
4.54253
4.39375
4.25468
4.12321
3.99676
3.87432
3.75539
3.64041
3.53009
3.42487
3.32478
3.22945
3.13862
3.0519
2.96907
2.88985
2.81408
2.74149
2.67203
2.60536
2.54161
2.48024
2.42177
2.36521
2.31166
2.25937
2.2102
2.16158
2.11626
2.07104
2.02917
1.98731
1.94857
1.90999
1.87404
1.83851
1.8052
1.77246
1.74172
1.71151
1.68317
1.65529
1.62901
1.60347
1.5789
1.55573
1.53268
1.51164
1.49029
1.47092
1.45146
1.43377
1.41594
1.40026
1.38383
1.37011
1.35511
1.34307
1.32944
1.31909
1.30661
1.29807
1.28663
1.27991
1.26945
1.2645
1.25501
1.25181
1.23764
1.40001
1.40001
1.40002
1.40003
1.40007
1.40014
1.40037
1.40077
1.40208
1.4045
1.41189
1.4259
1.46575
1.53881
1.69349
1.99317
2.8151
4.07501
5.37501
6.83422
7.14511
7.09446
6.88911
6.49498
6.13906
5.79776
5.51778
5.30025
5.12566
4.96397
4.80274
4.64233
4.48684
4.33884
4.19832
4.06378
3.93427
3.80947
3.68995
3.57623
3.46853
3.36655
3.26978
3.17762
3.08963
3.0055
2.92504
2.84805
2.77432
2.70374
2.63596
2.57113
2.5087
2.44918
2.39154
2.33685
2.28337
2.23296
2.18311
2.13652
2.0901
2.04706
2.00412
1.96434
1.92485
1.88804
1.85178
1.81775
1.78437
1.75295
1.72213
1.6931
1.66461
1.6377
1.61156
1.58646
1.56277
1.53931
1.51786
1.49619
1.4765
1.45675
1.43876
1.42064
1.40464
1.38789
1.37383
1.3585
1.34611
1.33215
1.32144
1.30861
1.2997
1.28791
1.28083
1.27002
1.26475
1.25487
1.25145
1.23675
)
;

boundaryField
{
    inlet
    {
        type            calculated;
        value           uniform 1.40001;
    }
    outlet
    {
        type            calculated;
        value           nonuniform List<scalar> 
40
(
0.652665
0.643986
0.67168
0.6932
0.717752
0.739026
0.764871
0.794877
0.839525
0.914382
1.04513
1.24676
1.4069
1.46787
1.51273
1.54607
1.56382
1.56615
1.56034
1.55015
1.53852
1.52454
1.50671
1.48595
1.46715
1.45196
1.437
1.41832
1.396
1.37286
1.35054
1.32791
1.30433
1.28514
1.26902
1.258
1.25018
1.24655
1.24289
1.24206
)
;
    }
    top
    {
        type            symmetryPlane;
    }
    bottom
    {
        type            symmetryPlane;
    }
    obstacle
    {
        type            calculated;
        value           nonuniform List<scalar> 
110
(
5.55542
5.55428
5.54112
5.51524
5.49248
5.44325
5.39445
5.29502
5.18372
4.89853
1.75533
0.958321
0.663222
0.580873
0.576397
0.602041
0.662721
0.721974
0.736211
0.734928
0.729413
0.717862
0.709491
0.706099
0.704489
0.702841
0.700488
0.697055
0.692716
0.688006
0.683192
0.678374
0.673587
0.668815
0.663985
0.658999
0.653802
0.648357
0.642663
0.636784
0.630804
0.624764
0.618679
0.61257
0.6065
0.600538
0.594745
0.589127
0.583692
0.578416
0.57329
0.568277
0.563383
0.558617
0.553998
0.549549
0.545293
0.541245
0.537409
0.533784
0.530363
0.527134
0.524088
0.521214
0.518531
0.516034
0.513747
0.511675
0.509876
0.508336
0.507141
0.506163
0.50553
0.505135
0.505031
0.505024
0.505073
0.505293
0.505652
0.505927
0.506341
0.506926
0.507608
0.508895
0.510311
0.511859
0.51345
0.515375
0.517454
0.519631
0.521694
0.523561
0.525259
0.526826
0.528347
0.530008
0.53157
0.533151
0.534789
0.53663
0.538357
0.541531
0.544438
0.551544
0.5572
0.570997
0.580301
0.601659
0.615125
0.651398
)
;
    }
    frontAndBack
    {
        type            empty;
    }
}


// ************************************************************************* //
