/*--------------------------------*- C++ -*----------------------------------*\
  =========                 |
  \\      /  F ield         | OpenFOAM: The Open Source CFD Toolbox
   \\    /   O peration     | Website:  https://openfoam.org
    \\  /    A nd           | Version:  13
     \\/     M anipulation  |
\*---------------------------------------------------------------------------*/
FoamFile
{
    format      ascii;
    class       volScalarField;
    location    "1";
    object      T;
}
// * * * * * * * * * * * * * * * * * * * * * * * * * * * * * * * * * * * * * //

dimensions      [0 0 0 1 0 0 0];

internalField   nonuniform List<scalar> 
5250
(
1
1
1.00001
1.00003
1.00008
1.00019
1.00049
1.00117
1.00307
1.00721
1.01907
1.04681
1.12553
1.34004
1.89736
2.67238
2.8151
2.77692
2.77727
2.79549
2.83626
2.86333
2.8739
2.89889
3.09292
1
1
1.00001
1.00003
1.00008
1.00018
1.00051
1.0011
1.00316
1.0069
1.01907
1.04576
1.12368
1.33366
1.8839
2.66085
2.81313
2.77614
2.77654
2.79465
2.83513
2.86198
2.87244
2.89741
3.09175
1
1
1.00001
1.00003
1.00007
1.00019
1.00047
1.00114
1.00293
1.00694
1.01822
1.04468
1.11918
1.32133
1.85678
2.63315
2.80838
2.77432
2.77473
2.79219
2.83167
2.85832
2.86847
2.893
3.08664
1
1
1.00001
1.00003
1.00007
1.00018
1.00045
1.0011
1.00282
1.00671
1.01748
1.04295
1.11386
1.30582
1.82022
2.59171
2.80302
2.77233
2.77208
2.78808
2.82551
2.85173
2.86162
2.88611
3.0782
1
1
1.00001
1.00003
1.00007
1.00017
1.00043
1.00105
1.0027
1.00638
1.01671
1.04079
1.10815
1.28954
1.78167
2.55337
2.79451
2.76895
2.76737
2.78154
2.81617
2.84269
2.85141
2.8723
3.05831
1
1
1.00001
1.00003
1.00007
1.00016
1.00041
1.00099
1.00254
1.00601
1.01576
1.03834
1.10154
1.27122
1.73435
2.51049
2.78084
2.76215
2.75931
2.77119
2.80317
2.82994
2.83838
2.85934
3.04108
1
1
1.00001
1.00002
1.00006
1.00014
1.0004
1.00087
1.00247
1.00541
1.01495
1.03524
1.09458
1.25073
1.68396
2.45884
2.75916
2.75179
2.74838
2.75808
2.78937
2.81531
2.82264
2.83834
3.00427
1
1
1.00001
1.00002
1.00006
1.00013
1.00036
1.00081
1.00224
1.00495
1.0137
1.03208
1.08625
1.22794
1.62045
2.38445
2.73156
2.74103
2.73907
2.74447
2.77185
2.79863
2.80144
2.81279
2.96743
1
1
1.00001
1.00002
1.00005
1.00012
1.00033
1.00071
1.00203
1.00441
1.01236
1.02865
1.07728
1.2028
1.55269
2.29118
2.69615
2.73367
2.73024
2.7334
2.75455
2.77185
2.77129
2.76978
2.88276
1
1
1.00001
1.00002
1.00005
1.00011
1.00027
1.00067
1.00164
1.00421
1.01012
1.02619
1.0661
1.17744
1.48101
2.17038
2.65362
2.7228
2.71268
2.71259
2.7214
2.73716
2.73039
2.71024
2.78807
1
1
1.00001
1.00002
1.00004
1.00009
1.00023
1.00057
1.00143
1.00343
1.00898
1.02159
1.05667
1.14828
1.40577
2.01899
2.59034
2.70424
2.68943
2.68992
2.69902
2.70524
2.69042
2.62897
2.58597
1
1
1.00001
1.00001
1.00003
1.00007
1.00019
1.00047
1.00114
1.00294
1.00701
1.01828
1.04518
1.12001
1.32387
1.8304
2.51115
2.68516
2.67131
2.66362
2.66218
2.65656
2.63147
2.54651
2.44862
1
1
1
1.00001
1.00002
1.00006
1.00016
1.00037
1.00098
1.00223
1.00605
1.01393
1.03718
1.09318
1.25257
1.66132
2.39466
2.64221
2.63393
2.62999
2.62655
2.61537
2.58296
2.4983
2.36915
1
1
1
1.00001
1.00002
1.00005
1.00012
1.00033
1.0007
1.00205
1.00436
1.01233
1.02852
1.07682
1.20096
1.54369
2.24857
2.59132
2.61736
2.60899
2.5997
2.58393
2.55188
2.48535
2.3542
1
1
1
1.00001
1.00002
1.00004
1.00011
1.00022
1.00067
1.00137
1.00403
1.00881
1.02424
1.0589
1.15953
1.42887
2.06323
2.50818
2.58469
2.5738
2.56415
2.54332
2.51014
2.46086
2.35543
1
1
1
1.00001
1.00001
1.00003
1.00007
1.00021
1.00043
1.00124
1.00272
1.00743
1.01744
1.04603
1.11812
1.32115
1.81827
2.40571
2.55766
2.55283
2.53353
2.5106
2.4686
2.42585
2.35015
1
1
1
1
1.00001
1.00002
1.00006
1.00014
1.00035
1.00087
1.00209
1.00544
1.01287
1.03363
1.08436
1.2261
1.59292
2.24771
2.49861
2.52213
2.50858
2.48944
2.44793
2.40689
2.34287
1
1
1
1
1.00001
1.00002
1.00005
1.0001
1.00028
1.00058
1.00174
1.00364
1.0104
1.02374
1.06396
1.16482
1.4453
2.06611
2.42598
2.48229
2.46906
2.45147
2.41674
2.37594
2.32417
1
1
1
1
1
1.00001
1.00003
1.00008
1.00019
1.00046
1.00119
1.00275
1.0074
1.01721
1.04578
1.11638
1.31561
1.8014
2.31383
2.4441
2.44672
2.43118
2.40124
2.3627
2.3151
1
1
1
1
1
1.00001
1.00002
1.00006
1.00012
1.00035
1.00074
1.00215
1.00457
1.01287
1.02953
1.07929
1.20422
1.54165
2.13477
2.37322
2.40805
2.39834
2.37434
2.33618
2.29487
1
1
1
1
1
1.00001
1.00001
1.00004
1.00009
1.00024
1.00053
1.00142
1.00336
1.00852
1.02104
1.05359
1.13968
1.37277
1.91234
2.27693
2.36631
2.36599
2.35164
2.32157
2.28373
1
1
1
1
1
1
1.00001
1.00002
1.00007
1.00014
1.0004
1.00085
1.00237
1.00536
1.0142
1.03417
1.08972
1.23468
1.61025
2.14412
2.31442
2.33533
2.32434
2.29764
2.26031
1
1
1
1
1
1
1.00001
1.00002
1.00004
1.00009
1.00026
1.00056
1.00161
1.00341
1.00971
1.02183
1.05897
1.14923
1.40048
1.93468
2.22478
2.28579
2.28308
2.26936
2.24556
1
1
1
1
1
1
1
1.00001
1.00003
1.00006
1.00017
1.00037
1.00098
1.00234
1.00584
1.01451
1.0363
1.09336
1.24614
1.62999
2.09888
2.24171
2.25913
2.24813
2.22454
1
1
1
1
1
1
1
1.00001
1.00002
1.00004
1.0001
1.00024
1.00062
1.00144
1.00382
1.00875
1.02328
1.05624
1.14935
1.39175
1.88806
2.15278
2.20827
2.21808
2.20616
1
1
1
1
1
1
1
1
1.00001
1.00002
1.00006
1.00015
1.00035
1.00096
1.0021
1.00585
1.01299
1.03521
1.08582
1.22951
1.57777
2.0319
2.1642
2.18648
2.1778
1
1
1
1
1
1
1
1
1.00001
1.00001
1.00004
1.00009
1.00024
1.00052
1.00146
1.00311
1.00879
1.01966
1.05288
1.13204
1.35274
1.80348
2.07413
2.14104
2.15423
1
1
1
1
1
1
1
1
1
1.00001
1.00002
1.00006
1.00013
1.00033
1.00079
1.00193
1.00486
1.01157
1.02966
1.07314
1.19096
1.49317
1.92601
2.07732
2.11235
1
1
1
1
1
1
1
1
1
1.00001
1.00001
1.00003
1.00007
1.00019
1.00046
1.00114
1.00284
1.00678
1.01741
1.04225
1.10996
1.28653
1.68196
1.98596
2.07282
1
1
1
1
1
1
1
1
1
1
1.00001
1.00002
1.00004
1.00012
1.00024
1.00069
1.00149
1.00405
1.00931
1.02408
1.05886
1.15245
1.39954
1.80293
1.99358
1
1
1
1
1
1
1
1
1
1
1
1.00001
1.00002
1.00006
1.00013
1.00038
1.00079
1.00231
1.00484
1.01354
1.03099
1.08225
1.20937
1.52009
1.88305
1
1
1
1
1
1
1
1
1
1
1
1.00001
1.00001
1.00003
1.00008
1.0002
1.00045
1.00124
1.00267
1.00748
1.01655
1.04472
1.10922
1.291
1.64789
1
1
1
1
1
1
1
1
1
1
1
1
1.00001
1.00002
1.00004
1.0001
1.00026
1.00061
1.00151
1.00375
1.00895
1.02283
1.05553
1.14323
1.36959
1
1
1
1
1
1
1
1
1
1
1
1
1
1.00001
1.00002
1.00005
1.00014
1.00029
1.00085
1.00173
1.005
1.01072
1.02915
1.06927
1.18317
1
1
1
1
1
1
1
1
1
1
1
1
1
1
1.00001
1.00003
1.00006
1.00017
1.00039
1.00097
1.0024
1.00571
1.0147
1.03505
1.09089
1
1
1
1
1
1
1
1
1
1
1
1
1
1
1.00001
1.00001
1.00003
1.00008
1.0002
1.0005
1.00115
1.00306
1.00686
1.01835
1.04307
1
1
1
1
1
1
1
1
1
1
1
1
1
1
1
1.00001
1.00002
1.00004
1.00011
1.00022
1.00063
1.00135
1.00364
1.00825
1.02138
1
1
1
1
1
1
1
1
1
1
1
1
1
1
1
1
1.00001
1.00002
1.00005
1.00012
1.00028
1.00068
1.00167
1.00396
1.01005
1
1
1
1
1
1
1
1
1
1
1
1
1
1
1
1
1
1.00001
1.00002
1.00006
1.00012
1.00035
1.00071
1.002
1.00435
1
1
1
1
1
1
1
1
1
1
1
1
1
1
1
1
1
1
1.00001
1.00002
1.00007
1.00013
1.00038
1.00082
1.0022
1
1
1
1
1
1
1
1
1
1
1
1
1
1
1
1
1
1
1
1.00001
1.00003
1.00006
1.00017
1.00037
1.00103
1
1
1
1
1
1
1
1
1
1
1
1
1
1
1
1
1
1
1
1.00001
1.00001
1.00003
1.00007
1.00019
1.00039
1
1
1
1
1
1
1
1
1
1
1
1
1
1
1
1
1
1
1
1
1.00001
1.00001
1.00003
1.00007
1.0002
1
1
1
1
1
1
1
1
1
1
1
1
1
1
1
1
1
1
1
1
1
1.00001
1.00001
1.00003
1.00008
1
1
1
1
1
1
1
1
1
1
1
1
1
1
1
1
1
1
1
1
1
1
1.00001
1.00001
1.00003
1
1
1
1
1
1
1
1
1
1
1
1
1
1
1
1
1
1
1
1
1
1
1
1.00001
1.00001
1
1
1
1
1
1
1
1
1
1
1
1
1
1
1
1
1
1
1
1
1
1
1
1
1
1
1
1
1
1
1
1
1
1
1
1
1
1
1
1
1
1
1
1
1
1
1
1
1
1
1
1
1
1
1
1
1
1
1
1
1
1
1
1
1
1
1
1
1
1
1
1
1
1
1
1
1
1
1
1
1
1
1
1
1
1
1
1
1
1
1
1
1
1
1
1
1
1
1
1
2.43214
2.25038
2.19558
2.21936
2.28506
2.34138
2.42175
2.45099
2.47411
2.47243
2.47191
2.47186
2.4734
2.47706
2.48066
2.48318
2.48476
2.4847
2.48437
2.48361
2.48273
2.48199
2.48122
2.48018
2.47883
2.47733
2.47583
2.4745
2.47343
2.47255
2.47173
2.47098
2.47037
2.46991
2.46947
2.46889
2.46799
2.46668
2.46502
2.46318
2.46131
2.45945
2.45763
2.45584
2.45404
2.45212
2.44997
2.44754
2.44482
2.44177
2.43843
2.43484
2.43109
2.42721
2.42316
2.41899
2.41459
2.40995
2.40482
2.39924
2.39285
2.38621
2.37877
2.371
2.36261
2.35459
2.34709
2.33965
2.33235
2.32632
2.32062
2.31494
2.30975
2.30245
2.2957
2.2888
2.28196
2.27417
2.26665
2.26001
2.25422
2.24971
2.24635
2.24394
2.24229
2.23992
2.23839
2.23698
2.23603
2.23418
2.23206
2.22647
2.21904
2.19948
2.18138
2.13803
2.10864
2.04455
2.00892
1.91645
2.38735
2.29825
2.23972
2.2002
2.16277
2.12371
2.11425
2.11758
2.12646
2.14609
2.1592
2.17242
2.17346
2.17377
2.1734
2.17289
2.17309
2.17371
2.17402
2.1739
2.17347
2.17242
2.17058
2.16823
2.16556
2.16271
2.15979
2.15694
2.15436
2.15224
2.15071
2.14977
2.14931
2.1492
2.14923
2.14936
2.14966
2.1499
2.14992
2.14981
2.14931
2.14824
2.14662
2.14519
2.14383
2.14287
2.14216
2.14179
2.14179
2.14186
2.14208
2.14241
2.14267
2.14297
2.14305
2.14303
2.1429
2.14248
2.14178
2.14132
2.14022
2.13956
2.13805
2.13698
2.13524
2.13277
2.13011
2.12793
2.1234
2.12007
2.11558
2.11265
2.10776
2.10425
2.10002
2.09791
2.09497
2.09226
2.08875
2.0844
2.08067
2.07454
2.06967
2.06256
2.05725
2.05025
2.04587
2.03978
2.03625
2.03099
2.02811
2.02338
2.02109
2.01636
2.01351
2.00723
2.00177
1.98847
1.97688
1.93759
2.30805
2.25793
2.19584
2.12576
2.05121
1.9978
1.95845
1.95598
1.95914
1.96838
1.98885
1.9968
2.01235
2.01334
2.01635
2.01749
2.01745
2.01737
2.01705
2.01627
2.01464
2.01236
2.00945
2.00611
2.00264
1.99932
1.99633
1.99375
1.99162
1.99002
1.98906
1.98873
1.98875
1.98896
1.98953
1.99031
1.99096
1.9914
1.99156
1.99156
1.99143
1.99096
1.99001
1.989
1.98817
1.98749
1.98715
1.98714
1.98722
1.98748
1.98795
1.9885
1.98916
1.98989
1.99078
1.99187
1.99312
1.99443
1.99599
1.9975
1.99876
1.99992
2.00076
2.00139
2.00162
2.00159
2.00121
2.00071
1.99954
1.99768
1.99583
1.99484
1.9926
1.99059
1.98807
1.98678
1.98536
1.98355
1.98247
1.98002
1.97878
1.97592
1.97408
1.96988
1.96717
1.9612
1.95778
1.95066
1.94628
1.93813
1.93347
1.92558
1.92172
1.9145
1.91085
1.90326
1.89843
1.88755
1.87998
1.85431
2.25923
2.19075
2.12397
2.06066
2.00241
1.95358
1.91231
1.88403
1.86269
1.86034
1.8627
1.86886
1.87553
1.88716
1.89197
1.89459
1.89453
1.89344
1.89072
1.88636
1.88183
1.87757
1.87384
1.87064
1.86786
1.86546
1.8635
1.86197
1.86084
1.86003
1.85951
1.8592
1.859
1.85874
1.85834
1.85778
1.85707
1.8563
1.8557
1.8555
1.85553
1.85573
1.85627
1.85726
1.85836
1.85948
1.8604
1.86091
1.861
1.86093
1.86062
1.8605
1.86056
1.86076
1.86125
1.8623
1.8643
1.86711
1.87029
1.87384
1.87778
1.8815
1.88487
1.88804
1.89078
1.89303
1.8951
1.89699
1.89833
1.89962
1.90108
1.90188
1.90278
1.90342
1.90374
1.90426
1.90459
1.90464
1.90455
1.90404
1.90349
1.90225
1.90129
1.89905
1.89732
1.89328
1.89051
1.88443
1.88038
1.87228
1.86726
1.8587
1.85406
1.84642
1.84277
1.8356
1.83165
1.82294
1.81667
1.79465
2.25316
2.16868
2.09853
2.03476
1.97678
1.92431
1.87891
1.83869
1.80644
1.78417
1.77105
1.77013
1.77145
1.77475
1.7776
1.7835
1.78335
1.78339
1.78294
1.78165
1.77927
1.77689
1.77491
1.77323
1.77169
1.77016
1.76862
1.76709
1.7656
1.7641
1.7626
1.76115
1.75981
1.75864
1.75774
1.75726
1.75719
1.75725
1.75753
1.7582
1.75942
1.76075
1.76205
1.76315
1.76387
1.76419
1.76427
1.76431
1.7644
1.76458
1.76492
1.76549
1.76661
1.76856
1.77148
1.77531
1.77985
1.78477
1.78985
1.79484
1.79938
1.80339
1.80698
1.81019
1.81271
1.81507
1.81727
1.81953
1.82183
1.8246
1.82711
1.83013
1.83351
1.83603
1.83762
1.84023
1.84273
1.84419
1.84524
1.84567
1.84581
1.84573
1.84527
1.84414
1.84281
1.83979
1.83748
1.8323
1.82888
1.82149
1.81704
1.8084
1.80408
1.79585
1.79167
1.78314
1.77802
1.76667
1.75872
1.73244
2.25507
2.16972
2.0962
2.03037
1.97135
1.91776
1.87018
1.82823
1.79275
1.76178
1.73804
1.71953
1.70946
1.7047
1.70504
1.70626
1.70874
1.71045
1.71186
1.71253
1.71211
1.71073
1.70782
1.7043
1.70087
1.69758
1.69446
1.69161
1.68898
1.68647
1.6841
1.682
1.68026
1.6789
1.67796
1.67754
1.67752
1.67764
1.67809
1.67907
1.68046
1.68193
1.6833
1.68437
1.68503
1.68546
1.6857
1.68597
1.68622
1.6866
1.68712
1.68802
1.6897
1.69239
1.69608
1.70061
1.70568
1.71102
1.71639
1.72164
1.7265
1.73088
1.7348
1.73857
1.74205
1.74556
1.74898
1.75309
1.7569
1.76091
1.76529
1.77011
1.77394
1.77766
1.78165
1.78479
1.78731
1.78992
1.7919
1.79295
1.79365
1.79381
1.79376
1.79337
1.79247
1.79031
1.78837
1.78404
1.78112
1.77489
1.77128
1.76389
1.76
1.7522
1.74793
1.73902
1.73332
1.72067
1.71193
1.68362
2.26133
2.17626
2.10073
2.034
1.97463
1.92079
1.87261
1.82919
1.79102
1.7563
1.72727
1.702
1.68221
1.66855
1.66104
1.65734
1.65755
1.65835
1.65954
1.66108
1.66136
1.66098
1.65977
1.65712
1.65298
1.64828
1.6434
1.63867
1.63438
1.63056
1.6271
1.62403
1.62149
1.61959
1.61835
1.61782
1.61778
1.61794
1.61852
1.61975
1.62124
1.62266
1.62384
1.62459
1.62485
1.62484
1.62469
1.6244
1.6244
1.62451
1.62488
1.62572
1.62763
1.63088
1.635
1.63968
1.64461
1.64946
1.65405
1.65826
1.66203
1.66547
1.66863
1.67182
1.67489
1.67828
1.68195
1.68654
1.69115
1.69626
1.70153
1.70724
1.71253
1.71721
1.72159
1.72577
1.73022
1.73295
1.73541
1.73766
1.73928
1.74043
1.74118
1.74143
1.74139
1.74105
1.73998
1.73758
1.73537
1.73086
1.72793
1.72208
1.71854
1.71134
1.70664
1.69656
1.68959
1.67402
1.66352
1.63068
2.25969
2.18571
2.1123
2.04365
1.98298
1.92836
1.87958
1.83516
1.79533
1.75985
1.72817
1.70135
1.67804
1.65829
1.64227
1.63099
1.62388
1.62058
1.61967
1.61986
1.62042
1.62046
1.6201
1.61892
1.61629
1.61217
1.6075
1.60271
1.59806
1.59382
1.59015
1.58708
1.58458
1.58267
1.58139
1.58064
1.5802
1.57992
1.57971
1.57951
1.57919
1.57862
1.57763
1.57616
1.57441
1.57266
1.57114
1.57023
1.57006
1.57018
1.57071
1.57207
1.57482
1.57847
1.58254
1.58679
1.591
1.59494
1.5985
1.60173
1.60469
1.60736
1.60995
1.61276
1.61597
1.61967
1.62389
1.62887
1.63397
1.63919
1.6444
1.64998
1.65496
1.65925
1.66352
1.66742
1.67157
1.67477
1.67802
1.68069
1.68356
1.68605
1.68827
1.69007
1.69165
1.69268
1.69325
1.69343
1.69319
1.6923
1.6906
1.68706
1.68385
1.67702
1.67167
1.6599
1.65144
1.63253
1.62044
1.58301
2.25571
2.19078
2.12486
2.06033
2.00031
1.94455
1.89414
1.84849
1.8068
1.76933
1.73567
1.70586
1.67974
1.65684
1.63705
1.62023
1.60691
1.59748
1.59156
1.58806
1.58619
1.58481
1.5836
1.58225
1.58027
1.57736
1.57375
1.56974
1.56557
1.56144
1.55765
1.55445
1.55192
1.55005
1.54879
1.54805
1.54761
1.54728
1.54691
1.54635
1.54544
1.544
1.54194
1.53936
1.53655
1.53382
1.53145
1.52984
1.52928
1.52932
1.52969
1.53077
1.53305
1.53606
1.53923
1.54237
1.54533
1.548
1.55035
1.55246
1.55446
1.5564
1.55857
1.56129
1.56463
1.56851
1.57281
1.57788
1.58295
1.58817
1.59338
1.59896
1.60387
1.60826
1.61258
1.61669
1.62101
1.62479
1.6285
1.6321
1.63585
1.63962
1.64365
1.6475
1.65131
1.65465
1.65773
1.65993
1.6616
1.66207
1.66178
1.66024
1.65686
1.64907
1.64226
1.62705
1.61644
1.59318
1.579
1.53493
2.24389
2.18964
2.13059
2.07184
2.01566
1.96264
1.91357
1.86804
1.82678
1.78852
1.75396
1.7219
1.69322
1.6673
1.64469
1.62501
1.60807
1.5939
1.58194
1.57242
1.5656
1.56066
1.55682
1.55374
1.55129
1.5487
1.54579
1.54268
1.53936
1.5359
1.53249
1.52937
1.52675
1.52472
1.52326
1.52228
1.52163
1.52107
1.52038
1.51943
1.5181
1.51626
1.51385
1.51099
1.50797
1.50507
1.50252
1.50068
1.49989
1.49984
1.50004
1.50068
1.50207
1.5039
1.50579
1.50757
1.50928
1.51078
1.51212
1.51334
1.51472
1.51615
1.51798
1.52039
1.52356
1.52716
1.53115
1.53596
1.54091
1.54583
1.55078
1.556
1.56086
1.56503
1.56952
1.57425
1.57961
1.58507
1.59103
1.59744
1.60462
1.61202
1.62007
1.62794
1.63578
1.6427
1.64909
1.65389
1.65758
1.65874
1.65849
1.65657
1.65175
1.64042
1.63088
1.6102
1.59679
1.56795
1.55206
1.49824
2.23779
2.18685
2.13412
2.08076
2.02835
1.97845
1.93131
1.88739
1.84674
1.80911
1.77461
1.74267
1.71365
1.68669
1.66255
1.64017
1.62021
1.60212
1.58605
1.5721
1.5596
1.54937
1.54136
1.53481
1.52975
1.52579
1.52229
1.51924
1.51639
1.51366
1.51119
1.50894
1.5069
1.50506
1.50348
1.5021
1.50097
1.49992
1.49873
1.49712
1.49499
1.49234
1.48924
1.48585
1.48242
1.47927
1.47658
1.47458
1.47352
1.47334
1.47343
1.47381
1.47459
1.4756
1.47652
1.47734
1.4781
1.47876
1.47936
1.48002
1.48097
1.48229
1.48418
1.48679
1.49011
1.49396
1.49806
1.50281
1.50753
1.5127
1.51795
1.52332
1.52923
1.53525
1.54266
1.55106
1.56094
1.57192
1.58419
1.59712
1.61125
1.62508
1.6392
1.65241
1.66518
1.67534
1.68348
1.68826
1.68999
1.68915
1.68604
1.6784
1.66939
1.65129
1.63883
1.61223
1.59649
1.56165
1.54588
1.4816
2.22298
2.17934
2.13382
2.08528
2.03693
1.99019
1.94575
1.90381
1.86458
1.82796
1.79393
1.76223
1.73301
1.70581
1.6805
1.6571
1.63529
1.61499
1.59621
1.57893
1.56304
1.54901
1.53644
1.52604
1.51761
1.51093
1.50594
1.50213
1.49919
1.49697
1.49544
1.49438
1.49339
1.49218
1.49077
1.48929
1.48764
1.48567
1.48328
1.48041
1.47704
1.47323
1.46918
1.46515
1.46136
1.45799
1.4552
1.45308
1.45179
1.45136
1.45136
1.45151
1.45188
1.45234
1.45262
1.45285
1.45302
1.45325
1.45348
1.45387
1.45465
1.45597
1.45787
1.46055
1.46398
1.46803
1.47246
1.47814
1.48387
1.49037
1.49827
1.50784
1.51972
1.53322
1.54977
1.56775
1.58866
1.61136
1.63646
1.65951
1.68254
1.70255
1.71954
1.73155
1.73937
1.74342
1.74398
1.74184
1.73697
1.7278
1.72013
1.70411
1.69391
1.67046
1.6572
1.62815
1.61218
1.57542
1.56073
1.4905
2.21388
2.175
2.1318
2.08826
2.04306
1.9985
1.95573
1.91527
1.87755
1.84225
1.80926
1.77862
1.74963
1.72279
1.69728
1.67324
1.65052
1.62883
1.6082
1.58864
1.57033
1.55328
1.53792
1.52436
1.51264
1.50305
1.49542
1.48975
1.48582
1.48316
1.48153
1.48079
1.48037
1.47995
1.47923
1.47812
1.47631
1.4737
1.47039
1.46644
1.46201
1.45725
1.45243
1.44779
1.44365
1.44011
1.43731
1.43522
1.43391
1.43326
1.43305
1.43299
1.43293
1.43272
1.43229
1.43159
1.43093
1.43068
1.43073
1.43088
1.43147
1.4326
1.43464
1.43767
1.44197
1.44729
1.45381
1.4623
1.47344
1.48786
1.50694
1.52918
1.5556
1.58628
1.62124
1.65606
1.6892
1.71475
1.73263
1.74418
1.75059
1.75102
1.74965
1.74549
1.74022
1.73007
1.72439
1.70936
1.70233
1.6841
1.67607
1.6547
1.64472
1.62011
1.60832
1.58202
1.56871
1.54075
1.52765
1.47671
2.19334
2.16194
2.12608
2.0865
2.04578
2.00414
1.96357
1.92453
1.88772
1.8532
1.82098
1.79088
1.76267
1.73613
1.7109
1.68692
1.6638
1.64163
1.6201
1.59946
1.5797
1.56112
1.54379
1.52799
1.5139
1.50162
1.49131
1.48311
1.47701
1.47276
1.47022
1.46877
1.46814
1.4679
1.46745
1.46652
1.46482
1.4623
1.45898
1.45491
1.45022
1.44524
1.44023
1.43548
1.43123
1.42763
1.42481
1.42277
1.42131
1.42033
1.41959
1.41884
1.41788
1.41668
1.41532
1.41394
1.41258
1.41174
1.41175
1.41202
1.41283
1.41482
1.41858
1.42395
1.43144
1.44271
1.45796
1.48073
1.50765
1.54191
1.58237
1.62716
1.6728
1.70276
1.72319
1.73255
1.73562
1.73444
1.73172
1.72645
1.72153
1.71254
1.70694
1.69406
1.68796
1.67253
1.66527
1.64726
1.6392
1.61942
1.61069
1.58918
1.57913
1.55574
1.5447
1.52037
1.50869
1.48482
1.47275
1.43826
2.18137
2.15193
2.11928
2.08263
2.04416
2.00572
1.9671
1.92981
1.89439
1.86101
1.82978
1.80052
1.773
1.74702
1.72224
1.69823
1.67514
1.65257
1.63077
1.60967
1.58939
1.57004
1.55166
1.53456
1.51872
1.50455
1.49218
1.48166
1.47318
1.4667
1.46193
1.45874
1.45665
1.45526
1.45422
1.45314
1.45163
1.44943
1.44642
1.44267
1.43833
1.43366
1.42892
1.4244
1.4203
1.41676
1.4139
1.41163
1.40985
1.40832
1.40685
1.4053
1.40361
1.40177
1.39977
1.39797
1.39617
1.39545
1.39576
1.39734
1.40037
1.40578
1.41482
1.42837
1.45201
1.48206
1.52091
1.56891
1.62334
1.67221
1.69942
1.71381
1.71809
1.71732
1.71467
1.70983
1.70515
1.69638
1.6903
1.67884
1.67244
1.6588
1.652
1.63723
1.62915
1.61272
1.60384
1.58602
1.57657
1.55772
1.54788
1.52825
1.5179
1.49728
1.48667
1.46562
1.45504
1.43384
1.42407
1.3978
2.15859
2.13087
2.10304
2.0749
2.04076
2.0044
1.96877
1.93315
1.89892
1.86654
1.83609
1.80762
1.78084
1.75536
1.73112
1.7076
1.68479
1.66257
1.64084
1.61963
1.59907
1.57912
1.56012
1.54203
1.52526
1.50981
1.49597
1.4838
1.4734
1.46472
1.45775
1.45236
1.44827
1.44517
1.44275
1.44066
1.43857
1.4362
1.43341
1.43012
1.42638
1.42235
1.41823
1.41425
1.41055
1.40728
1.4044
1.40193
1.39977
1.39772
1.39567
1.39342
1.39121
1.38871
1.38661
1.38463
1.38394
1.38507
1.38824
1.39392
1.40443
1.42458
1.45535
1.49421
1.54634
1.60657
1.6594
1.68764
1.69786
1.69944
1.6986
1.69474
1.69027
1.68251
1.67579
1.6656
1.65869
1.64646
1.63957
1.62652
1.61793
1.60505
1.59534
1.58093
1.57098
1.55504
1.54547
1.52786
1.5188
1.50047
1.49165
1.47336
1.46445
1.44592
1.43676
1.41817
1.40896
1.39015
1.38181
1.36113
2.14348
2.1214
2.09155
2.06036
2.03146
2.00051
1.96704
1.93399
1.90135
1.87004
1.84042
1.81245
1.78623
1.76141
1.73768
1.71493
1.69268
1.67098
1.64965
1.62868
1.60806
1.58809
1.56862
1.55021
1.53267
1.51646
1.50149
1.48805
1.47605
1.46568
1.45675
1.44921
1.44298
1.43783
1.43355
1.4299
1.42661
1.42347
1.4203
1.41702
1.41365
1.41016
1.40666
1.40325
1.40006
1.39711
1.39436
1.39178
1.38925
1.38675
1.38409
1.38149
1.37877
1.37656
1.37538
1.37634
1.37947
1.38597
1.39887
1.42635
1.46329
1.51498
1.57985
1.63913
1.6751
1.68308
1.68434
1.68298
1.67869
1.67241
1.66522
1.65596
1.64817
1.63742
1.62949
1.61805
1.6092
1.59694
1.587
1.57431
1.56405
1.55009
1.54006
1.52502
1.515
1.49893
1.48971
1.47278
1.4643
1.44725
1.43917
1.42279
1.41482
1.3985
1.39047
1.3742
1.36617
1.34969
1.34246
1.32627
2.11015
2.09903
2.07747
2.05036
2.02234
1.993
1.96298
1.93075
1.90085
1.87108
1.84267
1.81578
1.79037
1.7663
1.74313
1.72087
1.69915
1.67787
1.65691
1.6363
1.61601
1.5962
1.57693
1.55829
1.54054
1.52365
1.50797
1.49343
1.48026
1.46841
1.45789
1.44871
1.44057
1.43349
1.4273
1.42184
1.41697
1.41259
1.40852
1.40471
1.40111
1.3977
1.39454
1.39157
1.38881
1.38623
1.38373
1.38128
1.37869
1.37619
1.3735
1.3715
1.37039
1.37137
1.37456
1.38292
1.3994
1.43301
1.4786
1.54231
1.61173
1.66144
1.67331
1.67437
1.67263
1.66731
1.66081
1.65186
1.64258
1.63263
1.62348
1.61312
1.60334
1.59215
1.58186
1.5698
1.55875
1.54593
1.53529
1.52164
1.511
1.49695
1.48664
1.47182
1.46232
1.44669
1.43836
1.42258
1.4149
1.39968
1.39244
1.37785
1.37077
1.35631
1.34922
1.33473
1.32759
1.31296
1.30663
1.29383
2.08723
2.07665
2.05742
2.03218
2.00664
1.98138
1.95701
1.92878
1.89906
1.87077
1.84358
1.81743
1.79264
1.76916
1.74673
1.72509
1.70403
1.6834
1.66306
1.64292
1.62307
1.60342
1.58423
1.5655
1.54746
1.53026
1.51401
1.49889
1.48491
1.47208
1.46047
1.44983
1.44035
1.43168
1.42378
1.41664
1.4101
1.40414
1.39874
1.39388
1.38955
1.38571
1.38233
1.37939
1.37676
1.37439
1.37212
1.36999
1.36796
1.36621
1.36635
1.36753
1.37136
1.38077
1.40235
1.44117
1.49457
1.57276
1.6368
1.67137
1.6706
1.66872
1.66386
1.65583
1.64617
1.6351
1.6246
1.61383
1.60312
1.59206
1.58083
1.56898
1.55752
1.54546
1.53389
1.52097
1.5096
1.49644
1.4854
1.47202
1.46148
1.44758
1.43799
1.42357
1.41513
1.40037
1.39313
1.37877
1.37178
1.35818
1.3517
1.3385
1.3322
1.31907
1.31273
1.29951
1.2931
1.28035
1.27374
1.26405
2.03993
2.05438
2.0455
2.02616
1.99971
1.97408
1.94775
1.92394
1.8969
1.8695
1.84294
1.81765
1.79321
1.77015
1.74826
1.72738
1.70716
1.68738
1.66789
1.64843
1.62907
1.60974
1.5906
1.57185
1.55362
1.53616
1.51958
1.50397
1.48944
1.47596
1.46348
1.45203
1.44135
1.43154
1.42242
1.41385
1.40585
1.39844
1.3916
1.38541
1.37988
1.37513
1.37104
1.36764
1.36475
1.36236
1.36064
1.35969
1.36036
1.36235
1.36789
1.37823
1.40426
1.44976
1.50925
1.59641
1.65688
1.67277
1.67124
1.66622
1.65779
1.6477
1.63596
1.62327
1.61113
1.59889
1.58675
1.57419
1.56175
1.54905
1.5367
1.52408
1.5121
1.4992
1.48757
1.47467
1.46352
1.45058
1.44009
1.42678
1.41728
1.40377
1.39544
1.38191
1.37431
1.3614
1.3544
1.34195
1.33528
1.32336
1.31699
1.30527
1.29916
1.28753
1.28121
1.27012
1.26307
1.25331
1.24618
1.23853
1.99948
2.02581
2.02386
2.01357
1.99261
1.96754
1.94139
1.91528
1.88976
1.86444
1.83947
1.81531
1.7923
1.77002
1.7486
1.72834
1.70875
1.68971
1.67092
1.65219
1.63339
1.61453
1.59569
1.57705
1.55885
1.54125
1.5245
1.5086
1.49369
1.47969
1.46668
1.45446
1.44312
1.43236
1.42227
1.41269
1.40361
1.39497
1.38688
1.37945
1.3727
1.36673
1.36158
1.35731
1.35416
1.35239
1.35312
1.35577
1.36144
1.37387
1.40226
1.45336
1.51785
1.60973
1.67057
1.67492
1.67343
1.66601
1.65587
1.64366
1.63035
1.61678
1.60324
1.58948
1.57565
1.56145
1.548
1.53423
1.52103
1.50766
1.49514
1.48227
1.47033
1.45756
1.44639
1.43365
1.42328
1.41043
1.40082
1.38802
1.37933
1.36697
1.35909
1.34709
1.33991
1.32862
1.32175
1.31091
1.30435
1.29363
1.28731
1.27692
1.27061
1.26077
1.25395
1.24523
1.23783
1.22996
1.22343
1.217
1.9114
1.9871
1.9996
1.99211
1.97623
1.95158
1.92648
1.90464
1.8827
1.85876
1.83458
1.81063
1.78753
1.76731
1.74784
1.72833
1.70941
1.69082
1.67252
1.65424
1.63593
1.6175
1.59911
1.58082
1.56289
1.54542
1.52861
1.51261
1.49739
1.48313
1.46963
1.45701
1.44501
1.43372
1.42286
1.41254
1.4026
1.39313
1.38412
1.37564
1.36786
1.36092
1.35481
1.35039
1.34967
1.35109
1.35583
1.36879
1.39817
1.45078
1.51873
1.61401
1.67694
1.67895
1.67722
1.66764
1.65653
1.64328
1.62868
1.61439
1.59945
1.58424
1.56921
1.55397
1.53896
1.52464
1.5107
1.49681
1.48355
1.47056
1.45815
1.44552
1.4339
1.42152
1.41085
1.39848
1.38875
1.37645
1.36758
1.35552
1.34777
1.33624
1.3289
1.31819
1.31121
1.30107
1.29448
1.28452
1.27806
1.26836
1.26202
1.25284
1.24656
1.23821
1.23152
1.2242
1.21755
1.21055
1.20497
1.19935
1.72574
1.90673
1.95561
1.97
1.96209
1.94476
1.91849
1.89262
1.87025
1.85099
1.83046
1.80852
1.78638
1.76449
1.74409
1.72652
1.70875
1.69078
1.67279
1.65488
1.63711
1.61921
1.60133
1.58348
1.5659
1.54865
1.53196
1.51588
1.5006
1.48608
1.47237
1.45939
1.44704
1.43527
1.42395
1.41302
1.4025
1.39238
1.38271
1.37356
1.36525
1.3581
1.35261
1.35388
1.35863
1.36724
1.39387
1.44709
1.51626
1.61401
1.68106
1.68465
1.68242
1.6715
1.65895
1.64423
1.62887
1.61337
1.59713
1.58057
1.56432
1.54831
1.53266
1.51753
1.50309
1.48908
1.47535
1.4621
1.44929
1.4368
1.42475
1.41268
1.4015
1.38954
1.3794
1.36748
1.35854
1.34677
1.3387
1.32763
1.32019
1.3097
1.30266
1.29276
1.28609
1.27673
1.27033
1.26118
1.25481
1.24607
1.24
1.2319
1.22609
1.21879
1.21303
1.20635
1.20098
1.19457
1.18996
1.18514
1.44499
1.78721
1.90929
1.93253
1.9367
1.92958
1.91295
1.88851
1.86497
1.84221
1.82218
1.80415
1.78435
1.7636
1.74326
1.7233
1.7049
1.68874
1.67188
1.65463
1.63722
1.61997
1.60273
1.58543
1.56828
1.55128
1.53475
1.51868
1.50335
1.4887
1.47482
1.46159
1.44899
1.43688
1.42521
1.41393
1.40299
1.39249
1.38263
1.37326
1.36639
1.36353
1.36561
1.37243
1.39682
1.44428
1.51403
1.61523
1.6871
1.69424
1.69103
1.67867
1.66446
1.64734
1.62988
1.61249
1.59518
1.57739
1.5601
1.54334
1.52695
1.51139
1.49658
1.48228
1.46845
1.45498
1.44193
1.42917
1.41689
1.40486
1.39324
1.38151
1.3707
1.35921
1.3495
1.33837
1.3297
1.31893
1.31105
1.30094
1.29351
1.28395
1.27696
1.26781
1.2613
1.25265
1.24625
1.23804
1.23173
1.22434
1.21842
1.21184
1.20657
1.20037
1.19574
1.18969
1.18555
1.18016
1.17626
1.17273
1.23286
1.53533
1.81286
1.89471
1.91218
1.9095
1.90052
1.8822
1.86059
1.83897
1.81758
1.79683
1.77857
1.76055
1.74136
1.72199
1.70328
1.68467
1.66803
1.65274
1.63658
1.61994
1.60327
1.58657
1.56989
1.55328
1.53701
1.52109
1.5058
1.49107
1.47707
1.46364
1.4508
1.43845
1.42656
1.41507
1.40398
1.39374
1.38498
1.3779
1.38005
1.38678
1.40122
1.44366
1.51269
1.61763
1.69635
1.7115
1.70589
1.69111
1.67592
1.65587
1.63524
1.61588
1.59642
1.57742
1.55919
1.54138
1.52447
1.50777
1.4924
1.47749
1.46342
1.44953
1.4363
1.42321
1.41066
1.39822
1.38648
1.37461
1.36337
1.35198
1.34148
1.33061
1.3212
1.31075
1.30207
1.2922
1.28414
1.27489
1.26721
1.25823
1.25104
1.24247
1.23575
1.22783
1.22115
1.21411
1.20748
1.20172
1.19542
1.19061
1.18526
1.1804
1.17618
1.17136
1.16768
1.16377
1.16023
1.15828
1.11202
1.29447
1.59815
1.81611
1.87838
1.88884
1.88381
1.87108
1.8513
1.8325
1.81359
1.79371
1.77322
1.75365
1.7357
1.71829
1.70072
1.68322
1.66608
1.64934
1.6342
1.61911
1.60313
1.58689
1.57061
1.5544
1.53847
1.52283
1.50772
1.49305
1.47903
1.46546
1.45251
1.44001
1.42806
1.41696
1.40649
1.39857
1.39865
1.40173
1.41244
1.44817
1.51423
1.61753
1.70716
1.73595
1.72619
1.71036
1.6942
1.6714
1.64899
1.62641
1.60526
1.58468
1.56521
1.54647
1.52834
1.51076
1.49409
1.47814
1.46301
1.4484
1.43436
1.42063
1.40761
1.39464
1.38241
1.37026
1.35871
1.34704
1.33612
1.325
1.31489
1.30456
1.29523
1.28542
1.27676
1.26759
1.25938
1.25058
1.24261
1.23408
1.22674
1.21873
1.21183
1.20453
1.1977
1.19141
1.18464
1.17975
1.17328
1.16933
1.1638
1.16
1.15537
1.15204
1.14802
1.14534
1.142
1.14099
1.05126
1.13184
1.32994
1.63603
1.80807
1.85462
1.86485
1.85859
1.84431
1.82296
1.80497
1.78827
1.76997
1.75002
1.73017
1.7119
1.69538
1.67978
1.66404
1.64818
1.63224
1.61675
1.60187
1.58644
1.57054
1.55468
1.53906
1.52373
1.50887
1.49438
1.48048
1.46698
1.45419
1.44196
1.4306
1.42223
1.41744
1.42005
1.4307
1.45704
1.51486
1.61292
1.71832
1.76406
1.75136
1.7362
1.71794
1.69296
1.66883
1.64481
1.62122
1.5986
1.57768
1.55741
1.53836
1.51963
1.50191
1.48443
1.46817
1.45224
1.4373
1.42257
1.40856
1.39481
1.38197
1.36922
1.35739
1.3452
1.3339
1.32225
1.3116
1.30077
1.29101
1.28101
1.27185
1.26251
1.25387
1.24506
1.23676
1.2283
1.22039
1.21246
1.20525
1.19788
1.19114
1.18425
1.17779
1.17151
1.16558
1.16032
1.15464
1.15057
1.14519
1.14181
1.13698
1.1343
1.13014
1.12797
1.12462
1.12372
1.02356
1.06022
1.1499
1.36884
1.66308
1.79617
1.82622
1.83909
1.83285
1.81918
1.79824
1.77913
1.76291
1.74591
1.72737
1.70837
1.69066
1.6749
1.6602
1.64569
1.63051
1.61514
1.59953
1.58432
1.56946
1.55427
1.53898
1.52399
1.50937
1.49518
1.48157
1.46846
1.45659
1.44672
1.43923
1.44148
1.45049
1.469
1.51843
1.60855
1.72714
1.79168
1.78157
1.76612
1.74562
1.71999
1.69336
1.66796
1.64268
1.61859
1.59578
1.57382
1.55343
1.53341
1.51453
1.49611
1.47885
1.4618
1.44598
1.43017
1.41553
1.40056
1.38668
1.37249
1.35943
1.34613
1.33412
1.32168
1.31061
1.29913
1.28894
1.27845
1.26895
1.25918
1.2501
1.24097
1.23237
1.22379
1.21573
1.20769
1.20028
1.19298
1.18609
1.17937
1.1728
1.16645
1.16028
1.1544
1.14887
1.14386
1.13851
1.13477
1.12968
1.12646
1.12211
1.1196
1.11563
1.11367
1.11038
1.1092
1.01151
1.02692
1.06885
1.17339
1.4101
1.68181
1.78404
1.80375
1.81475
1.80923
1.79574
1.775
1.75513
1.73848
1.72273
1.70591
1.68841
1.67162
1.65611
1.64183
1.6276
1.61291
1.59778
1.58251
1.56733
1.55262
1.53825
1.52383
1.50976
1.49608
1.48361
1.47223
1.4637
1.46489
1.46996
1.48592
1.52552
1.60833
1.73165
1.81427
1.81253
1.79939
1.77804
1.75004
1.72173
1.6943
1.66797
1.64269
1.61834
1.59507
1.57302
1.5521
1.53231
1.51267
1.49459
1.4765
1.45991
1.4431
1.42761
1.41156
1.39685
1.38172
1.36821
1.35377
1.3409
1.32721
1.31516
1.30236
1.2911
1.27924
1.26875
1.25795
1.24819
1.23832
1.22923
1.22026
1.21195
1.20372
1.19615
1.18857
1.18166
1.17468
1.16816
1.16164
1.15524
1.14929
1.1432
1.13789
1.1325
1.12803
1.12294
1.1197
1.11499
1.11223
1.10839
1.10624
1.10274
1.10101
1.09804
1.0969
1.00498
1.0128
1.03062
1.07752
1.19643
1.44173
1.68647
1.76787
1.78499
1.78921
1.78525
1.77354
1.75355
1.73306
1.7159
1.70093
1.68579
1.66981
1.65394
1.63856
1.6242
1.6101
1.59569
1.58104
1.56613
1.55155
1.53734
1.52385
1.51105
1.49889
1.49004
1.4883
1.49103
1.50534
1.54038
1.6058
1.72277
1.8274
1.85191
1.83222
1.81049
1.78329
1.75225
1.72381
1.69576
1.66911
1.64408
1.6196
1.59638
1.57421
1.55328
1.53298
1.51373
1.49485
1.47722
1.45945
1.44318
1.42628
1.41104
1.39502
1.38087
1.3657
1.35243
1.33808
1.32546
1.31154
1.29931
1.28618
1.27473
1.26272
1.25212
1.24123
1.23136
1.22137
1.21234
1.20321
1.195
1.18656
1.17906
1.17135
1.16446
1.15739
1.15091
1.14436
1.13811
1.13228
1.12648
1.12131
1.11627
1.11197
1.10715
1.10411
1.09974
1.09714
1.09377
1.09182
1.08876
1.08741
1.08468
1.08425
1.00213
1.00611
1.01306
1.03543
1.08388
1.2233
1.45859
1.68158
1.75048
1.76655
1.76576
1.76209
1.75212
1.73291
1.71275
1.69532
1.68085
1.66684
1.65196
1.63689
1.62164
1.60734
1.59323
1.57955
1.56535
1.55164
1.53821
1.52593
1.51683
1.51234
1.5149
1.5289
1.55569
1.6128
1.71584
1.83701
1.88846
1.86678
1.84663
1.81921
1.78521
1.75462
1.72548
1.69772
1.6712
1.64615
1.62196
1.59873
1.57684
1.5557
1.53566
1.51609
1.49755
1.47901
1.46176
1.44427
1.42824
1.41146
1.39634
1.38014
1.3658
1.35051
1.33711
1.32264
1.31013
1.2965
1.28465
1.27194
1.26084
1.24907
1.23863
1.22765
1.21784
1.20779
1.1988
1.18967
1.18139
1.17303
1.1654
1.15763
1.15065
1.14339
1.13677
1.13018
1.12375
1.11783
1.11207
1.10678
1.10172
1.09743
1.0927
1.08944
1.0853
1.08264
1.07928
1.07738
1.07438
1.07308
1.07037
1.07003
1.00112
1.00234
1.00644
1.01441
1.03769
1.09064
1.23808
1.47062
1.67156
1.73293
1.74703
1.74521
1.74052
1.73111
1.71296
1.69354
1.67648
1.66226
1.6491
1.63485
1.62043
1.60563
1.59159
1.57812
1.56566
1.55339
1.5436
1.53802
1.54002
1.55168
1.57446
1.62763
1.71097
1.84135
1.92296
1.90532
1.88451
1.85664
1.81987
1.78807
1.75706
1.72758
1.69979
1.6734
1.64871
1.62492
1.6022
1.5803
1.5594
1.53916
1.51988
1.50093
1.48272
1.46466
1.44767
1.43045
1.41442
1.39772
1.38254
1.3665
1.35238
1.33723
1.32394
1.30963
1.29701
1.28361
1.27177
1.25923
1.24815
1.23655
1.22633
1.21568
1.20626
1.19652
1.18771
1.17875
1.17045
1.16207
1.1543
1.14641
1.13908
1.13185
1.1247
1.11824
1.11152
1.1057
1.09971
1.09471
1.08929
1.0852
1.08046
1.07705
1.0729
1.07028
1.06654
1.06463
1.06137
1.05986
1.05696
1.05607
1.00042
1.00116
1.00252
1.00668
1.01538
1.0392
1.09535
1.24651
1.47289
1.65907
1.71496
1.72779
1.72545
1.72042
1.71085
1.6938
1.6754
1.65886
1.64492
1.63233
1.61894
1.60529
1.59227
1.57965
1.56994
1.56452
1.56622
1.57608
1.59629
1.64313
1.71512
1.8464
1.94578
1.94288
1.92133
1.8976
1.85627
1.82304
1.79028
1.75878
1.72981
1.7026
1.67656
1.6523
1.62889
1.60665
1.58491
1.564
1.54373
1.52423
1.50532
1.48669
1.46881
1.45108
1.43427
1.41725
1.4014
1.38496
1.36993
1.3542
1.34016
1.32532
1.3122
1.29834
1.28602
1.27305
1.26152
1.24944
1.23862
1.22735
1.21717
1.20671
1.19723
1.18752
1.17862
1.16951
1.16107
1.15255
1.14452
1.13667
1.12895
1.12184
1.11451
1.10806
1.10138
1.0956
1.08958
1.08472
1.07917
1.07518
1.07022
1.06686
1.06249
1.05983
1.05586
1.05385
1.05046
1.04865
1.04586
1.04478
1.00019
1.00046
1.00112
1.00277
1.00649
1.01658
1.0389
1.09895
1.24815
1.46753
1.64474
1.69712
1.7088
1.70627
1.70105
1.69161
1.67558
1.65853
1.64319
1.62983
1.61837
1.60667
1.59648
1.59062
1.59206
1.60089
1.62046
1.66392
1.7291
1.84347
1.95069
1.98389
1.96346
1.9382
1.89333
1.85963
1.82445
1.79123
1.76142
1.73299
1.70631
1.6808
1.65699
1.63405
1.61203
1.59058
1.5698
1.54949
1.52993
1.51068
1.49196
1.4736
1.45593
1.4385
1.42186
1.40517
1.38939
1.37331
1.3586
1.34339
1.32971
1.31538
1.30265
1.28924
1.2773
1.26471
1.25342
1.2416
1.23099
1.21989
1.2099
1.19952
1.1901
1.18036
1.17139
1.16218
1.15358
1.14496
1.13659
1.12879
1.12062
1.1136
1.10605
1.09952
1.0929
1.08709
1.081
1.07622
1.07056
1.06648
1.06143
1.05794
1.05322
1.05046
1.04609
1.04378
1.04005
1.03785
1.03491
1.03335
1.00008
1.00019
1.00048
1.00109
1.00287
1.00636
1.01691
1.03855
1.09936
1.24541
1.45651
1.62861
1.67921
1.68994
1.68777
1.68257
1.67384
1.65914
1.64412
1.63097
1.62137
1.61703
1.61854
1.62636
1.64638
1.68723
1.74738
1.85484
1.95542
2.02582
2.00689
1.97386
1.93483
1.89926
1.86015
1.82419
1.79355
1.76509
1.73739
1.71134
1.68659
1.66308
1.64052
1.61863
1.59747
1.5767
1.55641
1.53658
1.51712
1.49805
1.47955
1.46152
1.44419
1.42712
1.41081
1.39449
1.37916
1.36368
1.34941
1.33473
1.32148
1.30766
1.29532
1.28228
1.27057
1.25822
1.24705
1.23542
1.22481
1.21389
1.20388
1.19353
1.18396
1.17412
1.16496
1.15568
1.14684
1.13829
1.12974
1.12197
1.11389
1.10676
1.09944
1.09294
1.08624
1.08061
1.07427
1.06941
1.06353
1.05923
1.05383
1.05022
1.04517
1.04222
1.03767
1.03515
1.03133
1.02874
1.02575
1.02406
1.00003
1.00008
1.00018
1.0005
1.00102
1.00294
1.00605
1.01688
1.03736
1.09759
1.23797
1.4405
1.6109
1.6618
1.67117
1.66999
1.6665
1.66059
1.64827
1.64064
1.64214
1.65121
1.6743
1.71052
1.77584
1.86733
1.96248
2.05987
2.04161
2.00991
1.9796
1.93832
1.89553
1.85823
1.82691
1.79781
1.77005
1.74351
1.71821
1.6942
1.671
1.64863
1.62677
1.60553
1.58458
1.56414
1.54415
1.52457
1.50548
1.48683
1.4688
1.45122
1.43434
1.41772
1.40188
1.38606
1.37123
1.35617
1.34233
1.32806
1.31517
1.30167
1.28951
1.27669
1.26509
1.25293
1.2418
1.23024
1.21956
1.20852
1.19831
1.18779
1.17803
1.16806
1.15871
1.14939
1.14042
1.13191
1.12329
1.1156
1.10756
1.10053
1.09328
1.0869
1.08019
1.0746
1.06817
1.06321
1.05719
1.05276
1.04715
1.04341
1.03818
1.03507
1.03033
1.02763
1.02363
1.02078
1.01758
1.01578
1.00001
1.00003
1.00008
1.00017
1.00048
1.001
1.00276
1.006
1.0158
1.03642
1.09265
1.2269
1.41929
1.5927
1.64593
1.65252
1.65892
1.66042
1.66552
1.67478
1.69837
1.73985
1.80433
1.88767
1.98175
2.07809
2.07379
2.05112
2.0225
1.97491
1.931
1.89503
1.86259
1.83187
1.80384
1.77741
1.75205
1.72732
1.70351
1.68029
1.65777
1.63586
1.61455
1.59359
1.57309
1.55306
1.53348
1.51437
1.49574
1.47761
1.46006
1.44298
1.42649
1.4103
1.3948
1.37939
1.36483
1.35009
1.3364
1.3223
1.30943
1.29596
1.28373
1.27086
1.25914
1.24691
1.23563
1.22397
1.21314
1.20201
1.19164
1.18104
1.17117
1.16118
1.15177
1.14254
1.13352
1.12516
1.11656
1.10898
1.10107
1.0941
1.08692
1.08058
1.07379
1.06819
1.06166
1.05665
1.05055
1.04609
1.04043
1.03666
1.03139
1.02824
1.02344
1.02066
1.0166
1.01363
1.0103
1.00849
1
1.00001
1.00003
1.00008
1.00017
1.00043
1.00101
1.00245
1.00599
1.01419
1.0354
1.08553
1.21467
1.39388
1.57766
1.6324
1.65164
1.67732
1.71164
1.76097
1.83721
1.9084
2.03619
2.11667
2.11858
2.09399
2.06823
2.02285
1.97769
1.93681
1.90125
1.86989
1.84175
1.81531
1.78986
1.76473
1.74001
1.71576
1.69208
1.66914
1.64691
1.62533
1.60417
1.58353
1.5634
1.54372
1.52449
1.50567
1.48735
1.46951
1.45227
1.43544
1.41918
1.40317
1.38777
1.37242
1.35783
1.34302
1.32921
1.31496
1.30189
1.28826
1.27585
1.26289
1.25102
1.23872
1.2273
1.21562
1.20468
1.19356
1.18316
1.17262
1.1628
1.15295
1.14363
1.13461
1.12565
1.1175
1.10899
1.10156
1.09382
1.08697
1.07997
1.07384
1.0672
1.0618
1.05547
1.05065
1.04477
1.04054
1.03507
1.0315
1.02635
1.0233
1.01852
1.01573
1.01163
1.00851
1.00506
1.00312
1
1
1.00001
1.00003
1.00007
1.00017
1.00039
1.001
1.00219
1.00585
1.01277
1.03364
1.07805
1.19556
1.36983
1.58958
1.66095
1.7387
1.84101
1.95387
2.05029
2.13087
2.15202
2.13373
2.1013
2.05416
2.01742
1.98162
1.94384
1.909
1.87921
1.85296
1.82765
1.80242
1.77714
1.75226
1.7278
1.70392
1.68063
1.6579
1.63576
1.6142
1.59328
1.57293
1.55313
1.5338
1.5149
1.4964
1.47833
1.46065
1.44347
1.42669
1.41048
1.39453
1.37919
1.36387
1.3493
1.33455
1.32079
1.30666
1.29368
1.28021
1.26787
1.25506
1.24325
1.23113
1.21983
1.20836
1.19758
1.1867
1.17649
1.1662
1.1566
1.14701
1.13795
1.1292
1.12055
1.11272
1.10458
1.09749
1.09006
1.08349
1.07669
1.0707
1.0642
1.05887
1.0526
1.04781
1.04194
1.03764
1.03213
1.02838
1.02316
1.01994
1.01506
1.01221
1.00795
1.00493
1.0013
0.999578
1
1
1.00001
1.00001
1.00003
1.00008
1.00019
1.00046
1.00111
1.00265
1.00656
1.01522
1.03807
1.08898
1.21952
1.45126
1.62509
1.96467
2.05483
2.18442
2.22695
2.21108
2.18044
2.11317
2.05548
2.02044
1.9927
1.95965
1.92518
1.8946
1.8684
1.84377
1.81833
1.79187
1.76529
1.73947
1.7146
1.69062
1.66733
1.64465
1.62255
1.6011
1.58031
1.5602
1.54071
1.52175
1.50322
1.48507
1.46728
1.44985
1.43288
1.41626
1.40018
1.38433
1.36909
1.35392
1.33952
1.325
1.31148
1.29764
1.28492
1.27174
1.25966
1.24712
1.23552
1.22362
1.21247
1.20118
1.19054
1.17985
1.16982
1.15976
1.15036
1.141
1.13216
1.12361
1.11516
1.10747
1.09948
1.09248
1.08517
1.0787
1.07201
1.06615
1.05978
1.0546
1.04851
1.04387
1.03817
1.03402
1.0287
1.02511
1.02007
1.01699
1.01228
1.00956
1.00541
1.00251
0.99891
0.997315
)
;

boundaryField
{
    inlet
    {
        type            fixedValue;
        value           uniform 1;
    }
    outlet
    {
        type            zeroGradient;
    }
    top
    {
        type            symmetryPlane;
    }
    bottom
    {
        type            symmetryPlane;
    }
    obstacle
    {
        type            zeroGradient;
    }
    frontAndBack
    {
        type            empty;
    }
}


// ************************************************************************* //
