/*--------------------------------*- C++ -*----------------------------------*\
  =========                 |
  \\      /  F ield         | OpenFOAM: The Open Source CFD Toolbox
   \\    /   O peration     | Website:  https://openfoam.org
    \\  /    A nd           | Version:  13
     \\/     M anipulation  |
\*---------------------------------------------------------------------------*/
FoamFile
{
    format      ascii;
    class       volScalarField;
    location    "1.5";
    object      Ma;
}
// * * * * * * * * * * * * * * * * * * * * * * * * * * * * * * * * * * * * * //

dimensions      [];

internalField   nonuniform List<scalar> 
5250
(
3
2.99999
2.99995
2.99986
2.99963
2.99908
2.99773
2.99427
2.98623
2.96492
2.91487
2.78487
2.47237
1.80129
0.799219
0.299267
0.330932
0.343475
0.318364
0.271598
0.215297
0.166709
0.122722
0.0774342
0.0440116
3
2.99999
2.99995
2.99986
2.99964
2.99909
2.99771
2.99449
2.98588
2.9663
2.91422
2.78868
2.47649
1.81128
0.80975
0.308242
0.333718
0.343472
0.320606
0.275359
0.22021
0.173581
0.132315
0.0919648
0.0667969
3
2.99999
2.99995
2.99986
2.99966
2.99907
2.99789
2.99427
2.987
2.96555
2.91825
2.79115
2.48861
1.83241
0.833419
0.328198
0.339821
0.346343
0.328
0.286062
0.233986
0.191413
0.155452
0.122941
0.105133
3
2.99999
2.99995
2.99988
2.99964
2.99919
2.99777
2.9949
2.98659
2.9682
2.91897
2.80027
2.50402
1.86506
0.87126
0.356861
0.34794
0.354522
0.339991
0.302491
0.255082
0.217302
0.187107
0.16116
0.147593
3
2.99999
2.99996
2.99987
2.99967
2.99919
2.99793
2.99509
2.98723
2.96985
2.92254
2.8102
2.52601
1.91074
0.926119
0.394727
0.358216
0.365929
0.355769
0.323381
0.281481
0.248647
0.22396
0.203378
0.19282
3
2.99999
2.99996
2.99988
2.99969
2.99925
2.99803
2.99544
2.9879
2.97188
2.92699
2.82215
2.55362
1.96813
0.995915
0.440952
0.369571
0.379912
0.375554
0.348314
0.312476
0.285139
0.266087
0.250777
0.243347
3
2.99999
2.99996
2.9999
2.9997
2.99933
2.99817
2.99577
2.98899
2.97365
2.93323
2.83504
2.5874
2.03498
1.08627
0.497343
0.382468
0.396874
0.399287
0.377161
0.347812
0.32666
0.313835
0.304692
0.302925
3
2.99999
2.99997
2.9999
2.99976
2.99933
2.99848
2.99587
2.99065
2.97507
2.94124
2.84909
2.62727
2.11505
1.20162
0.565439
0.398282
0.417763
0.427502
0.410427
0.388284
0.373626
0.36799
0.368047
0.377136
3
3
2.99997
2.99992
2.99976
2.99948
2.99851
2.99672
2.99104
2.97934
2.94626
2.86933
2.66962
2.20984
1.34801
0.645973
0.421045
0.445659
0.461924
0.44952
0.434114
0.427187
0.43072
0.445284
0.478903
3
3
2.99998
2.99992
2.99982
2.99949
2.99887
2.99688
2.99291
2.98126
2.95559
2.88652
2.71942
2.31674
1.52936
0.743256
0.45882
0.485544
0.504655
0.496038
0.486545
0.486605
0.50421
0.549062
0.650505
3.00001
3
2.99998
2.99995
2.99983
2.99962
2.99894
2.99761
2.99362
2.98512
2.96178
2.90741
2.76695
2.433
1.7446
0.852401
0.51242
0.538037
0.552987
0.548147
0.543362
0.553401
0.589858
0.674435
0.845642
3.00001
3
2.99999
2.99995
2.99987
2.99964
2.99918
2.99782
2.99487
2.98693
2.96827
2.92066
2.80308
2.51389
1.89161
0.956831
0.566144
0.577455
0.591808
0.598343
0.60226
0.62258
0.673669
0.778505
0.959077
3.00001
3
2.99999
2.99996
2.99989
2.99972
2.99927
2.99824
2.99561
2.98907
2.97331
2.93318
2.83452
2.58762
2.04072
1.12146
0.654409
0.605453
0.622189
0.638322
0.65365
0.684159
0.743327
0.847386
1.00696
3.00001
3
2.99999
2.99997
2.99992
2.99976
2.99943
2.99851
2.99641
2.99104
2.97776
2.94533
2.86315
2.65944
2.18827
1.33046
0.760389
0.631504
0.648449
0.671331
0.697759
0.735451
0.795688
0.889788
1.02591
3.00001
3
3
2.99998
2.99993
2.99982
2.99952
2.99885
2.99708
2.99287
2.98238
2.95624
2.89168
2.72906
2.34364
1.58377
0.890746
0.674369
0.682982
0.705372
0.737556
0.778977
0.838381
0.920431
1.036
3.00001
3
3
2.99998
2.99995
2.99986
2.99964
2.99911
2.99774
2.99462
2.98614
2.9673
2.91662
2.79673
2.49984
1.87986
1.0457
0.742042
0.730569
0.74787
0.778219
0.817784
0.874041
0.947278
1.04436
3.00001
3.00001
3
2.99999
2.99996
2.99989
2.99973
2.99928
2.99834
2.99555
2.98993
2.97316
2.93738
2.83925
2.60751
2.08377
1.22177
0.819286
0.770528
0.786073
0.814663
0.853376
0.904576
0.970994
1.05333
3.00001
3.00001
3
2.99999
2.99997
2.99992
2.9998
2.99946
2.99871
2.99672
2.99198
2.98021
2.95099
2.87858
2.69727
2.2755
1.48084
0.944088
0.81347
0.821367
0.846306
0.883852
0.931368
0.991837
1.06441
3.00001
3.00001
3
3
2.99998
2.99994
2.99985
2.9996
2.99908
2.99752
2.99442
2.98497
2.96555
2.91072
2.78343
2.46812
1.82248
1.10434
0.875184
0.862474
0.879616
0.913573
0.957887
1.01167
1.07579
3.00001
3.00001
3
3
2.99999
2.99996
2.99988
2.99974
2.99926
2.99837
2.99556
2.98988
2.97365
2.93742
2.84192
2.61412
2.10425
1.30015
0.95324
0.903366
0.91538
0.944921
0.985331
1.03241
1.08813
3.00001
3.00001
3.00001
3
2.99999
2.99998
2.99992
2.99981
2.99947
2.99883
2.99678
2.99282
2.98087
2.95539
2.88599
2.72144
2.32974
1.58685
1.08181
0.950554
0.950855
0.972665
1.01
1.05385
1.1034
3.00001
3.00001
3.00001
3
3
2.99998
2.99995
2.99987
2.99965
2.99917
2.99783
2.99506
2.9869
2.97003
2.92265
2.81469
2.54566
1.9761
1.26278
1.02164
0.993274
1.00576
1.03504
1.07574
1.11982
3.00001
3.00001
3.00001
3.00001
3
2.99999
2.99997
2.9999
2.99978
2.99938
2.99864
2.99625
2.99164
2.97791
2.94837
2.86897
2.6815
2.24757
1.49509
1.11138
1.03552
1.04043
1.06241
1.0976
1.13906
3.00001
3.00001
3.00001
3.00001
3
3
2.99998
2.99994
2.99985
2.99961
2.99902
2.99763
2.99402
2.98588
2.96404
2.91397
2.78441
2.48172
1.8551
1.26802
1.09352
1.07699
1.08993
1.11898
1.15728
3.00001
3.00001
3.00001
3.00001
3.00001
3
2.99999
2.99996
2.9999
2.99973
2.9994
2.99832
2.99635
2.99011
2.97752
2.94216
2.86135
2.65771
2.20314
1.49437
1.1811
1.11952
1.12263
1.14392
1.17609
3.00001
3.00001
3.00001
3.00001
3.00001
3
3
2.99998
2.99993
2.99984
2.99957
2.99901
2.99744
2.99391
2.98491
2.96309
2.90964
2.77727
2.46549
1.83987
1.32284
1.17233
1.15661
1.16779
1.19378
3.00001
3.00001
3.00001
3.00001
3.00001
3
3
2.99999
2.99997
2.99989
2.99975
2.99933
2.99845
2.99603
2.99059
2.97662
2.94329
2.86054
2.66136
2.20982
1.54436
1.25739
1.19981
1.19942
1.21705
3.00001
3.00001
3.00001
3.00001
3.00001
3.00001
3
3
2.99998
2.99994
2.99983
2.99962
2.99896
2.99765
2.99389
2.98574
2.96413
2.91377
2.78691
2.49043
1.89479
1.40014
1.25129
1.23194
1.24051
3.00001
3.00001
3.00001
3.00001
3.00001
3.00001
3.00001
3
2.99999
2.99996
2.99991
2.99974
2.99942
2.99847
2.99642
2.99102
2.9784
2.9471
2.87084
2.68635
2.26557
1.62995
1.34007
1.27651
1.27163
3.00001
3.00001
3.00001
3.00001
3.00001
3.00001
3.00001
3
3
2.99998
2.99995
2.99985
2.99964
2.99908
2.99789
2.99449
2.98755
2.96753
2.92482
2.81108
2.55188
2.01002
1.49582
1.33045
1.30426
3.00001
3.00001
3.00001
3.00001
3.00001
3.00001
3.00001
3.00001
3
2.99999
2.99997
2.99992
2.99978
2.99948
2.99868
2.99683
2.99231
2.98097
2.95465
2.88748
2.72956
2.35934
1.75091
1.42746
1.34631
3.00001
3.00001
3.00001
3.00001
3.00001
3.00001
3.00001
3.00001
3
3
2.99999
2.99996
2.99987
2.99971
2.99921
2.99826
2.99531
2.98972
2.9729
2.93806
2.84454
2.63312
2.16568
1.61521
1.40995
3.00001
3.00001
3.00001
3.00001
3.00001
3.00001
3.00001
3.00001
3.00001
3
3
2.99998
2.99993
2.99983
2.99955
2.99897
2.99729
2.99398
2.98401
2.96403
2.90791
2.78234
2.47682
1.91409
1.52167
3.00001
3.00001
3.00001
3.00001
3.00001
3.00001
3.00001
3.00001
3.00001
3.00001
3
2.99999
2.99997
2.9999
2.99977
2.99938
2.99855
2.99641
2.99135
2.97915
2.94892
2.87727
2.7031
2.30875
1.74949
3.00001
3.00001
3.00001
3.00001
3.00001
3.00001
3.00001
3.00001
3.00001
3.00001
3
3
2.99998
2.99995
2.99987
2.99966
2.99923
2.99794
2.99552
2.98797
2.9734
2.93151
2.84023
2.61208
2.14623
3.00001
3.00001
3.00001
3.00001
3.00001
3.00001
3.00001
3.00001
3.00001
3.00001
3.00001
3
2.99999
2.99998
2.99993
2.99983
2.99955
2.99892
2.99737
2.99358
2.9848
2.96214
2.91077
2.78103
2.48506
3.00001
3.00001
3.00001
3.00001
3.00001
3.00001
3.00001
3.00001
3.00001
3.00001
3.00001
3.00001
3
2.99999
2.99997
2.99991
2.99975
2.99944
2.99851
2.99674
2.99126
2.9808
2.95027
2.88498
2.71858
3.00001
3.00001
3.00001
3.00001
3.00001
3.00001
3.00001
3.00001
3.00001
3.00001
3.00001
3.00001
3
3
2.99999
2.99995
2.99988
2.99968
2.99928
2.99811
2.99588
2.98903
2.97584
2.93817
2.85708
3.00001
3.00001
3.00001
3.00001
3.00001
3.00001
3.00001
3.00001
3.00001
3.00001
3.00001
3.00001
3.00001
3
3
2.99998
2.99994
2.99985
2.9996
2.99907
2.99768
2.99445
2.98674
2.96744
2.92321
3.00001
3.00001
3.00001
3.00001
3.00001
3.00001
3.00001
3.00001
3.00001
3.00001
3.00001
3.00001
3.00001
3.00001
3
2.99999
2.99997
2.99992
2.9998
2.99951
2.99878
2.99719
2.99282
2.98378
2.95864
3.00001
3.00001
3.00001
3.00001
3.00001
3.00001
3.00001
3.00001
3.00001
3.00001
3.00001
3.00001
3.00001
3.00001
3.00001
3
2.99999
2.99996
2.99991
2.99974
2.99943
2.99846
2.99664
2.99124
2.98023
3.00001
3.00001
3.00001
3.00001
3.00001
3.00001
3.00001
3.00001
3.00001
3.00001
3.00001
3.00001
3.00001
3.00001
3.00001
3
3
2.99999
2.99995
2.99989
2.99969
2.9993
2.99822
2.99585
2.98999
3.00001
3.00001
3.00001
3.00001
3.00001
3.00001
3.00001
3.00001
3.00001
3.00001
3.00001
3.00001
3.00001
3.00001
3.00001
3.00001
3
3
2.99998
2.99994
2.99986
2.99965
2.99913
2.99797
2.9949
3.00001
3.00001
3.00001
3.00001
3.00001
3.00001
3.00001
3.00001
3.00001
3.00001
3.00001
3.00001
3.00001
3.00001
3.00001
3.00001
3.00001
3
2.99999
2.99998
2.99993
2.99983
2.99958
2.99897
2.99761
3.00001
3.00001
3.00001
3.00001
3.00001
3.00001
3.00001
3.00001
3.00001
3.00001
3.00001
3.00001
3.00001
3.00001
3.00001
3.00001
3.00001
3.00001
3
2.99999
2.99997
2.99992
2.9998
2.99951
2.99882
3.00001
3.00001
3.00001
3.00001
3.00001
3.00001
3.00001
3.00001
3.00001
3.00001
3.00001
3.00001
3.00001
3.00001
3.00001
3.00001
3.00001
3.00001
3
3
2.99999
2.99997
2.9999
2.99978
2.99942
3.00001
3.00001
3.00001
3.00001
3.00001
3.00001
3.00001
3.00001
3.00001
3.00001
3.00001
3.00001
3.00001
3.00001
3.00001
3.00001
3.00001
3.00001
3.00001
3
3
2.99999
2.99996
2.99989
2.99975
3.00001
3.00001
3.00001
3.00001
3.00001
3.00001
3.00001
3.00001
3.00001
3.00001
3.00001
3.00001
3.00001
3.00001
3.00001
3.00001
3.00001
3.00001
3.00001
3.00001
3
3
2.99999
2.99995
2.99988
3.00001
3.00001
3.00001
3.00001
3.00001
3.00001
3.00001
3.00001
3.00001
3.00001
3.00001
3.00001
3.00001
3.00001
3.00001
3.00001
3.00001
3.00001
3.00001
3.00001
3.00001
3
3
2.99998
2.99995
3.00001
3.00001
3.00001
3.00001
3.00001
3.00001
3.00001
3.00001
3.00001
3.00001
3.00001
3.00001
3.00001
3.00001
3.00001
3.00001
3.00001
3.00001
3.00001
3.00001
3.00001
3.00001
3
2.99999
2.99997
1.11771
1.32207
1.38942
1.35962
1.29461
1.22166
1.14763
1.11269
1.10582
1.11016
1.11597
1.12004
1.11975
1.11868
1.1175
1.11714
1.11809
1.11943
1.12211
1.1263
1.13102
1.13581
1.14085
1.14638
1.15247
1.15905
1.16609
1.17353
1.18137
1.18956
1.19807
1.20682
1.21573
1.22472
1.23374
1.24273
1.25166
1.26052
1.26932
1.27802
1.28662
1.29514
1.30363
1.31198
1.32015
1.3283
1.33649
1.3447
1.35291
1.36095
1.36853
1.37452
1.37888
1.38199
1.38141
1.37429
1.35183
1.30225
1.21548
1.10226
0.99412
0.910643
0.865153
0.860274
0.880951
0.901627
0.92655
0.953275
0.973766
0.990506
1.00682
1.02295
1.03928
1.05662
1.07518
1.09586
1.11656
1.13636
1.15447
1.17223
1.18755
1.2028
1.2165
1.23019
1.24378
1.25747
1.27168
1.2861
1.30073
1.31477
1.32909
1.34214
1.35601
1.36834
1.38141
1.39318
1.40514
1.41547
1.4247
1.4296
1.13071
1.24996
1.31963
1.36994
1.41931
1.46272
1.47706
1.47594
1.46538
1.44597
1.43188
1.42592
1.42754
1.43
1.43353
1.43658
1.43839
1.43966
1.44112
1.44307
1.44604
1.44962
1.45357
1.45783
1.46226
1.46686
1.47166
1.4767
1.48198
1.48749
1.49322
1.49917
1.50533
1.51169
1.51825
1.52501
1.53192
1.53901
1.54615
1.55347
1.56074
1.56819
1.57556
1.58308
1.5905
1.59796
1.60534
1.6127
1.61976
1.62654
1.63196
1.6358
1.63817
1.63724
1.6308
1.61093
1.5665
1.49734
1.42924
1.38018
1.34184
1.30211
1.25737
1.21351
1.18344
1.17026
1.17357
1.18787
1.20657
1.2323
1.26054
1.28414
1.30313
1.3178
1.32965
1.33877
1.34777
1.35816
1.37054
1.38543
1.40195
1.41904
1.43561
1.45195
1.46687
1.48095
1.4933
1.50469
1.51529
1.52564
1.536
1.54637
1.55664
1.56696
1.57713
1.58717
1.59708
1.60571
1.61349
1.61637
1.13387
1.24337
1.34163
1.43606
1.52513
1.59554
1.6362
1.64391
1.6417
1.63059
1.61481
1.60005
1.59401
1.59166
1.59315
1.59492
1.59771
1.60029
1.60239
1.60446
1.60674
1.60952
1.61261
1.61594
1.61953
1.62334
1.62733
1.6315
1.63584
1.64034
1.645
1.64984
1.65486
1.66006
1.66549
1.6711
1.67697
1.68298
1.68921
1.69555
1.70206
1.7087
1.71545
1.72235
1.72929
1.73632
1.74336
1.75015
1.75672
1.76154
1.76493
1.76654
1.76488
1.75617
1.73191
1.67929
1.60472
1.54173
1.51461
1.51624
1.52057
1.52016
1.50887
1.48548
1.45161
1.41153
1.37338
1.34994
1.34128
1.35153
1.3641
1.38219
1.40722
1.43358
1.45677
1.47588
1.49155
1.50463
1.51499
1.52416
1.53436
1.5463
1.55975
1.57402
1.58802
1.60206
1.61538
1.62847
1.64076
1.65246
1.66354
1.67416
1.68447
1.69458
1.70453
1.71422
1.72387
1.73225
1.73989
1.74258
1.14937
1.25597
1.35675
1.44905
1.53211
1.60078
1.65687
1.69752
1.72415
1.73246
1.73274
1.72898
1.71948
1.7113
1.70581
1.7053
1.70623
1.70814
1.71135
1.71466
1.7176
1.7203
1.72287
1.72568
1.72873
1.73201
1.73558
1.73944
1.74348
1.74766
1.75201
1.75656
1.76135
1.7664
1.77173
1.77735
1.78325
1.78942
1.79582
1.80241
1.80914
1.81603
1.82289
1.83003
1.83677
1.84396
1.85028
1.85662
1.86045
1.86297
1.86354
1.86012
1.84644
1.81298
1.74645
1.66209
1.5984
1.57848
1.59076
1.609
1.62746
1.64466
1.65459
1.65513
1.64666
1.62717
1.59791
1.56311
1.52227
1.4891
1.46635
1.4583
1.4695
1.48291
1.50156
1.52694
1.55276
1.57722
1.59729
1.61484
1.62795
1.63871
1.64832
1.65795
1.66841
1.6801
1.69251
1.70532
1.71803
1.73077
1.74303
1.75533
1.76677
1.77865
1.78919
1.80039
1.81036
1.82002
1.82812
1.83178
1.15229
1.25757
1.35361
1.44105
1.52256
1.5946
1.65998
1.7151
1.76005
1.79033
1.80594
1.80869
1.80823
1.80453
1.79741
1.79199
1.78837
1.78751
1.78838
1.78967
1.79222
1.7953
1.79836
1.80132
1.80425
1.80728
1.81049
1.81391
1.81754
1.82138
1.8255
1.82987
1.83454
1.83947
1.84466
1.85008
1.85568
1.8615
1.86745
1.87363
1.87985
1.88637
1.89276
1.89952
1.90599
1.91249
1.91829
1.92178
1.92371
1.92346
1.91789
1.89958
1.85669
1.77962
1.68792
1.62654
1.6131
1.62736
1.64605
1.66906
1.69127
1.71442
1.73178
1.7453
1.75232
1.75344
1.74765
1.7324
1.70904
1.67937
1.6414
1.60538
1.57164
1.55032
1.54247
1.55486
1.56938
1.58821
1.61247
1.6387
1.66241
1.68326
1.70047
1.71472
1.72702
1.73751
1.74732
1.7572
1.76717
1.7781
1.78957
1.80175
1.81348
1.82582
1.83784
1.84956
1.86176
1.87195
1.88238
1.88669
1.15035
1.2506
1.34361
1.42823
1.50693
1.57884
1.64391
1.70106
1.75108
1.79192
1.82555
1.84756
1.8605
1.86336
1.86321
1.86093
1.85541
1.85164
1.84789
1.84824
1.84878
1.85063
1.85364
1.85766
1.86172
1.86556
1.86906
1.87248
1.8759
1.8796
1.88351
1.88775
1.8922
1.8969
1.90179
1.90685
1.91208
1.91749
1.92307
1.92884
1.93477
1.94079
1.94706
1.95307
1.95909
1.96428
1.9668
1.968
1.96672
1.95808
1.93409
1.88037
1.79143
1.69673
1.64469
1.63717
1.65119
1.67004
1.68982
1.71369
1.73625
1.75876
1.7786
1.7967
1.81059
1.82249
1.82885
1.83175
1.82998
1.82129
1.80457
1.78234
1.75176
1.71968
1.68199
1.65181
1.62829
1.62093
1.63406
1.64879
1.66664
1.69019
1.71503
1.73776
1.75795
1.77373
1.78854
1.80068
1.81156
1.82179
1.83118
1.84131
1.85199
1.86319
1.87558
1.88715
1.90049
1.91082
1.92277
1.9276
1.14696
1.2393
1.32814
1.41058
1.487
1.55743
1.62283
1.68176
1.73579
1.7827
1.82386
1.85767
1.88457
1.90146
1.91017
1.91194
1.91182
1.91035
1.9066
1.90443
1.90219
1.90306
1.90394
1.90577
1.90867
1.91259
1.91637
1.92022
1.92364
1.92737
1.93099
1.93494
1.93901
1.94333
1.94789
1.9526
1.95754
1.96264
1.96795
1.97343
1.97899
1.98483
1.99045
1.9958
2.00034
2.00224
2.0026
1.99968
1.98749
1.95639
1.89077
1.79001
1.69383
1.65512
1.65236
1.66589
1.6842
1.70445
1.72574
1.74863
1.77019
1.79205
1.81189
1.83122
1.84847
1.86409
1.87745
1.88863
1.89738
1.90196
1.9038
1.90142
1.89282
1.8769
1.85474
1.82923
1.79331
1.76074
1.72574
1.70092
1.69089
1.70341
1.71698
1.73362
1.75532
1.77779
1.80141
1.81982
1.83825
1.85204
1.86623
1.87779
1.88973
1.90012
1.91159
1.92146
1.93333
1.94322
1.95484
1.95987
1.14617
1.23019
1.31253
1.3907
1.46477
1.53365
1.59827
1.65778
1.71278
1.76273
1.80754
1.84605
1.87922
1.90596
1.92765
1.94107
1.94921
1.95129
1.95144
1.95075
1.94838
1.94644
1.94456
1.94541
1.94625
1.94809
1.95122
1.95563
1.96044
1.96499
1.96924
1.97323
1.97716
1.98126
1.98554
1.99005
1.99476
1.99968
2.0048
2.00996
2.01529
2.02059
2.02528
2.02874
2.03014
2.02982
2.02457
2.00822
1.96881
1.8897
1.78017
1.68921
1.66297
1.66324
1.67568
1.69395
1.71274
1.73453
1.75496
1.77672
1.79718
1.81758
1.83641
1.85512
1.87257
1.8897
1.9058
1.9207
1.93495
1.94685
1.95869
1.96657
1.97238
1.97462
1.97303
1.9656
1.95057
1.93203
1.90223
1.87386
1.83386
1.80003
1.77024
1.75724
1.76894
1.78161
1.79754
1.81692
1.84029
1.86123
1.88373
1.89937
1.91698
1.92974
1.94435
1.95525
1.96786
1.97693
1.98686
1.99185
1.14784
1.22363
1.29937
1.37254
1.4428
1.50917
1.57196
1.63061
1.68564
1.73613
1.78322
1.82535
1.86382
1.89668
1.9253
1.94824
1.9662
1.97721
1.9841
1.98611
1.98652
1.98619
1.98549
1.9841
1.9846
1.98506
1.98645
1.98871
1.99209
1.99632
2.00079
2.00524
2.00955
2.0137
2.01779
2.02193
2.02624
2.03069
2.03531
2.03999
2.04465
2.04877
2.05079
2.05138
2.05008
2.04239
2.021
1.97201
1.8783
1.76341
1.67997
1.6621
1.6678
1.68017
1.6967
1.71693
1.73785
1.75919
1.77918
1.79991
1.81925
1.83896
1.85738
1.87601
1.89394
1.91184
1.92931
1.94668
1.96354
1.9799
1.99561
2.00917
2.02303
2.03276
2.0426
2.04732
2.04978
2.04838
2.04212
2.02823
2.00723
1.9847
1.94808
1.91592
1.87337
1.84348
1.82579
1.83474
1.84744
1.86268
1.88108
1.90109
1.92464
1.94333
1.96437
1.97769
1.994
2.00466
2.01717
2.02206
1.15215
1.22041
1.28979
1.35805
1.42423
1.4876
1.54803
1.6051
1.65907
1.70949
1.75669
1.80027
1.84048
1.87681
1.9097
1.93794
1.96224
1.98164
1.99679
2.00639
2.01242
2.01471
2.01544
2.01549
2.01529
2.01459
2.01497
2.01547
2.01703
2.01952
2.02311
2.02738
2.0319
2.03637
2.04066
2.04498
2.04908
2.05327
2.05746
2.06137
2.0645
2.06598
2.06583
2.06312
2.05272
2.02579
1.9661
1.85906
1.7409
1.67291
1.66133
1.66993
1.68301
1.69969
1.71871
1.74025
1.76118
1.78222
1.80233
1.82248
1.84186
1.86123
1.87967
1.89843
1.91644
1.93477
1.95299
1.97073
1.98881
2.00588
2.023
2.03954
2.0555
2.06998
2.08501
2.09568
2.10819
2.11594
2.12206
2.12482
2.12439
2.11914
2.10627
2.08964
2.06215
2.03659
1.99449
1.95908
1.92006
1.90179
1.90299
1.91493
1.93077
1.94595
1.96502
1.984
2.00641
2.021
2.03954
2.04388
1.15998
1.2203
1.2834
1.34648
1.40833
1.4682
1.52581
1.58079
1.63324
1.68281
1.72974
1.77363
1.81487
1.85284
1.88809
1.91966
1.94839
1.97292
1.99414
2.01086
2.02389
2.03236
2.03779
2.04052
2.04162
2.04203
2.0424
2.04247
2.04313
2.04367
2.04543
2.04814
2.05187
2.056
2.06053
2.0649
2.06919
2.07336
2.07716
2.0794
2.08037
2.07969
2.07526
2.06168
2.02833
1.9568
1.83625
1.71763
1.66609
1.6577
1.66875
1.68436
1.70076
1.7207
1.7416
1.76355
1.78461
1.80546
1.82535
1.84524
1.86454
1.88369
1.90247
1.9211
1.93939
1.95777
1.97547
1.99343
2.01108
2.02835
2.04627
2.06263
2.08009
2.09613
2.11236
2.12766
2.14311
2.15555
2.16959
2.17866
2.18918
2.19474
2.19811
2.19859
2.19492
2.18449
2.16744
2.14767
2.11495
2.08596
2.03845
2.00568
1.97605
1.97066
1.98254
1.99473
2.00944
2.02409
2.04259
2.04968
1.16933
1.22338
1.27994
1.33766
1.39523
1.45164
1.50644
1.55916
1.60982
1.65819
1.70432
1.74807
1.78946
1.8283
1.8647
1.8983
1.92928
1.95721
1.98228
2.00388
2.02234
2.03701
2.04844
2.05596
2.06101
2.06344
2.06467
2.06522
2.06546
2.06578
2.06628
2.06738
2.0695
2.07255
2.07651
2.08064
2.08484
2.08879
2.09075
2.09124
2.0902
2.08415
2.06759
2.02766
1.94393
1.8132
1.69898
1.66116
1.65614
1.66791
1.68396
1.70236
1.72283
1.74432
1.76556
1.78719
1.80793
1.82857
1.84861
1.86833
1.88763
1.90664
1.92536
1.94382
1.96213
1.9801
1.99817
2.01585
2.0335
2.05084
2.06815
2.08517
2.10274
2.11905
2.13679
2.15251
2.16946
2.18493
2.20078
2.21469
2.22966
2.2404
2.25312
2.26086
2.2691
2.27264
2.27421
2.27176
2.26495
2.25083
2.22964
2.20747
2.1696
2.13573
2.08629
2.06272
2.03769
2.0464
2.05529
2.06024
1.18236
1.22989
1.28015
1.33258
1.38567
1.43836
1.49013
1.54045
1.58914
1.63601
1.68104
1.72404
1.76509
1.804
1.84085
1.87546
1.90786
1.93786
1.96549
1.99042
2.01273
2.03195
2.04831
2.06132
2.0714
2.07841
2.08301
2.08569
2.08718
2.08814
2.08856
2.08937
2.09012
2.09179
2.0942
2.09716
2.10024
2.10194
2.10211
2.10059
2.09305
2.07333
2.02665
1.93011
1.79139
1.68276
1.65442
1.65448
1.66616
1.68287
1.70245
1.72442
1.74633
1.76813
1.78941
1.81078
1.83141
1.8519
1.87167
1.89128
1.91055
1.92946
1.94825
1.96658
1.98493
2.00288
2.02077
2.03825
2.05594
2.07309
2.0908
2.1076
2.12513
2.14172
2.15925
2.17547
2.19319
2.20872
2.22609
2.24127
2.25755
2.27211
2.28742
2.29999
2.31426
2.32353
2.33509
2.34187
2.34746
2.35004
2.3498
2.34503
2.33336
2.31815
2.29239
2.26623
2.22348
2.18354
2.12757
2.13018
1.19665
1.23853
1.28378
1.33123
1.37979
1.42873
1.47735
1.52518
1.57182
1.61708
1.66083
1.70292
1.74331
1.78191
1.81869
1.85356
1.88659
1.91758
1.94666
1.97352
1.99826
2.02056
2.0404
2.05762
2.07212
2.08379
2.09296
2.09952
2.10403
2.10693
2.10851
2.10956
2.11028
2.11109
2.11192
2.11287
2.1133
2.1124
2.1096
2.10036
2.0769
2.02376
1.91521
1.77142
1.67005
1.64885
1.65357
1.66581
1.68259
1.70265
1.72525
1.74807
1.77034
1.79205
1.81319
1.8341
1.85457
1.87482
1.89476
1.91424
1.93353
1.9523
1.97114
1.98941
2.00783
2.02561
2.04366
2.06112
2.07881
2.09594
2.1134
2.13034
2.14797
2.16463
2.18237
2.19868
2.21628
2.23224
2.24981
2.26511
2.28257
2.29729
2.31408
2.32843
2.34421
2.35755
2.37248
2.38362
2.39707
2.40527
2.4154
2.4209
2.42493
2.42637
2.42393
2.41715
2.40107
2.3835
2.34381
2.33755
1.2123
1.2506
1.29102
1.33335
1.37779
1.42291
1.4682
1.51318
1.55748
1.60078
1.64296
1.68377
1.72323
1.76116
1.79767
1.83253
1.86588
1.89751
1.92746
1.95564
1.98198
2.00636
2.02877
2.04894
2.06695
2.08249
2.09567
2.10639
2.11476
2.12076
2.12522
2.12782
2.12916
2.12968
2.12975
2.12856
2.12694
2.12175
2.10902
2.08037
2.01866
1.89855
1.75291
1.66049
1.64294
1.65097
1.66516
1.68231
1.70305
1.7259
1.74912
1.77179
1.79392
1.81537
1.83636
1.85711
1.87756
1.89777
1.91763
1.93713
1.95651
1.97536
1.99434
2.0126
2.03115
2.04895
2.06708
2.08444
2.10231
2.11941
2.13721
2.1541
2.17173
2.1884
2.20602
2.2224
2.2401
2.25611
2.27366
2.28932
2.30663
2.32182
2.339
2.35358
2.37046
2.38453
2.40073
2.41421
2.42959
2.44175
2.45632
2.46629
2.47883
2.48619
2.4951
2.49907
2.50151
2.50037
2.49146
2.49327
1.2284
1.26366
1.30053
1.33954
1.37957
1.42119
1.46332
1.50541
1.54719
1.58832
1.6286
1.66792
1.70609
1.74313
1.77882
1.81333
1.84632
1.87812
1.90833
1.93718
1.96448
1.99017
2.01425
2.03652
2.05693
2.07547
2.0918
2.10594
2.11817
2.1277
2.1355
2.14115
2.14407
2.14489
2.14431
2.1423
2.13588
2.12044
2.08643
2.01607
1.8853
1.73857
1.65552
1.63925
1.64959
1.66445
1.68251
1.70385
1.7274
1.75067
1.77349
1.79546
1.8172
1.83835
1.85936
1.87994
1.9005
1.92064
1.94079
1.96036
1.97996
1.99887
2.018
2.03634
2.0551
2.07295
2.09132
2.1088
2.12679
2.14394
2.16171
2.1786
2.19638
2.21301
2.23078
2.24708
2.26475
2.28065
2.29825
2.31374
2.33122
2.34638
2.36363
2.37844
2.39541
2.40975
2.42644
2.44024
2.45651
2.46978
2.48547
2.49798
2.513
2.52414
2.53817
2.54723
2.5587
2.56504
2.57061
2.57506
1.246
1.27938
1.31268
1.34751
1.38431
1.42244
1.46146
1.50077
1.54009
1.57902
1.61744
1.65507
1.69186
1.72775
1.76253
1.79634
1.82898
1.86041
1.89071
1.9197
1.94737
1.97378
1.99872
2.02226
2.04415
2.06469
2.08329
2.10003
2.11565
2.12788
2.13958
2.1482
2.15305
2.1538
2.15242
2.14648
2.13033
2.09304
2.01632
1.87789
1.7313
1.65405
1.63919
1.65016
1.66613
1.68449
1.70635
1.72986
1.75378
1.7766
1.79859
1.81985
1.84104
1.86196
1.8829
1.9036
1.92424
1.9445
1.96471
1.98439
2.00408
2.02316
2.04243
2.06097
2.07981
2.09776
2.11617
2.13364
2.15176
2.16893
2.18682
2.20373
2.2214
2.238
2.25555
2.2718
2.28932
2.30523
2.32272
2.33827
2.35566
2.37081
2.38806
2.40282
2.41988
2.43427
2.45105
2.46504
2.48152
2.49505
2.51117
2.5242
2.53989
2.55229
2.56745
2.57892
2.59335
2.60328
2.61555
2.62117
1.26355
1.29477
1.32639
1.35871
1.39228
1.42734
1.46297
1.49961
1.53641
1.57313
1.60936
1.64526
1.68041
1.7149
1.74868
1.7814
1.81341
1.84442
1.87427
1.90335
1.93114
1.95781
1.98336
2.00785
2.03058
2.05248
2.07311
2.09108
2.10939
2.12431
2.13753
2.14974
2.15323
2.15289
2.14831
2.13338
2.09571
2.01577
1.87223
1.72631
1.65464
1.64217
1.65389
1.66983
1.68973
1.71235
1.73595
1.75916
1.78181
1.80367
1.82496
1.84573
1.86649
1.88712
1.90787
1.92844
1.94904
1.96922
1.98942
2.00902
2.0288
2.04782
2.06716
2.08559
2.10452
2.12249
2.14104
2.15859
2.1767
2.19382
2.21164
2.22841
2.24605
2.26254
2.28007
2.29629
2.31375
2.3296
2.34698
2.36245
2.37974
2.39489
2.41209
2.42689
2.44393
2.45831
2.47512
2.48909
2.50563
2.51921
2.53548
2.54865
2.56459
2.57729
2.59286
2.60498
2.62012
2.63135
2.64531
2.6523
1.28411
1.3089
1.34023
1.37053
1.40137
1.43363
1.46707
1.50103
1.53553
1.57007
1.60456
1.6385
1.67215
1.7051
1.73755
1.76936
1.80034
1.83066
1.86016
1.8887
1.91641
1.94332
1.96886
1.99364
2.01772
2.03944
2.06162
2.08154
2.09953
2.11796
2.13169
2.14238
2.14368
2.14019
2.12626
2.08922
2.00546
1.86398
1.7214
1.65334
1.64392
1.65738
1.67511
1.69583
1.7206
1.74508
1.76819
1.78978
1.81087
1.83175
1.85261
1.87313
1.89355
1.91369
1.93402
1.95418
1.97447
1.9944
2.01442
2.03382
2.05342
2.07233
2.09162
2.11012
2.12905
2.147
2.16549
2.18294
2.2011
2.21818
2.23606
2.25282
2.27049
2.28697
2.30449
2.32062
2.33802
2.35381
2.37117
2.38664
2.40396
2.41908
2.43625
2.45098
2.46796
2.4823
2.49909
2.51305
2.5296
2.54315
2.55941
2.57253
2.58847
2.60111
2.61673
2.62887
2.6442
2.65561
2.67
2.67728
1.30805
1.32679
1.35487
1.38471
1.41388
1.44318
1.47381
1.50515
1.53719
1.56962
1.60207
1.63441
1.6665
1.6981
1.7293
1.75999
1.79002
1.81957
1.84832
1.87624
1.90379
1.92984
1.95584
1.98061
2.00396
2.02794
2.04873
2.07023
2.09001
2.10656
2.12212
2.12499
2.12213
2.1096
2.07373
1.98998
1.84567
1.70893
1.64844
1.64115
1.65651
1.67826
1.70122
1.72731
1.75318
1.77736
1.7997
1.82032
1.84074
1.86097
1.88136
1.90135
1.92138
1.94102
1.96095
1.9806
2.00063
2.02013
2.03996
2.05901
2.07861
2.09725
2.11655
2.13475
2.15369
2.17151
2.19011
2.20753
2.22573
2.24274
2.26066
2.27733
2.29507
2.31145
2.32903
2.34511
2.36258
2.37834
2.39573
2.41111
2.4284
2.44341
2.46058
2.47525
2.49228
2.50658
2.5234
2.53729
2.55385
2.56731
2.58357
2.59661
2.61254
2.62513
2.64078
2.65288
2.66831
2.67971
2.69428
2.70159
1.33571
1.34511
1.36752
1.39687
1.42555
1.45377
1.48242
1.51173
1.54146
1.57172
1.60198
1.6326
1.663
1.69328
1.72309
1.75258
1.78159
1.81012
1.83795
1.86569
1.89189
1.91855
1.94366
1.96803
1.99296
2.01465
2.03819
2.05865
2.07781
2.09541
2.10017
2.09798
2.0861
2.05096
1.96656
1.81696
1.6851
1.63652
1.63467
1.6505
1.67455
1.70246
1.72945
1.75505
1.78073
1.80508
1.82815
1.84956
1.87035
1.8902
1.91025
1.92995
1.94993
1.96942
1.98922
2.00853
2.02821
2.04728
2.06684
2.08555
2.1049
2.12319
2.14235
2.16032
2.17923
2.19678
2.21529
2.23245
2.25064
2.26752
2.28548
2.30205
2.31981
2.33607
2.35366
2.36962
2.38706
2.40269
2.42004
2.43534
2.45261
2.46759
2.48475
2.49936
2.51634
2.53054
2.5473
2.56108
2.5776
2.59097
2.6072
2.62013
2.63605
2.64855
2.6642
2.67625
2.69169
2.70306
2.71767
2.72496
1.37357
1.37188
1.38567
1.40971
1.43815
1.46478
1.49139
1.51858
1.54636
1.57475
1.60362
1.63237
1.66129
1.69015
1.71875
1.74701
1.77517
1.80238
1.83003
1.856
1.88271
1.90816
1.93285
1.95837
1.98079
2.00525
2.0265
2.04722
2.06578
2.07203
2.06975
2.05756
2.0223
1.93446
1.7829
1.65381
1.61441
1.62151
1.64045
1.66366
1.69642
1.72638
1.75377
1.77894
1.80375
1.82803
1.85189
1.87461
1.89665
1.91752
1.93826
1.95821
1.97848
1.99813
2.01804
2.03719
2.05666
2.0753
2.09452
2.11275
2.13186
2.14975
2.16871
2.18619
2.20487
2.22205
2.24048
2.25742
2.27554
2.29218
2.31001
2.32638
2.34404
2.36016
2.37769
2.39354
2.41095
2.42651
2.44381
2.45903
2.47622
2.49109
2.50814
2.52263
2.53953
2.55366
2.57037
2.5841
2.60056
2.61388
2.63006
2.64296
2.65887
2.67137
2.68704
2.69912
2.7146
2.726
2.74068
2.74802
1.41568
1.40035
1.40685
1.42554
1.45165
1.47836
1.50338
1.5281
1.5535
1.57965
1.60667
1.63404
1.66152
1.68909
1.71649
1.74405
1.77048
1.79767
1.82342
1.84967
1.87533
1.89973
1.92553
1.94819
1.97291
1.99471
2.01594
2.03497
2.04181
2.03914
2.02611
1.9891
1.89565
1.7436
1.61808
1.5873
1.59971
1.62425
1.65037
1.68326
1.71716
1.74761
1.77501
1.8
1.82445
1.84857
1.87269
1.89601
1.91888
1.9407
1.9625
1.98343
2.00447
2.0246
2.04485
2.06417
2.08366
2.10226
2.1213
2.13941
2.15826
2.17593
2.19465
2.21195
2.23052
2.24746
2.26571
2.28231
2.30025
2.31665
2.33439
2.3506
2.36818
2.38415
2.40158
2.41729
2.43458
2.45
2.46717
2.48228
2.49936
2.51415
2.53113
2.54556
2.56241
2.57645
2.59311
2.60675
2.62318
2.63641
2.65259
2.66543
2.68136
2.69382
2.70952
2.72155
2.73706
2.74839
2.76311
2.77037
1.50198
1.44471
1.43532
1.44332
1.46266
1.4884
1.51375
1.53835
1.56282
1.58754
1.61261
1.63814
1.66394
1.68992
1.71621
1.74207
1.76842
1.79395
1.81927
1.84495
1.86893
1.89452
1.91742
1.9418
1.96399
1.98511
2.00427
2.0107
2.00716
1.9926
1.95234
1.85309
1.69968
1.58084
1.55844
1.57352
1.603
1.63378
1.66731
1.70145
1.73458
1.76498
1.79283
1.81849
1.84319
1.86752
1.89168
1.91522
1.93838
1.96086
1.98336
2.00513
2.02701
2.04799
2.06888
2.08879
2.10879
2.1278
2.14716
2.16548
2.18448
2.20226
2.22105
2.23831
2.2568
2.27357
2.29175
2.30819
2.32609
2.34227
2.35988
2.37581
2.39324
2.40895
2.42626
2.44173
2.45891
2.47412
2.4912
2.50611
2.52312
2.53772
2.55464
2.56891
2.58572
2.59962
2.61628
2.6298
2.64628
2.65941
2.67567
2.68842
2.70444
2.71681
2.73258
2.74451
2.76006
2.7713
2.78606
2.79325
1.66774
1.49985
1.46876
1.46704
1.47776
1.49812
1.52286
1.54704
1.57073
1.59444
1.61865
1.64322
1.668
1.69285
1.71762
1.74228
1.76731
1.79171
1.81706
1.8406
1.8654
1.8886
1.91216
1.93479
1.95539
1.97424
1.97991
1.9751
1.95843
1.91442
1.80979
1.65261
1.54321
1.52814
1.54544
1.5763
1.61413
1.64975
1.68342
1.71608
1.74838
1.77905
1.80762
1.83412
1.85944
1.88425
1.90878
1.93307
1.95694
1.98008
2.00292
2.02516
2.04752
2.06916
2.09085
2.11161
2.13227
2.15194
2.17183
2.19067
2.21006
2.22819
2.2472
2.26462
2.28327
2.30003
2.31827
2.33447
2.35229
2.36814
2.38567
2.40129
2.41862
2.434
2.45116
2.46628
2.48332
2.49818
2.51515
2.52976
2.54668
2.56103
2.57789
2.59194
2.60873
2.62247
2.63916
2.65256
2.66912
2.68215
2.69852
2.71117
2.7273
2.73957
2.75545
2.76728
2.78293
2.79411
2.80897
2.81615
1.95608
1.60651
1.50905
1.49264
1.49627
1.51053
1.53283
1.55772
1.58107
1.60367
1.62598
1.64887
1.67227
1.69622
1.71997
1.74428
1.76777
1.79167
1.81499
1.83872
1.86194
1.88447
1.9071
1.92698
1.94516
1.94988
1.94359
1.9241
1.87549
1.76513
1.60383
1.50708
1.49762
1.5186
1.54859
1.59047
1.63046
1.66535
1.69764
1.72889
1.76027
1.79079
1.82004
1.84756
1.87376
1.89911
1.92413
1.94889
1.97348
1.99746
2.02113
2.04384
2.06648
2.08839
2.11052
2.13175
2.15315
2.17347
2.19398
2.21331
2.23319
2.25172
2.27109
2.28875
2.3076
2.3244
2.34277
2.35891
2.37687
2.39254
2.41015
2.42547
2.44278
2.45783
2.47493
2.48973
2.5067
2.52126
2.53814
2.55247
2.56927
2.58338
2.60015
2.61402
2.63076
2.64438
2.66105
2.67437
2.69093
2.70391
2.7203
2.73291
2.74907
2.76131
2.77723
2.78906
2.80478
2.81602
2.83096
2.83824
2.35106
1.83211
1.59471
1.53486
1.5226
1.52781
1.5436
1.56637
1.59031
1.61304
1.63498
1.6566
1.67813
1.70047
1.72313
1.74625
1.76909
1.79241
1.81483
1.83764
1.85937
1.88165
1.90069
1.91743
1.92069
1.91266
1.88942
1.83428
1.71719
1.54996
1.47047
1.46865
1.49272
1.52335
1.5652
1.60732
1.64558
1.67931
1.71073
1.741
1.77156
1.80173
1.83121
1.85945
1.88644
1.91257
1.93814
1.96336
1.98843
2.01299
2.03733
2.06072
2.08386
2.10592
2.12804
2.14943
2.17119
2.19206
2.21327
2.23324
2.25373
2.27277
2.29262
2.3107
2.32998
2.34716
2.36593
2.38231
2.40058
2.41631
2.43414
2.44941
2.46686
2.48177
2.49892
2.51353
2.53043
2.54477
2.5615
2.57562
2.59227
2.60619
2.6228
2.63653
2.6531
2.66659
2.68312
2.69631
2.71274
2.72558
2.74186
2.75434
2.77042
2.78253
2.79843
2.81015
2.82588
2.837
2.852
2.85917
2.65418
2.23548
1.77041
1.59345
1.55782
1.55203
1.55976
1.57649
1.59851
1.62093
1.64299
1.66449
1.68608
1.70683
1.72797
1.74937
1.77132
1.79335
1.81553
1.83705
1.85812
1.87699
1.89149
1.89315
1.88262
1.85463
1.79025
1.66511
1.49473
1.43057
1.43849
1.4673
1.50133
1.54197
1.58296
1.6223
1.65912
1.69241
1.72348
1.75318
1.78293
1.81248
1.84188
1.87043
1.89812
1.92491
1.95107
1.97673
2.0022
2.02707
2.05181
2.07563
2.09937
2.12203
2.14473
2.16636
2.18833
2.20947
2.23113
2.25167
2.27271
2.29225
2.31258
2.33115
2.35087
2.36847
2.38759
2.40431
2.42288
2.4389
2.45701
2.47246
2.49014
2.50514
2.52245
2.53708
2.55407
2.56839
2.58515
2.59919
2.61583
2.62963
2.64618
2.65973
2.67623
2.6895
2.70594
2.71888
2.73524
2.74784
2.76407
2.77632
2.79241
2.80429
2.82025
2.83173
2.84756
2.85842
2.87351
2.88042
2.81271
2.55922
2.08193
1.71345
1.60021
1.5783
1.57868
1.58822
1.60622
1.62848
1.64999
1.67112
1.69217
1.71331
1.73436
1.75475
1.77533
1.79563
1.81643
1.8366
1.85506
1.86673
1.86676
1.85341
1.81954
1.74139
1.61035
1.44583
1.39555
1.40646
1.43973
1.48046
1.5219
1.56096
1.59894
1.63606
1.67173
1.70483
1.73594
1.7655
1.79474
1.82374
1.8527
1.88124
1.90921
1.9365
1.9632
1.98927
2.015
2.04005
2.06498
2.08907
2.11316
2.13628
2.15949
2.18166
2.20401
2.22527
2.24702
2.26783
2.28919
2.30922
2.32989
2.34889
2.36893
2.38697
2.40643
2.42362
2.44256
2.45902
2.47749
2.49332
2.51136
2.52664
2.54427
2.55903
2.57628
2.59059
2.60754
2.62147
2.6382
2.65179
2.66839
2.68167
2.69819
2.71117
2.72764
2.74031
2.75673
2.76909
2.78541
2.79747
2.81366
2.8254
2.84144
2.8528
2.86869
2.87942
2.89455
2.90135
2.90456
2.76673
2.4539
1.97197
1.696
1.6179
1.60258
1.60505
1.61671
1.63612
1.6583
1.67928
1.69901
1.71906
1.73921
1.75954
1.77992
1.7996
1.81797
1.83481
1.84333
1.84057
1.82394
1.78409
1.69196
1.55026
1.40036
1.36501
1.37972
1.41172
1.45722
1.50244
1.5425
1.57885
1.6144
1.64935
1.68378
1.71653
1.74792
1.7778
1.80706
1.83572
1.86423
1.89241
1.92029
1.94775
1.97475
2.00114
2.0271
2.0523
2.07731
2.10152
2.12578
2.14916
2.17271
2.19527
2.21807
2.23977
2.26175
2.2826
2.30407
2.32438
2.3454
2.36487
2.38525
2.40376
2.42358
2.44123
2.46055
2.47745
2.4963
2.51252
2.53095
2.5465
2.56451
2.57943
2.59706
2.61144
2.62872
2.64266
2.65965
2.67321
2.68996
2.70319
2.71976
2.73266
2.7491
2.76165
2.77797
2.79016
2.80635
2.8182
2.83421
2.84572
2.86156
2.87271
2.88841
2.89899
2.91401
2.92073
2.95048
2.88448
2.72156
2.36629
1.90811
1.69659
1.64197
1.6289
1.63191
1.64424
1.66433
1.68602
1.70673
1.72622
1.74543
1.76419
1.78331
1.80099
1.81676
1.82159
1.81504
1.79462
1.74761
1.6447
1.48586
1.35428
1.33481
1.35742
1.3889
1.43458
1.48102
1.5234
1.56119
1.59587
1.62966
1.66294
1.69615
1.72832
1.75975
1.78995
1.8195
1.84826
1.87657
1.90444
1.93197
1.95921
1.98611
2.01255
2.03859
2.06394
2.089
2.11329
2.13754
2.16103
2.18465
2.20744
2.23044
2.25245
2.27476
2.29594
2.31753
2.33795
2.35918
2.37897
2.39968
2.41856
2.43875
2.45682
2.47656
2.49389
2.51318
2.52983
2.54867
2.56466
2.58306
2.59839
2.61638
2.6311
2.6487
2.66289
2.68012
2.69385
2.71075
2.72407
2.74067
2.7536
2.76997
2.78249
2.7987
2.81081
2.82689
2.8386
2.85454
2.86588
2.88169
2.89263
2.90833
2.9187
2.93374
2.9402
2.97596
2.94312
2.86321
2.67745
2.29147
1.86893
1.69918
1.66274
1.65425
1.65858
1.67143
1.6915
1.71268
1.73287
1.75144
1.76979
1.7858
1.79926
1.80134
1.79071
1.76559
1.70832
1.59526
1.4221
1.30893
1.30317
1.33239
1.37007
1.41674
1.46067
1.50295
1.54203
1.57826
1.61216
1.64511
1.67723
1.70917
1.74038
1.77138
1.80164
1.83155
1.86065
1.88912
1.91685
1.94402
1.97082
1.99731
2.02353
2.04949
2.07489
2.10005
2.12445
2.14874
2.17228
2.1959
2.21871
2.24175
2.26386
2.28632
2.30771
2.32962
2.35022
2.37157
2.39151
2.41254
2.43176
2.45227
2.47067
2.49072
2.50841
2.52802
2.54507
2.56421
2.58062
2.5993
2.61506
2.6333
2.64843
2.66627
2.6808
2.6983
2.71228
2.72946
2.74294
2.75983
2.77287
2.78946
2.80209
2.81841
2.83062
2.8467
2.85848
2.87437
2.88571
2.90141
2.91229
2.92785
2.93809
2.953
2.95912
2.98847
2.97062
2.93331
2.8348
2.61619
2.19394
1.82931
1.70641
1.68094
1.67694
1.68327
1.69724
1.71699
1.73717
1.75564
1.77207
1.78278
1.78229
1.76679
1.73383
1.66177
1.53453
1.36117
1.27033
1.2754
1.30599
1.35054
1.39956
1.44397
1.48438
1.52254
1.55891
1.59399
1.62765
1.66045
1.69217
1.72334
1.75363
1.78374
1.81338
1.843
1.87211
1.90075
1.92861
1.95576
1.98231
2.00845
2.03428
2.05998
2.08526
2.11046
2.13492
2.15933
2.18286
2.20647
2.2292
2.25221
2.27427
2.29682
2.31829
2.34039
2.36122
2.38285
2.4029
2.42404
2.44347
2.46422
2.48287
2.5032
2.5212
2.54114
2.55851
2.57802
2.59474
2.6138
2.62987
2.64848
2.66394
2.68213
2.69704
2.71484
2.72923
2.74667
2.76053
2.77762
2.79094
2.8077
2.82048
2.83694
2.8492
2.86538
2.87714
2.89301
2.90429
2.91989
2.93066
2.94605
2.95619
2.97095
2.9769
2.99397
2.98641
2.96545
2.9209
2.80668
2.54734
2.11711
1.81394
1.71981
1.70043
1.69886
1.70623
1.72081
1.73903
1.75618
1.76618
1.76287
1.74279
1.70057
1.61059
1.46293
1.30068
1.23648
1.25082
1.28278
1.3299
1.38109
1.42674
1.46763
1.50477
1.54017
1.57458
1.60862
1.64195
1.67486
1.70672
1.73787
1.76784
1.79732
1.82611
1.85485
1.88331
1.91162
1.93945
1.96669
1.99325
2.01928
2.04478
2.07016
2.09508
2.12009
2.14445
2.16889
2.19245
2.21613
2.23886
2.26187
2.28394
2.30649
2.32803
2.35021
2.3712
2.39294
2.41322
2.43444
2.45395
2.47483
2.49369
2.51421
2.53244
2.55262
2.57025
2.59003
2.60705
2.62638
2.64277
2.66169
2.67748
2.69601
2.71123
2.7294
2.74407
2.76187
2.77601
2.79341
2.80702
2.82403
2.83709
2.85374
2.86623
2.88254
2.89445
2.91041
2.92176
2.93741
2.94817
2.96356
2.97364
2.98839
2.99408
2.99718
2.99313
2.98405
2.9605
2.90842
2.77892
2.48851
2.06226
1.81004
1.7361
1.72085
1.71998
1.72643
1.73875
1.74785
1.74262
1.71737
1.66448
1.55728
1.38808
1.24234
1.20571
1.22868
1.26355
1.31232
1.3614
1.40708
1.44899
1.48719
1.52252
1.55642
1.58956
1.6227
1.65553
1.68822
1.72005
1.75126
1.7813
1.81073
1.83924
1.86741
1.89509
1.9226
1.94983
1.97676
2.0033
2.02937
2.05487
2.08008
2.10469
2.12936
2.15341
2.17766
2.20114
2.22482
2.24759
2.27066
2.29278
2.31541
2.33702
2.35931
2.38037
2.40224
2.42261
2.44398
2.46356
2.48449
2.50347
2.52412
2.54252
2.56288
2.58069
2.6007
2.6179
2.63751
2.65413
2.67332
2.68939
2.70819
2.72374
2.74218
2.75719
2.77526
2.78971
2.80741
2.82129
2.83859
2.85188
2.86879
2.88146
2.89798
2.91003
2.92615
2.93757
2.9533
2.9641
2.97952
2.98958
3.00434
3.00989
2.9987
2.99671
2.99239
2.98154
2.95627
2.89587
2.75386
2.44087
2.02831
1.81363
1.75445
1.73939
1.73592
1.73369
1.72394
1.69117
1.62225
1.49239
1.31206
1.19043
1.17786
1.20462
1.24702
1.29845
1.3451
1.38799
1.42867
1.46726
1.50388
1.53857
1.57209
1.6047
1.63711
1.66906
1.70089
1.73197
1.76267
1.79246
1.82189
1.85051
1.87874
1.90626
1.93338
1.96007
1.98651
2.01271
2.03866
2.06419
2.08946
2.11405
2.13857
2.16233
2.18628
2.20944
2.23292
2.25551
2.27855
2.30064
2.32334
2.34497
2.36736
2.38846
2.41044
2.43083
2.45233
2.47197
2.49304
2.51207
2.53284
2.55136
2.57183
2.5898
2.60992
2.62734
2.64709
2.66395
2.68334
2.69967
2.71872
2.73451
2.75321
2.76845
2.7868
2.80148
2.81944
2.83356
2.85112
2.86465
2.88181
2.89471
2.91146
2.92371
2.94005
2.95163
2.96757
2.97848
2.99407
3.00419
3.01907
3.02455
2.99934
2.99857
2.99622
2.99181
2.97891
2.95275
2.88384
2.73197
2.40367
2.00993
1.82137
1.76671
1.74301
1.71905
1.66925
1.5744
1.41478
1.23696
1.15104
1.15529
1.18322
1.22993
1.28321
1.33013
1.37177
1.41037
1.44752
1.48367
1.51888
1.55293
1.58625
1.61879
1.6509
1.68225
1.71316
1.74322
1.77301
1.80217
1.83127
1.85979
1.88805
1.91562
1.94275
1.9693
1.99549
2.0213
2.04688
2.07209
2.09721
2.12177
2.14633
2.17009
2.19395
2.21688
2.24012
2.26241
2.28527
2.30715
2.32981
2.35135
2.3738
2.39488
2.41695
2.43739
2.45903
2.47879
2.50004
2.51919
2.54013
2.55879
2.57946
2.59767
2.61801
2.63572
2.65568
2.67285
2.69241
2.70903
2.7282
2.74426
2.76309
2.77855
2.79706
2.81193
2.83011
2.8444
2.86222
2.87594
2.89336
2.90648
2.92349
2.93596
2.95254
2.96433
2.98047
2.99152
3.00727
3.01747
3.03248
3.03788
2.99971
2.9993
2.99833
2.99597
2.99072
2.97716
2.94803
2.87377
2.70935
2.37088
1.98907
1.814
1.7425
1.66961
1.53221
1.327
1.14876
1.09337
1.11277
1.14974
1.20204
1.25575
1.30418
1.3467
1.38553
1.4224
1.45833
1.49355
1.52833
1.56237
1.59576
1.62821
1.66002
1.69088
1.72128
1.75097
1.78057
1.80963
1.83859
1.8669
1.89491
1.92226
1.94923
1.97569
2.00178
2.02748
2.05288
2.07789
2.10278
2.1272
2.15172
2.17559
2.19964
2.22278
2.24621
2.26862
2.29157
2.31341
2.33609
2.35756
2.38003
2.40104
2.42321
2.44363
2.46544
2.48527
2.50679
2.52613
2.5474
2.56626
2.58724
2.60558
2.62617
2.64394
2.66408
2.68127
2.70097
2.71763
2.73694
2.75308
2.77204
2.78763
2.80626
2.82128
2.83961
2.85407
2.87208
2.88597
2.90362
2.91692
2.93416
2.9468
2.96359
2.97552
2.99185
3.00303
3.01894
3.02923
3.0444
3.04981
2.99986
2.99968
2.99915
2.99817
2.99526
2.98956
2.97403
2.94065
2.85842
2.67411
2.31496
1.92383
1.71255
1.52183
1.24346
1.07972
1.05079
1.07317
1.11278
1.16669
1.21959
1.26765
1.31146
1.35206
1.39045
1.42737
1.46338
1.49859
1.53316
1.56684
1.5998
1.63177
1.66313
1.69364
1.72383
1.7534
1.7829
1.81183
1.84064
1.86879
1.8967
1.92406
1.95117
1.97782
2.00411
2.02989
2.0553
2.08019
2.10497
2.12928
2.15381
2.17776
2.20202
2.22544
2.24917
2.27181
2.29495
2.31694
2.33973
2.36126
2.38381
2.40488
2.42717
2.4477
2.4697
2.4897
2.51148
2.53101
2.55255
2.5716
2.59282
2.61131
2.63212
2.64999
2.67036
2.68763
2.7076
2.72431
2.7439
2.76009
2.7793
2.79496
2.8138
2.82889
2.84737
2.8619
2.88002
2.89397
2.91172
2.92507
2.94241
2.95511
2.97204
2.98404
3.00054
3.01181
3.02792
3.03833
3.05368
3.0592
2.99992
2.99981
2.9995
2.99891
2.99713
2.99383
2.98415
2.96479
2.91355
2.80262
2.54875
2.11832
1.62975
1.19807
0.95812
0.946751
0.979732
1.03526
1.09711
1.15064
1.19877
1.24449
1.28895
1.332
1.37326
1.41271
1.45075
1.48757
1.52343
1.55807
1.59171
1.62416
1.6559
1.68682
1.71751
1.74769
1.77783
1.8074
1.8368
1.86549
1.89391
1.92171
1.94923
1.97623
2.00285
2.02889
2.05454
2.07962
2.10461
2.12909
2.15383
2.17798
2.20247
2.22609
2.25005
2.27293
2.2963
2.3185
2.34147
2.36318
2.38588
2.40711
2.42953
2.4502
2.47233
2.49246
2.51435
2.53401
2.55567
2.57485
2.59619
2.6148
2.63571
2.65369
2.67418
2.69155
2.71165
2.72847
2.74821
2.76452
2.78391
2.79969
2.81872
2.83396
2.85263
2.86733
2.88564
2.89978
2.91772
2.93125
2.94879
2.96166
2.97878
2.99093
3.00762
3.01901
3.03529
3.04578
3.06128
3.06686
)
;

boundaryField
{
    inlet
    {
        type            calculated;
        value           uniform 3.00001;
    }
    outlet
    {
        type            calculated;
        value           nonuniform List<scalar> 
40
(
1.4296
1.61637
1.74258
1.83178
1.88669
1.9276
1.95987
1.99185
2.02206
2.04388
2.04968
2.06024
2.13018
2.33755
2.49327
2.57506
2.62117
2.6523
2.67728
2.70159
2.72496
2.74802
2.77037
2.79325
2.81615
2.83824
2.85917
2.88042
2.90135
2.92073
2.9402
2.95912
2.9769
2.99408
3.00989
3.02455
3.03788
3.04981
3.0592
3.06686
)
;
    }
    top
    {
        type            symmetryPlane;
    }
    bottom
    {
        type            symmetryPlane;
    }
    obstacle
    {
        type            calculated;
        value           nonuniform List<scalar> 
110
(
0.0274582
0.058124
0.0997899
0.143522
0.189209
0.239804
0.298988
0.372139
0.471285
0.637118
0.855969
1.17462
1.32127
1.33759
1.29135
1.22164
1.1472
1.1126
1.10576
1.10985
1.1156
1.11981
1.11964
1.11864
1.11749
1.11712
1.11807
1.11941
1.12208
1.12627
1.131
1.13579
1.14084
1.14638
1.15246
1.15905
1.16608
1.17353
1.18136
1.18956
1.19807
1.20682
1.21573
1.22472
1.23374
1.24273
1.25166
1.26052
1.26932
1.27802
1.28662
1.29514
1.30363
1.31198
1.32015
1.3283
1.33649
1.3447
1.35291
1.36095
1.36853
1.37451
1.37888
1.38197
1.38137
1.37418
1.35143
1.30065
1.21002
1.09104
0.980822
0.901669
0.862142
0.860038
0.880921
0.901503
0.926519
0.953257
0.97354
0.990017
1.00632
1.02261
1.03915
1.0566
1.07518
1.09583
1.11652
1.13634
1.15447
1.17223
1.18752
1.20274
1.21643
1.23013
1.24373
1.25745
1.27167
1.28609
1.30073
1.31477
1.32909
1.34214
1.35601
1.36834
1.38141
1.39318
1.40514
1.41547
1.4247
1.4296
)
;
    }
    frontAndBack
    {
        type            empty;
    }
}


// ************************************************************************* //
