/*--------------------------------*- C++ -*----------------------------------*\
  =========                 |
  \\      /  F ield         | OpenFOAM: The Open Source CFD Toolbox
   \\    /   O peration     | Website:  https://openfoam.org
    \\  /    A nd           | Version:  13
     \\/     M anipulation  |
\*---------------------------------------------------------------------------*/
FoamFile
{
    format      ascii;
    class       volScalarField;
    location    "1.5";
    object      p;
}
// * * * * * * * * * * * * * * * * * * * * * * * * * * * * * * * * * * * * * //

dimensions      [1 -1 -2 0 0 0 0];

internalField   nonuniform List<scalar> 
5250
(
1
1.00002
1.00005
1.00013
1.00031
1.00084
1.00192
1.00513
1.01175
1.03114
1.07389
1.19268
1.50089
2.3999
5.09652
11.5673
11.4273
11.1605
11.2057
11.3746
11.6137
11.7791
11.8915
11.9776
12.0405
1
1.00002
1.00005
1.00012
1.00034
1.00077
1.00206
1.00468
1.01255
1.02902
1.07595
1.18712
1.49871
2.38169
5.04717
11.4937
11.3926
11.1654
11.2039
11.3627
11.6038
11.7698
11.8831
11.97
12.0341
1
1.00002
1.00005
1.00013
1.0003
1.00082
1.00185
1.00497
1.01144
1.02993
1.07188
1.18584
1.48422
2.34919
4.94071
11.3288
11.3144
11.1642
11.1874
11.3226
11.5625
11.7269
11.8388
11.9244
11.9882
1
1.00002
1.00005
1.00012
1.00031
1.00075
1.00186
1.00467
1.01126
1.02858
1.0699
1.1788
1.46686
2.29825
4.78008
11.0523
11.2618
11.1362
11.1469
11.2591
11.4884
11.6499
11.7578
11.8404
11.9048
1
1.00001
1.00005
1.00011
1.0003
1.00069
1.00185
1.00421
1.0113
1.02607
1.06843
1.16772
1.44586
2.22868
4.57041
10.6606
11.2141
11.0845
11.0797
11.1737
11.385
11.543
11.645
11.7232
11.7878
1
1.00001
1.00004
1.0001
1.00028
1.00065
1.00174
1.00395
1.0106
1.0245
1.06422
1.1572
1.41672
2.14364
4.31732
10.1442
11.1641
11.0271
10.9826
11.063
11.2528
11.4005
11.4916
11.5613
11.6263
1
1.00001
1.00004
1.0001
1.00025
1.00063
1.00152
1.00388
1.00922
1.02381
1.05734
1.14749
1.38006
2.04863
4.02073
9.48729
11.1197
10.9655
10.8607
10.9258
11.0886
11.2173
11.2889
11.3406
11.3972
1
1.00001
1.00003
1.00009
1.00022
1.00059
1.00134
1.00358
1.00827
1.0216
1.05185
1.13315
1.34182
1.93634
3.6876
8.6733
11.092
10.9048
10.7163
10.7623
10.8895
10.9878
11.0263
11.0401
11.0677
1
1.00001
1.00003
1.00008
1.00021
1.00048
1.00125
1.00301
1.00754
1.01868
1.04618
1.11655
1.29956
1.81262
3.31688
7.69441
11.0805
10.8481
10.5524
10.5738
10.6532
10.7027
10.6864
10.6209
10.5488
1
1.00001
1.00003
1.00007
1.00017
1.00044
1.00104
1.00264
1.00645
1.01593
1.03985
1.09902
1.25467
1.6802
2.9248
6.57922
11.0571
10.7934
10.3837
10.3592
10.3823
10.3639
10.2619
10.0246
9.66049
1
1.00001
1.00002
1.00006
1.00015
1.00035
1.0009
1.0022
1.00536
1.01353
1.03274
1.08285
1.20816
1.55056
2.52199
5.33764
10.9153
10.6746
10.2288
10.1198
10.0843
9.97891
9.70634
9.08821
7.51475
1
1.00001
1.00002
1.00005
1.00012
1.0003
1.00076
1.00182
1.00469
1.01103
1.02862
1.06863
1.17714
1.45862
2.26843
4.62486
10.3127
10.3513
10.1084
9.87725
9.76984
9.56289
9.13346
8.29633
6.64188
1
1.00001
1.00002
1.00004
1.0001
1.00026
1.00062
1.00161
1.00371
1.00986
1.02282
1.05966
1.14559
1.38402
2.04303
3.98045
9.07405
10.0506
9.91159
9.63256
9.44477
9.16447
8.64483
7.77921
6.43712
1
1
1.00001
1.00003
1.00009
1.00021
1.00053
1.00125
1.00329
1.00756
1.02004
1.0471
1.12231
1.30962
1.84327
3.3811
7.65812
9.84899
9.73385
9.44241
9.15383
8.8148
8.27952
7.47841
6.40208
1
1
1.00001
1.00003
1.00007
1.00017
1.00041
1.00106
1.00246
1.00648
1.01501
1.03925
1.09452
1.24614
1.64932
2.8198
6.14065
9.68784
9.59826
9.30208
8.91389
8.52909
8.01152
7.29246
6.39202
1
1
1.00001
1.00002
1.00005
1.00013
1.00034
1.00076
1.00204
1.00462
1.01235
1.02845
1.0742
1.18146
1.47895
2.29575
4.57739
9.30137
9.40366
9.18781
8.73633
8.30238
7.8044
7.16136
6.38535
1
1
1.00001
1.00002
1.00004
1.00011
1.00024
1.00065
1.00145
1.0039
1.00889
1.02343
1.05544
1.14285
1.36423
1.98912
3.76348
8.25061
9.12405
8.97058
8.59074
8.11979
7.6363
7.05704
6.37583
1
1
1
1.00001
1.00003
1.00008
1.00019
1.00046
1.00119
1.00277
1.00728
1.01691
1.04397
1.10638
1.27689
1.73363
3.04609
6.60038
8.84045
8.7586
8.47664
7.98338
7.50184
6.97063
6.36512
1
1
1
1.00001
1.00002
1.00006
1.00013
1.00036
1.00082
1.00218
1.00496
1.01313
1.03066
1.07893
1.19549
1.5147
2.39525
4.80523
8.46748
8.57555
8.38396
7.9354
7.41191
6.90271
6.35506
1
1
1
1.00001
1.00002
1.00004
1.00011
1.00024
1.00064
1.0015
1.00377
1.00924
1.02258
1.0564
1.1398
1.36108
1.96062
3.6212
7.55815
8.36763
8.23462
7.87972
7.34774
6.85121
6.34663
1
1
1
1
1.00001
1.00003
1.00008
1.00017
1.00046
1.00106
1.00276
1.00652
1.01642
1.04011
1.10017
1.25421
1.67067
2.83139
5.8941
8.08963
8.04454
7.81746
7.33653
6.82733
6.34635
1
1
1
1
1.00001
1.00002
1.00005
1.00012
1.00032
1.00073
1.00193
1.00436
1.01153
1.02656
1.06859
1.16648
1.43295
2.13626
3.97314
7.56064
7.89802
7.74354
7.34814
6.8306
6.35119
1
1
1
1
1.00001
1.00002
1.00003
1.00009
1.00021
1.00054
1.00125
1.0032
1.00764
1.01895
1.04666
1.11556
1.29453
1.7735
3.0833
6.33442
7.66679
7.59553
7.33987
6.8501
6.36723
1
1
1
1
1
1.00001
1.00002
1.00006
1.00015
1.00034
1.0009
1.00204
1.0054
1.01229
1.03225
1.07594
1.19612
1.50082
2.33787
4.5051
7.21842
7.41956
7.28596
6.9201
6.40592
1
1
1
1
1
1.00001
1.00002
1.00004
1.00009
1.00024
1.00056
1.00144
1.00337
1.00846
1.02052
1.05048
1.12531
1.31737
1.82776
3.16243
6.23724
7.22952
7.16782
6.93648
6.4693
1
1
1
1
1
1
1.00001
1.00003
1.00006
1.00015
1.00037
1.00093
1.00218
1.00562
1.01295
1.03359
1.07938
1.20401
1.51863
2.36921
4.51427
6.82714
7.00987
6.8968
6.59103
1
1
1
1
1
1
1.00001
1.00002
1.00004
1.0001
1.00024
1.00058
1.00144
1.00339
1.00865
1.02018
1.05156
1.12384
1.31729
1.81249
3.08431
5.93605
6.82795
6.78955
6.6038
1
1
1
1
1
1
1
1.00001
1.00003
1.00006
1.00015
1.00036
1.00089
1.00219
1.00521
1.01315
1.0311
1.0785
1.19236
1.49551
2.27756
4.22878
6.41165
6.65606
6.56509
1
1
1
1
1
1
1
1.00001
1.00002
1.00004
1.00009
1.00023
1.00055
1.00131
1.00333
1.00769
1.01981
1.04627
1.11755
1.29013
1.74561
2.88567
5.47144
6.45596
6.44666
1
1
1
1
1
1
1
1
1.00001
1.00002
1.00005
1.00014
1.00032
1.00084
1.00187
1.00494
1.01113
1.02898
1.06762
1.17219
1.42894
2.09632
3.71733
5.97591
6.33585
1
1
1
1
1
1
1
1
1.00001
1.00001
1.00003
1.00008
1.00019
1.00049
1.00113
1.00294
1.00665
1.01738
1.03988
1.10233
1.24849
1.63835
2.6067
4.87719
6.08981
1
1
1
1
1
1
1
1
1
1.00001
1.00002
1.00005
1.00012
1.00027
1.0007
1.00159
1.0041
1.00943
1.02376
1.05645
1.14008
1.34639
1.8628
3.07377
5.49954
1
1
1
1
1
1
1
1
1
1
1.00001
1.00003
1.00007
1.00016
1.00041
1.00092
1.00242
1.00545
1.01411
1.03266
1.08237
1.20027
1.50778
2.27742
4.14461
1
1
1
1
1
1
1
1
1
1
1.00001
1.00002
1.00004
1.00009
1.00023
1.00054
1.00136
1.0031
1.00801
1.01817
1.04683
1.10964
1.27821
1.68668
2.68199
1
1
1
1
1
1
1
1
1
1
1
1.00001
1.00002
1.00005
1.00012
1.00031
1.00071
1.00182
1.00414
1.01056
1.02452
1.06109
1.14724
1.36669
1.90168
1
1
1
1
1
1
1
1
1
1
1
1
1.00001
1.00003
1.00007
1.00017
1.0004
1.00101
1.00229
1.00594
1.01336
1.03471
1.0799
1.20366
1.49657
1
1
1
1
1
1
1
1
1
1
1
1
1.00001
1.00002
1.00004
1.00009
1.00023
1.00051
1.00133
1.003
1.00769
1.0177
1.0442
1.10551
1.26126
1
1
1
1
1
1
1
1
1
1
1
1
1
1.00001
1.00002
1.00005
1.00011
1.00029
1.00066
1.00169
1.00382
1.00969
1.02233
1.05531
1.13184
1
1
1
1
1
1
1
1
1
1
1
1
1
1
1.00001
1.00003
1.00006
1.00015
1.00036
1.00089
1.00203
1.0052
1.01166
1.03017
1.06886
1
1
1
1
1
1
1
1
1
1
1
1
1
1
1.00001
1.00001
1.00003
1.00008
1.0002
1.00044
1.00113
1.00252
1.00656
1.01465
1.03768
1
1
1
1
1
1
1
1
1
1
1
1
1
1
1
1.00001
1.00002
1.00004
1.00009
1.00024
1.00054
1.00136
1.00318
1.00767
1.0186
1
1
1
1
1
1
1
1
1
1
1
1
1
1
1
1
1.00001
1.00002
1.00005
1.00012
1.00028
1.00067
1.00157
1.00391
1.00884
1
1
1
1
1
1
1
1
1
1
1
1
1
1
1
1
1
1.00001
1.00002
1.00006
1.00014
1.00032
1.00082
1.00183
1.00471
1
1
1
1
1
1
1
1
1
1
1
1
1
1
1
1
1
1.00001
1.00001
1.00003
1.00007
1.00017
1.00038
1.00097
1.00216
1
1
1
1
1
1
1
1
1
1
1
1
1
1
1
1
1
1
1.00001
1.00001
1.00003
1.00008
1.0002
1.00044
1.00112
1
1
1
1
1
1
1
1
1
1
1
1
1
1
1
1
1
1
1
1.00001
1.00002
1.00004
1.00009
1.00022
1.00052
1
1
1
1
1
1
1
1
1
1
1
1
1
1
1
1
1
1
1
1
1.00001
1.00002
1.00004
1.00011
1.00024
1
1
1
1
1
1
1
1
1
1
1
1
1
1
1
1
1
1
1
1
1
1.00001
1.00002
1.00005
1.00012
1
1
1
1
1
1
1
1
1
1
1
1
1
1
1
1
1
1
1
1
1
1
1.00001
1.00002
1.00005
1
1
1
1
1
1
1
1
1
1
1
1
1
1
1
1
1
1
1
1
1
1
1.00001
1.00001
1.00003
3.03175
1.54145
1.04688
0.940176
0.963447
1.03768
1.1941
1.3218
1.36272
1.36032
1.35242
1.33873
1.33543
1.33621
1.33838
1.34126
1.34113
1.34025
1.33783
1.33272
1.32624
1.32046
1.31534
1.31037
1.30517
1.29968
1.29389
1.28785
1.28161
1.27522
1.26868
1.26203
1.25525
1.24835
1.24134
1.23422
1.22698
1.21965
1.21222
1.20468
1.19706
1.18944
1.18171
1.17388
1.16608
1.15829
1.15047
1.14268
1.135
1.12761
1.12105
1.11695
1.11797
1.12197
1.13269
1.15765
1.21272
1.32786
1.56117
2.01249
2.65885
3.38452
3.98358
4.2804
4.26553
4.22558
4.1498
4.02408
3.94666
3.93039
3.91654
3.88908
3.8567
3.81041
3.74888
3.66597
3.57537
3.49485
3.42
3.35348
3.2964
3.24698
3.20353
3.16247
3.12006
3.07474
3.02546
2.97334
2.92016
2.86761
2.81724
2.76877
2.72211
2.67704
2.63391
2.59247
2.55331
2.5162
2.48568
2.45994
3.74652
2.35509
1.75579
1.49823
1.37337
1.28234
1.24798
1.25316
1.26985
1.30495
1.34518
1.36055
1.3596
1.35635
1.34934
1.3424
1.33839
1.33641
1.33503
1.33282
1.32902
1.32401
1.31827
1.31222
1.30618
1.30024
1.2943
1.28826
1.28205
1.27565
1.26908
1.26236
1.25552
1.24858
1.24153
1.23437
1.22711
1.21976
1.21231
1.20477
1.19715
1.18949
1.18176
1.17397
1.16617
1.15836
1.15055
1.14284
1.13524
1.12854
1.12262
1.12279
1.12499
1.13209
1.15107
1.19465
1.28542
1.46676
1.75446
2.08661
2.42024
2.7332
3.08027
3.49443
3.89333
4.17206
4.29112
4.26541
4.19141
4.05839
3.89502
3.77101
3.68325
3.63339
3.60466
3.58917
3.57588
3.55057
3.5105
3.44962
3.37615
3.29871
3.22333
3.15115
3.08532
3.02694
2.97631
2.93156
2.89013
2.84972
2.80856
2.76677
2.72481
2.68282
2.64111
2.59974
2.55982
2.5205
2.48959
2.45679
4.57428
3.27077
2.45054
1.92711
1.5881
1.37587
1.24898
1.219
1.22441
1.24136
1.27758
1.3158
1.33974
1.34777
1.34715
1.34492
1.34001
1.33419
1.33025
1.32708
1.32363
1.31951
1.31482
1.30965
1.30415
1.29844
1.29256
1.28651
1.28029
1.27394
1.26747
1.26088
1.25418
1.24735
1.24039
1.23331
1.22612
1.21881
1.21141
1.20392
1.19636
1.18874
1.18105
1.17332
1.16556
1.15781
1.15012
1.14263
1.13584
1.13043
1.13082
1.13341
1.14081
1.16123
1.20863
1.30675
1.50183
1.78237
2.0652
2.22419
2.33549
2.43908
2.56433
2.7346
2.95992
3.27195
3.6379
3.95288
4.16845
4.16323
4.12962
4.05643
3.91092
3.75344
3.62253
3.52967
3.46171
3.41358
3.38331
3.36379
3.33721
3.29826
3.24586
3.18721
3.12663
3.06758
3.01082
2.95623
2.90427
2.85528
2.80913
2.76514
2.72252
2.68067
2.63934
2.59824
2.5588
2.51919
2.48917
2.45514
5.02162
3.84176
2.96722
2.35725
1.94872
1.67148
1.49452
1.37965
1.31082
1.28151
1.28298
1.29002
1.30609
1.3291
1.34568
1.35034
1.3496
1.3471
1.34158
1.33389
1.3278
1.32236
1.31745
1.31257
1.30737
1.30169
1.29559
1.28915
1.28256
1.2759
1.2692
1.26245
1.25562
1.24868
1.24162
1.23445
1.22717
1.2198
1.21234
1.2048
1.1972
1.18954
1.18183
1.17408
1.16633
1.15864
1.15117
1.1446
1.14006
1.14082
1.1444
1.15499
1.1806
1.23816
1.35529
1.58264
1.89556
2.14685
2.25235
2.29218
2.31114
2.32314
2.34397
2.38602
2.4623
2.57629
2.7362
2.95014
3.24334
3.56449
3.83692
4.01936
4.00063
3.95199
3.873
3.7249
3.57285
3.44386
3.3425
3.26795
3.21923
3.18914
3.16538
3.14149
3.11148
3.07169
3.02413
2.97246
2.91911
2.86602
2.81422
2.764
2.71589
2.67013
2.62681
2.58533
2.54677
2.50796
2.47921
2.44691
5.29377
4.25842
3.41915
2.78184
2.31661
1.97618
1.72784
1.54719
1.41996
1.33562
1.28872
1.27756
1.27949
1.28595
1.29987
1.3157
1.32687
1.33143
1.33103
1.32944
1.32576
1.31929
1.31301
1.3071
1.30151
1.296
1.29038
1.28455
1.27852
1.27229
1.2659
1.25935
1.25265
1.24583
1.23889
1.23185
1.22472
1.2175
1.2102
1.20283
1.19537
1.18784
1.18026
1.17267
1.16517
1.15785
1.15153
1.14868
1.14973
1.1544
1.16766
1.20043
1.27083
1.41375
1.66837
2.01851
2.22748
2.31218
2.33341
2.32711
2.30941
2.27925
2.25543
2.24628
2.25197
2.27049
2.31438
2.39414
2.50614
2.66192
2.87788
3.1515
3.45009
3.70634
3.87643
3.85614
3.80216
3.72283
3.58585
3.44201
3.31096
3.209
3.13245
3.07406
3.03015
2.99483
2.96409
2.93373
2.90015
2.86123
2.81786
2.77274
2.72703
2.68181
2.63764
2.59425
2.55335
2.5124
2.48019
2.44807
5.47414
4.57697
3.79752
3.16409
2.66914
2.288
1.99774
1.77669
1.61079
1.48782
1.39943
1.33806
1.30459
1.29214
1.2932
1.29729
1.30642
1.31839
1.32809
1.33042
1.3299
1.32798
1.32373
1.31579
1.30759
1.3
1.29327
1.28718
1.28134
1.27539
1.26911
1.26249
1.25559
1.24851
1.24132
1.23408
1.22681
1.21949
1.21212
1.20466
1.19713
1.18955
1.18195
1.17446
1.16744
1.16112
1.16033
1.16194
1.16823
1.1854
1.22638
1.31401
1.49172
1.78931
2.1458
2.31148
2.37373
2.3836
2.37167
2.34092
2.30063
2.25947
2.2196
2.18668
2.16181
2.14446
2.1438
2.15085
2.17316
2.22127
2.3008
2.40849
2.55835
2.76031
3.01932
3.2914
3.54346
3.70398
3.68286
3.62711
3.55167
3.42264
3.28378
3.15551
3.05596
2.97894
2.91839
2.87003
2.83156
2.799
2.76949
2.73972
2.70783
2.67214
2.63373
2.59334
2.55374
2.51351
2.47937
2.4474
5.60135
4.81928
4.10544
3.49548
2.9944
2.59003
2.2688
2.01358
1.81226
1.65377
1.52965
1.436
1.36647
1.31955
1.29519
1.28766
1.28843
1.2912
1.29742
1.30537
1.31161
1.3116
1.311
1.30906
1.30481
1.29749
1.28978
1.28258
1.2761
1.26994
1.26383
1.2576
1.25118
1.24455
1.23772
1.23075
1.22369
1.21655
1.20932
1.20203
1.19469
1.18734
1.18012
1.17358
1.16771
1.16822
1.17102
1.17913
1.20125
1.25122
1.35719
1.5689
1.9262
2.25179
2.38867
2.43493
2.43352
2.41697
2.38146
2.33865
2.29267
2.24706
2.20282
2.16114
2.12339
2.09145
2.06544
2.04644
2.03458
2.03684
2.0463
2.06927
2.11597
2.19007
2.29179
2.42803
2.61813
2.85497
3.11585
3.36177
3.52932
3.50764
3.46373
3.39123
3.27874
3.15094
3.02917
2.92779
2.84933
2.78726
2.7368
2.69444
2.65848
2.62642
2.5973
2.56779
2.53786
2.50477
2.4734
2.44579
5.69357
5.00437
4.35537
3.77809
3.28434
2.87081
2.53034
2.25135
2.02425
1.83955
1.69098
1.57226
1.47826
1.40745
1.35322
1.31678
1.2965
1.28804
1.28843
1.29024
1.29445
1.30055
1.3061
1.30609
1.30552
1.30371
1.29966
1.29155
1.28258
1.27399
1.26624
1.25928
1.2528
1.24647
1.24005
1.23336
1.22638
1.21915
1.21175
1.20425
1.19686
1.18961
1.18335
1.17876
1.1795
1.18327
1.19446
1.22249
1.28558
1.41495
1.66636
2.07687
2.34067
2.4573
2.49042
2.48505
2.46304
2.41999
2.37621
2.32904
2.28125
2.23466
2.18961
2.14661
2.10568
2.06742
2.03186
2.0011
1.97408
1.95265
1.93615
1.92616
1.92881
1.93777
1.95886
2.00049
2.06828
2.15811
2.28546
2.45179
2.67689
2.92176
3.16746
3.34172
3.33069
3.29506
3.22983
3.13375
3.01877
2.90216
2.80194
2.72296
2.66076
2.60867
2.56448
2.52549
2.49234
2.46293
2.43709
2.42122
5.76031
5.14674
4.5559
4.01467
3.53707
3.12494
2.77546
2.48145
2.23601
2.03138
1.86163
1.721
1.60542
1.51157
1.43625
1.37753
1.3339
1.30498
1.2889
1.28132
1.28141
1.28219
1.2842
1.28814
1.28928
1.28897
1.2879
1.28537
1.28016
1.27277
1.26488
1.2571
1.24975
1.24283
1.23623
1.22973
1.22316
1.21643
1.20948
1.20248
1.19564
1.1892
1.18658
1.18781
1.19262
1.20665
1.24109
1.31751
1.47568
1.7658
2.20941
2.43258
2.51948
2.54129
2.53226
2.50646
2.46045
2.41222
2.36306
2.31429
2.26647
2.22045
2.17611
2.13368
2.09284
2.05361
2.01605
1.98019
1.9465
1.9149
1.88722
1.86258
1.84329
1.82786
1.81793
1.81986
1.82728
1.84482
1.88015
1.93938
2.02131
2.13227
2.28741
2.48454
2.72563
2.96341
3.14701
3.16315
3.13731
3.07503
2.99552
2.89625
2.79142
2.69184
2.61146
2.54648
2.49509
2.45044
2.41527
2.38721
5.80995
5.258
4.71807
4.21255
3.75535
3.35126
3.0002
2.69821
2.44059
2.2214
2.03574
1.87857
1.74622
1.63493
1.54253
1.46648
1.40547
1.35758
1.32169
1.29729
1.28321
1.2759
1.27477
1.27518
1.2763
1.27867
1.28004
1.27976
1.27858
1.27577
1.27001
1.26245
1.25441
1.24643
1.23876
1.23143
1.22439
1.21754
1.21077
1.20459
1.19889
1.19825
1.1999
1.206
1.22374
1.26611
1.35901
1.54836
1.90122
2.33401
2.51787
2.5798
2.5896
2.57687
2.5454
2.49943
2.44774
2.39624
2.3458
2.29717
2.25025
2.20528
2.16199
2.12037
2.08006
2.04104
2.00318
1.96644
1.93099
1.89679
1.86417
1.83318
1.80426
1.77804
1.75523
1.7366
1.72235
1.71167
1.71224
1.71744
1.73141
1.76043
1.81248
1.88213
1.98297
2.11393
2.29766
2.51298
2.75135
2.93317
3.00111
2.97945
2.92109
2.86093
2.78024
2.68629
2.59511
2.51019
2.45165
2.39682
5.85062
5.34849
4.85199
4.38038
3.94558
3.55354
3.20597
2.90117
2.63619
2.40676
2.20898
2.03864
1.89244
1.76698
1.65999
1.56894
1.49241
1.42876
1.37727
1.33662
1.30631
1.28564
1.27321
1.26675
1.26423
1.2643
1.2646
1.26525
1.26516
1.26462
1.26305
1.25964
1.25345
1.24609
1.23825
1.23039
1.22283
1.21559
1.20927
1.20387
1.20434
1.20706
1.21475
1.23636
1.28682
1.39593
1.61718
2.04085
2.42443
2.59149
2.63927
2.63713
2.61926
2.58239
2.53347
2.48015
2.42695
2.37547
2.32602
2.27863
2.23305
2.18923
2.14691
2.10597
2.06617
2.02747
1.98975
1.953
1.91726
1.88242
1.84872
1.81595
1.78456
1.75431
1.72578
1.69885
1.67414
1.65244
1.63445
1.62061
1.61023
1.60772
1.61158
1.62219
1.64556
1.68691
1.74873
1.83099
1.94855
2.09954
2.30123
2.51957
2.71038
2.83081
2.81552
2.7795
2.72905
2.66219
2.60163
2.50091
5.88465
5.42063
4.96424
4.52479
4.11268
3.73463
3.39361
3.08952
2.8208
2.58456
2.3778
2.19718
2.0398
1.90275
1.78378
1.68063
1.59176
1.51557
1.45115
1.3973
1.3536
1.3191
1.29304
1.27499
1.26354
1.25753
1.25441
1.2541
1.25421
1.25433
1.25411
1.25327
1.2512
1.2469
1.24048
1.23323
1.22579
1.21898
1.21348
1.21414
1.21753
1.22757
1.25328
1.31349
1.43973
1.69553
2.18178
2.51183
2.65366
2.69313
2.6878
2.66483
2.61872
2.56611
2.51087
2.4565
2.40396
2.35379
2.30576
2.25968
2.21526
2.17233
2.13073
2.09027
2.05088
2.01242
1.97492
1.9383
1.90263
1.8678
1.83396
1.80089
1.76891
1.73767
1.70767
1.67851
1.6508
1.62417
1.59937
1.57604
1.55549
1.53765
1.52417
1.51409
1.50848
1.51094
1.51876
1.53571
1.56685
1.61739
1.68808
1.78154
1.91619
2.07851
2.2902
2.47874
2.63343
2.67008
2.65535
2.62416
5.92326
5.49032
5.06497
4.65214
4.26107
3.89751
3.56479
3.2638
2.99399
2.75361
2.54047
2.35199
2.18574
2.03923
1.91038
1.79715
1.69794
1.61124
1.53595
1.47099
1.41568
1.3693
1.33139
1.30145
1.27875
1.26264
1.2523
1.24642
1.24338
1.24207
1.24195
1.24169
1.24108
1.23966
1.23674
1.23173
1.22689
1.22172
1.22238
1.22625
1.23776
1.26742
1.33693
1.4807
1.77065
2.30606
2.60092
2.71427
2.74446
2.7355
2.70806
2.65689
2.59937
2.5414
2.48526
2.43177
2.38074
2.33207
2.28533
2.24027
2.19669
2.15438
2.11327
2.07315
2.03406
1.99582
1.95854
1.9221
1.88663
1.85196
1.81826
1.78529
1.75333
1.72203
1.6918
1.66217
1.63371
1.60587
1.5793
1.55348
1.52912
1.5058
1.48431
1.46429
1.44711
1.43334
1.42315
1.41564
1.41631
1.42063
1.43139
1.45412
1.49395
1.54936
1.6261
1.73726
1.86529
2.07147
2.22841
2.49686
5.96659
5.55557
5.15433
4.76566
4.39416
4.04479
3.72104
3.42455
3.1555
2.91301
2.69558
2.50127
2.3281
2.17397
2.03702
1.91541
1.8076
1.71214
1.62788
1.55377
1.48901
1.43291
1.38492
1.3446
1.31146
1.28539
1.26532
1.25096
1.24137
1.23561
1.23247
1.23124
1.23065
1.23034
1.22972
1.22838
1.22869
1.23026
1.23543
1.24972
1.28501
1.3641
1.52925
1.8596
2.43052
2.68994
2.77837
2.79598
2.78351
2.75027
2.69512
2.6343
2.57345
2.51514
2.46005
2.40801
2.35844
2.31092
2.26507
2.22062
2.17752
2.13554
2.09472
2.05481
2.01593
1.97788
1.94082
1.90457
1.86932
1.83486
1.80138
1.76862
1.73685
1.70571
1.6756
1.64604
1.61755
1.58955
1.56267
1.53626
1.51101
1.48627
1.46279
1.43996
1.41859
1.39814
1.37954
1.36243
1.34845
1.33744
1.32991
1.32628
1.32879
1.33568
1.35055
1.37791
1.42149
1.48675
1.57321
1.74878
6.02347
5.62139
5.23954
4.86988
4.51462
4.17838
3.86373
3.57263
3.30578
3.06286
2.84294
2.64457
2.46619
2.30604
2.16249
2.03389
1.91883
1.81594
1.72409
1.64224
1.56955
1.50527
1.44883
1.39976
1.35762
1.32215
1.29286
1.26951
1.25162
1.23877
1.22969
1.22445
1.22088
1.22102
1.22177
1.22354
1.22747
1.23636
1.25586
1.29937
1.39276
1.5838
1.95834
2.53857
2.77708
2.84512
2.84807
2.83193
2.7935
2.73402
2.66999
2.60656
2.54605
2.48922
2.43587
2.38533
2.33694
2.29019
2.24484
2.20069
2.15779
2.11594
2.07525
2.03545
1.99673
1.95883
1.92198
1.88592
1.8509
1.81664
1.7834
1.75086
1.71932
1.68841
1.65852
1.62916
1.60085
1.57301
1.54622
1.51984
1.49452
1.46957
1.44569
1.42217
1.39976
1.37777
1.35699
1.33677
1.318
1.30006
1.28399
1.26935
1.2581
1.24946
1.24362
1.24422
1.24802
1.25794
1.28
1.32845
6.1101
5.69375
5.31925
4.96453
4.62487
4.3
3.99414
3.70897
3.44533
3.20326
2.98224
2.78129
2.59913
2.43437
2.28552
2.15124
2.0301
1.92096
1.82263
1.7342
1.65475
1.58358
1.52004
1.46363
1.41389
1.37052
1.3332
1.30171
1.27553
1.2548
1.23835
1.22749
1.21846
1.21817
1.21945
1.22346
1.23372
1.25745
1.30814
1.41616
1.63461
2.04823
2.61404
2.84887
2.90773
2.90327
2.88025
2.83527
2.77233
2.70465
2.63887
2.57665
2.51851
2.46406
2.41266
2.36347
2.31593
2.26962
2.22449
2.18042
2.13756
2.09573
2.0551
2.01537
1.97677
1.93899
1.9023
1.86641
1.8316
1.79753
1.76451
1.73218
1.70087
1.67018
1.64052
1.61139
1.58332
1.55569
1.52913
1.50294
1.47779
1.45296
1.42916
1.40563
1.38311
1.36084
1.3396
1.31862
1.29873
1.27915
1.2608
1.2429
1.22646
1.21075
1.19691
1.18451
1.17568
1.16858
1.16887
1.17334
6.20825
5.77546
5.39822
5.05296
4.72439
4.41068
4.11401
3.83541
3.5757
3.33538
3.11434
2.91191
2.72711
2.55882
2.40575
2.26672
2.1405
2.02598
1.92211
1.82798
1.74271
1.66561
1.59601
1.5334
1.47724
1.42727
1.38303
1.34438
1.31097
1.28294
1.25898
1.2417
1.22614
1.22641
1.22965
1.2378
1.2624
1.31664
1.43193
1.67057
2.11235
2.66458
2.89833
2.95604
2.95007
2.92635
2.87493
2.80498
2.73357
2.66626
2.60379
2.54553
2.49092
2.43912
2.38949
2.34135
2.29439
2.24836
2.2034
2.15942
2.11665
2.07489
2.03434
1.9947
1.95621
1.91855
1.88202
1.84628
1.81164
1.77774
1.74491
1.71277
1.68167
1.65119
1.62175
1.59286
1.56501
1.53763
1.51129
1.48533
1.46041
1.43579
1.41219
1.38884
1.36647
1.34429
1.3231
1.30206
1.28203
1.26213
1.2433
1.22458
1.20705
1.18962
1.17357
1.15774
1.14342
1.13006
1.11832
1.1118
6.31669
5.87735
5.48653
5.14097
4.82016
4.51628
4.22743
3.95405
3.69818
3.46017
3.23986
3.03684
2.85032
2.67937
2.52299
2.38005
2.24954
2.13044
2.02175
1.92266
1.83231
1.75003
1.67515
1.60718
1.54553
1.48987
1.43991
1.39512
1.35564
1.32099
1.29134
1.26677
1.25078
1.25221
1.25966
1.28211
1.33625
1.45511
1.69907
2.17486
2.71179
2.93633
2.99543
2.98749
2.961
2.90483
2.82757
2.75324
2.68594
2.62465
2.56775
2.51397
2.46259
2.41297
2.36472
2.31744
2.27107
2.22547
2.18088
2.13721
2.09473
2.05321
2.01288
1.97341
1.9351
1.8976
1.86124
1.82565
1.79118
1.75745
1.72481
1.69284
1.66194
1.63166
1.60242
1.57374
1.5461
1.51893
1.49281
1.46709
1.44239
1.41801
1.39463
1.37149
1.34934
1.32736
1.30635
1.28546
1.26556
1.24572
1.22693
1.2081
1.19046
1.17262
1.15624
1.13933
1.12442
1.10852
1.09577
1.08301
6.31667
6.01234
5.59612
5.23503
4.91346
4.61446
4.33191
4.06473
3.81343
3.57827
3.35937
3.15641
2.96891
2.79603
2.63702
2.49091
2.35677
2.23374
2.12089
2.01744
1.92265
1.83582
1.75632
1.68361
1.61725
1.55665
1.50173
1.45184
1.40711
1.36704
1.33332
1.3033
1.29818
1.30362
1.32269
1.37709
1.49783
1.74795
2.24678
2.77891
2.98714
3.04075
3.02873
2.99385
2.9232
2.84115
2.76551
2.69867
2.63894
2.5835
2.53093
2.4803
2.43123
2.3833
2.33637
2.29016
2.24473
2.19997
2.15616
2.11316
2.07128
2.03024
1.99033
1.95122
1.91322
1.87599
1.83989
1.80453
1.77028
1.73675
1.70431
1.67253
1.64182
1.61172
1.58268
1.55419
1.52675
1.49978
1.47387
1.44835
1.42386
1.39969
1.37654
1.35362
1.33169
1.30992
1.28913
1.26844
1.24874
1.22907
1.21044
1.19174
1.17423
1.15642
1.14011
1.12305
1.10815
1.09166
1.07897
1.06454
6.27848
6.09437
5.71706
5.33834
5.00879
4.7113
4.43307
4.17107
3.92347
3.69093
3.47377
3.27139
3.08337
2.90912
2.74801
2.59927
2.46206
2.33564
2.21917
2.11192
2.01322
1.92234
1.83876
1.7619
1.69125
1.62649
1.56705
1.51304
1.46354
1.42064
1.38217
1.36451
1.36891
1.38796
1.44257
1.56864
1.83019
2.35045
2.87121
3.06682
3.10485
3.08649
3.03705
2.94315
2.85527
2.7782
2.71061
2.65017
2.59495
2.54214
2.4918
2.44303
2.39562
2.3492
2.3037
2.25882
2.21468
2.17112
2.12846
2.08646
2.04551
2.00525
1.96606
1.92754
1.8901
1.85333
1.81766
1.78265
1.74875
1.7155
1.68334
1.6518
1.62133
1.59143
1.56261
1.5343
1.50707
1.48029
1.45457
1.42924
1.40496
1.38098
1.35804
1.33532
1.3136
1.29204
1.27146
1.25097
1.23149
1.21201
1.19359
1.17507
1.15775
1.14009
1.12396
1.10699
1.09226
1.07575
1.06321
1.04846
6.17278
6.08174
5.84965
5.45901
5.11189
4.80837
4.53156
4.27302
4.0297
3.80046
3.58503
3.38296
3.19451
3.01924
2.85643
2.70549
2.56567
2.43628
2.31661
2.20601
2.10372
2.00929
1.92197
1.84134
1.76699
1.69827
1.63524
1.57725
1.5255
1.47974
1.45148
1.45485
1.4734
1.52924
1.66357
1.94561
2.50664
3.00304
3.1931
3.19858
3.16975
3.1005
2.99598
2.90381
2.82121
2.74668
2.67876
2.61606
2.55777
2.50359
2.45351
2.40504
2.35826
2.31262
2.26807
2.22423
2.18126
2.1389
2.09747
2.05664
2.01683
1.97759
1.93938
1.90171
1.86509
1.82902
1.79402
1.75958
1.72621
1.6934
1.66166
1.63046
1.60033
1.57071
1.54216
1.51409
1.48708
1.46051
1.435
1.40986
1.38578
1.362
1.33925
1.31672
1.29521
1.27384
1.25348
1.23319
1.21391
1.19463
1.17642
1.15809
1.14098
1.1235
1.10758
1.09077
1.07625
1.05986
1.04754
1.03279
6.03701
6.01584
5.88585
5.59692
5.23071
4.91208
4.63036
4.37284
4.13243
3.90572
3.69199
3.49137
3.30304
3.12694
2.96267
2.80977
2.66763
2.53558
2.41314
2.2994
2.19404
2.09626
2.00559
1.92164
1.84372
1.77181
1.70551
1.64529
1.59301
1.55564
1.55868
1.57829
1.63986
1.78865
2.10157
2.71473
3.18811
3.35963
3.35071
3.29899
3.18898
3.08171
2.9794
2.88888
2.80764
2.73325
2.66445
2.59971
2.5381
2.47982
2.42486
2.37352
2.32514
2.27847
2.23341
2.18948
2.14682
2.10501
2.06437
2.02443
1.98561
1.94735
1.91018
1.87348
1.83785
1.80267
1.76853
1.73485
1.70221
1.67003
1.63888
1.6082
1.57854
1.54934
1.52116
1.49342
1.46672
1.44041
1.41515
1.39025
1.36639
1.34281
1.32027
1.29795
1.27664
1.25547
1.2353
1.2152
1.19613
1.17704
1.15903
1.14089
1.12399
1.10669
1.09098
1.07435
1.06005
1.04382
1.03171
1.01705
5.67851
5.90321
5.84891
5.68459
5.35108
5.02076
4.73342
4.47509
4.23572
4.00995
3.79659
3.59625
3.40831
3.23191
3.06658
2.91214
2.76794
2.6337
2.50854
2.39217
2.28388
2.18306
2.08948
2.00229
1.92154
1.84688
1.77858
1.71971
1.67514
1.67821
1.6999
1.7689
1.93604
2.28502
2.97525
3.4216
3.55575
3.54058
3.46993
3.32463
3.19232
3.07802
2.97635
2.88594
2.80457
2.72977
2.66031
2.59387
2.52983
2.46881
2.41012
2.35412
2.30138
2.25171
2.20439
2.1589
2.1152
2.07283
2.03199
1.99216
1.95368
1.91596
1.87946
1.84353
1.80873
1.7744
1.74114
1.70831
1.6765
1.6451
1.61469
1.58467
1.55564
1.52699
1.49933
1.47205
1.44577
1.41983
1.39492
1.37032
1.34674
1.32342
1.30113
1.27903
1.25794
1.23698
1.21702
1.19713
1.17826
1.15936
1.14156
1.1236
1.1069
1.08978
1.07429
1.05783
1.04375
1.02768
1.01579
1.00123
4.84387
5.67988
5.74362
5.67093
5.48386
5.14843
4.84485
4.57925
4.33797
4.11377
3.90238
3.70218
3.51337
3.33548
3.16899
3.01283
2.867
2.73061
2.60318
2.48434
2.37322
2.27001
2.17337
2.08367
2.00059
1.9244
1.85888
1.80913
1.81255
1.83727
1.91626
2.10747
2.50565
3.28573
3.69339
3.7807
3.75455
3.66186
3.4933
3.33856
3.20618
3.09172
2.9904
2.89869
2.81447
2.7361
2.66237
2.59293
2.52753
2.46486
2.40357
2.34472
2.28827
2.2343
2.18341
2.13538
2.0895
2.04546
2.00337
1.96266
1.92363
1.88564
1.84914
1.8134
1.77899
1.74516
1.71253
1.68037
1.6493
1.61862
1.58897
1.55968
1.53137
1.50338
1.47637
1.44966
1.42393
1.39849
1.37403
1.34983
1.32664
1.30366
1.28169
1.25988
1.23907
1.21835
1.19865
1.17897
1.16033
1.14163
1.12405
1.10627
1.08979
1.07285
1.05757
1.04128
1.02742
1.0115
0.999839
0.985364
3.15564
5.14714
5.61712
5.60713
5.51389
5.29717
4.97887
4.69469
4.44444
4.2167
4.00425
3.80392
3.61493
3.43708
3.26974
3.11238
2.96488
2.82623
2.69707
2.57568
2.46248
2.35642
2.25768
2.16618
2.08213
2.01016
1.95695
1.96104
1.98955
2.08162
2.30237
2.76114
3.62587
3.98938
4.03467
3.99044
3.869
3.68268
3.5098
3.36244
3.23553
3.12289
3.02049
2.92573
2.83727
2.75415
2.67571
2.60144
2.53111
2.46425
2.40151
2.341
2.28222
2.22567
2.1715
2.11972
2.07084
2.02458
1.9805
1.93812
1.89775
1.85871
1.82144
1.78518
1.75051
1.71659
1.68409
1.65217
1.62152
1.59132
1.56226
1.53356
1.50592
1.47858
1.45223
1.42615
1.40105
1.37618
1.35229
1.3286
1.3059
1.28335
1.2618
1.24035
1.2199
1.1995
1.18011
1.1607
1.14233
1.12386
1.10653
1.08896
1.07272
1.05596
1.0409
1.02478
1.01114
0.995376
0.98394
0.969551
2.23377
3.93686
5.2763
5.50938
5.47988
5.36552
5.11956
4.81987
4.55474
4.31933
4.1041
3.90305
3.71399
3.53597
3.36787
3.20987
3.06108
2.92156
2.7899
2.66672
2.55136
2.44346
2.34338
2.25177
2.17311
2.11854
2.12389
2.1579
2.26644
2.52477
3.06381
3.97629
4.32657
4.3211
4.24824
4.08833
3.88774
3.701
3.5403
3.40085
3.27704
3.16398
3.0589
2.96017
2.86709
2.77914
2.69595
2.61708
2.54235
2.47136
2.40416
2.3403
2.28027
2.22214
2.16597
2.11183
2.06006
2.01071
1.9641
1.91964
1.87745
1.83681
1.79817
1.76077
1.72521
1.6906
1.65766
1.62545
1.59473
1.56457
1.53573
1.50733
1.48011
1.45322
1.42742
1.40187
1.37736
1.35305
1.32975
1.3066
1.28444
1.2624
1.24134
1.22035
1.20033
1.18033
1.16131
1.14224
1.1242
1.10603
1.08899
1.07167
1.05569
1.03914
1.02433
1.00839
0.994983
0.979372
0.968163
0.953856
1.63993
2.53362
4.46551
5.28443
5.39915
5.35004
5.21725
4.94709
4.66969
4.42452
4.20451
4.00202
3.81245
3.63335
3.46484
3.30603
3.15613
3.01529
2.88242
2.75772
2.64071
2.53208
2.4331
2.34769
2.29397
2.30152
2.34433
2.47572
2.79066
3.45006
4.36539
4.67318
4.65581
4.54761
4.32642
4.11079
3.91399
3.74075
3.58836
3.45175
3.32719
3.21142
3.10263
2.99971
2.90215
2.80965
2.72195
2.63874
2.55984
2.48486
2.4138
2.34623
2.28225
2.22139
2.16416
2.10848
2.05499
2.00338
1.95414
1.90723
1.86299
1.82043
1.78009
1.74116
1.70428
1.66852
1.63464
1.60165
1.57036
1.53977
1.51071
1.48218
1.45501
1.42825
1.40271
1.37748
1.35336
1.32949
1.30666
1.28401
1.26236
1.24084
1.22028
1.19979
1.18025
1.16071
1.14214
1.12348
1.10584
1.08804
1.07134
1.05434
1.03866
1.02238
1.00784
0.992116
0.978969
0.963536
0.952568
0.938362
1.32395
1.77894
2.81185
4.72164
5.2454
5.28297
5.21941
5.06639
4.79494
4.53817
4.30998
4.10319
3.91157
3.73219
3.56305
3.40242
3.25123
3.10843
2.97467
2.84887
2.73207
2.62543
2.53455
2.48379
2.495
2.55061
2.71547
3.10539
3.92135
4.80315
5.05375
5.01389
4.86569
4.59548
4.35472
4.14503
3.96076
3.79581
3.64627
3.5088
3.38131
3.26168
3.14873
3.04154
2.93975
2.84307
2.7513
2.66415
2.58149
2.50288
2.42835
2.35739
2.29014
2.2261
2.16543
2.10765
2.05327
2.00011
1.94929
1.90021
1.85362
1.80906
1.76697
1.7264
1.68802
1.65088
1.61577
1.58168
1.54946
1.51807
1.48838
1.45934
1.43182
1.40482
1.37918
1.35394
1.32994
1.30624
1.28368
1.26134
1.24007
1.21894
1.19883
1.17878
1.15972
1.14064
1.12254
1.10434
1.08715
1.06975
1.05347
1.03682
1.02152
1.00555
0.99134
0.975885
0.963037
0.947826
0.937125
0.923065
1.17471
1.41973
2.03015
3.43637
4.83267
5.17203
5.16888
5.1
4.93707
4.67173
4.42679
4.21012
4.0134
3.831
3.65986
3.49901
3.34698
3.20294
3.06755
2.94173
2.82908
2.73276
2.69038
2.70692
2.78018
2.9896
3.46938
4.47379
5.25854
5.44729
5.38055
5.18556
4.88842
4.61801
4.39018
4.19353
4.01778
3.85632
3.70651
3.56651
3.43531
3.31157
3.19449
3.08333
2.97773
2.87738
2.78209
2.69153
2.60559
2.5238
2.44619
2.37223
2.30208
2.23517
2.17172
2.11121
2.0538
1.99917
1.94747
1.89693
1.84872
1.80216
1.75829
1.71613
1.67622
1.63766
1.60121
1.56588
1.53253
1.50012
1.46952
1.43968
1.4115
1.38393
1.35787
1.33229
1.30808
1.28425
1.26169
1.2394
1.21829
1.19737
1.17755
1.15782
1.13913
1.12043
1.10276
1.08497
1.06822
1.05123
1.03539
1.01913
1.00423
0.988617
0.974779
0.959645
0.947131
0.932201
0.921794
0.907941
1.08692
1.21753
1.52436
2.25231
3.86279
4.87241
5.07742
5.06273
4.98316
4.80557
4.55314
4.32217
4.11692
3.93019
3.75649
3.59391
3.44062
3.29732
3.16304
3.04561
2.9418
2.91551
2.93969
3.03123
3.29719
3.8804
5.08971
5.7687
5.8598
5.75918
5.51537
5.19257
4.89918
4.65108
4.43871
4.25041
4.07816
3.91701
3.76542
3.62226
3.48722
3.35947
3.23852
3.12375
3.01478
2.91127
2.81295
2.71947
2.63068
2.54612
2.4658
2.3892
2.31647
2.24703
2.18113
2.11819
2.05845
2.00144
1.94728
1.89583
1.84657
1.7988
1.75328
1.70946
1.66811
1.62819
1.59045
1.55389
1.51938
1.48587
1.45426
1.42348
1.39446
1.36612
1.3394
1.31323
1.28857
1.26433
1.2415
1.21901
1.19781
1.17686
1.1571
1.13749
1.119
1.10054
1.08316
1.06568
1.04929
1.03267
1.01721
1.00134
0.986838
0.971607
0.958163
0.943389
0.931249
0.916655
0.906572
0.892999
1.04399
1.10759
1.2582
1.62128
2.43624
4.14736
4.85726
4.986
4.95989
4.87072
4.68062
4.44175
4.22445
4.0302
3.85305
3.68862
3.53584
3.39336
3.27193
3.16691
3.16099
3.19445
3.30881
3.64367
4.33991
5.75012
6.33993
6.31753
6.16266
5.84191
5.50912
5.19959
4.93314
4.70247
4.49833
4.31234
4.13939
3.97604
3.82142
3.67474
3.53596
3.40451
3.28006
3.16208
3.05015
2.94388
2.84293
2.74692
2.65565
2.56868
2.48598
2.40707
2.33206
2.26042
2.19237
2.12732
2.06556
2.0065
1.95044
1.89682
1.84602
1.79754
1.75087
1.70576
1.66297
1.62181
1.58289
1.54518
1.50957
1.47499
1.44237
1.41062
1.3807
1.35149
1.324
1.2971
1.2718
1.247
1.2237
1.20079
1.17929
1.15808
1.13818
1.11848
1.09997
1.08156
1.06429
1.04698
1.0308
1.01443
0.999267
0.98371
0.969555
0.954665
0.941607
0.927181
0.915443
0.901177
0.891465
0.878231
1.02248
1.05099
1.12788
1.30003
1.71797
2.63254
4.29963
4.81856
4.89845
4.86271
4.76586
4.56647
4.34115
4.13716
3.95392
3.78772
3.63657
3.50744
3.40833
3.41358
3.46634
3.62803
4.05135
4.92299
6.46589
6.90719
6.84534
6.61572
6.18898
5.8345
5.51378
5.23298
4.98582
4.76408
4.56201
4.37441
4.19834
4.03142
3.87317
3.72289
3.58067
3.44597
3.3185
3.19773
3.08323
2.97455
2.8713
2.77307
2.67962
2.59053
2.50575
2.42481
2.34782
2.27427
2.20435
2.1375
2.07399
2.01321
1.95551
1.9002
1.84781
1.79745
1.75003
1.70406
1.66024
1.61783
1.57783
1.53909
1.50248
1.46692
1.43337
1.4007
1.3699
1.33985
1.31156
1.28392
1.25792
1.23247
1.20859
1.18516
1.16319
1.14158
1.12135
1.10136
1.08266
1.0641
1.04675
1.02942
1.01329
0.997018
0.982004
0.966641
0.952731
0.938105
0.925367
0.911242
0.899884
0.885913
0.876587
0.86371
1.0105
1.02692
1.06125
1.15389
1.36409
1.87611
3.03154
4.3705
4.76474
4.81386
4.7722
4.66945
4.4634
4.25374
4.06496
3.8999
3.76044
3.66945
3.68332
3.75883
3.99469
4.55112
5.71794
7.19431
7.48711
7.37465
7.06713
6.59346
6.18096
5.83708
5.544
5.28374
5.0468
4.82779
4.62397
4.43258
4.25221
4.08122
3.91935
3.76586
3.62073
3.48333
3.35336
3.23023
3.1135
3.00269
2.8974
2.79718
2.70183
2.61087
2.52431
2.44161
2.36294
2.28774
2.21625
2.14786
2.08289
2.02066
1.96157
1.90491
1.85114
1.7995
1.75055
1.70357
1.65905
1.61575
1.5747
1.53503
1.49754
1.4611
1.4267
1.39319
1.3616
1.33077
1.30174
1.27338
1.24671
1.22062
1.19613
1.17212
1.14962
1.12751
1.10683
1.08645
1.0674
1.04855
1.03098
1.01348
0.997245
0.980925
0.965928
0.950623
0.936838
0.922362
0.909843
0.895939
0.884874
0.871167
0.862159
0.849602
1.00556
1.01239
1.03176
1.07268
1.18114
1.43097
2.01791
3.32133
4.399
4.70534
4.73262
4.69104
4.58874
4.38662
4.1972
4.03484
3.96069
3.98618
4.09067
4.41775
5.14171
6.64697
7.97503
8.05663
7.8936
7.51263
6.99835
6.56129
6.18538
5.86896
5.59279
5.34134
5.10729
4.88713
4.6799
4.48421
4.29958
4.12483
3.95977
3.80354
3.65597
3.51634
3.38427
3.25913
3.14047
3.02777
2.92068
2.81872
2.72172
2.62915
2.54107
2.45688
2.37681
2.30023
2.22743
2.15776
2.09156
2.02814
1.9679
1.91011
1.85525
1.80252
1.7525
1.70434
1.65877
1.61484
1.57302
1.53252
1.49423
1.45701
1.42186
1.38762
1.35533
1.32382
1.29415
1.26515
1.23787
1.21117
1.18609
1.16151
1.13847
1.11584
1.09467
1.07383
1.05438
1.03517
1.01729
0.999522
0.983078
0.966595
0.9515
0.936131
0.922354
0.907905
0.895498
0.881694
0.870844
0.857274
0.848548
0.836229
1.00252
1.00644
1.01438
1.03677
1.08371
1.20806
1.48859
2.13549
3.52903
4.40636
4.64406
4.65809
4.62415
4.53527
4.35739
4.28604
4.32605
4.47203
4.91701
5.83945
7.72044
8.74581
8.69882
8.45029
7.93371
7.40726
6.9577
6.56263
6.22222
5.92254
5.65129
5.39939
5.1626
4.93871
4.72743
4.5278
4.33966
4.16188
3.99424
3.83577
3.68616
3.54464
3.41076
3.2839
3.16356
3.04926
2.94062
2.83718
2.73877
2.64487
2.55553
2.47014
2.38892
2.31123
2.23737
2.16666
2.09947
2.03507
1.97391
1.9152
1.85946
1.80584
1.75497
1.70594
1.65948
1.61464
1.57226
1.53103
1.49203
1.45412
1.41834
1.38349
1.35064
1.31858
1.28837
1.25881
1.231
1.20375
1.17814
1.15301
1.12945
1.10631
1.08467
1.06338
1.04352
1.02392
1.0057
0.987622
0.970917
0.954199
0.938926
0.923401
0.909534
0.895009
0.882607
0.868801
0.858056
0.844544
0.836004
0.823817
1.00126
1.00292
1.00724
1.01645
1.04125
1.09484
1.23239
1.5402
2.23207
3.68469
4.39668
4.58597
4.61777
4.60997
4.61353
4.69053
4.91701
5.5283
6.76201
8.90298
9.48979
9.38132
9.03255
8.37972
7.81948
7.36043
6.96202
6.6061
6.28327
5.9866
5.71149
5.45393
5.21189
4.9836
4.76864
4.56582
4.37489
4.19462
4.02473
3.86416
3.71258
3.56918
3.43354
3.30502
3.18314
3.06739
2.9574
2.85268
2.75308
2.65806
2.56768
2.48131
2.39918
2.3206
2.2459
2.17436
2.10639
2.04121
1.97932
1.91988
1.86345
1.80912
1.75759
1.70787
1.66076
1.61517
1.57206
1.53021
1.49062
1.45213
1.41581
1.38049
1.34718
1.31466
1.284
1.254
1.22574
1.19804
1.17198
1.14642
1.12245
1.0989
1.07688
1.05521
1.035
1.01505
0.996515
0.978129
0.961149
0.944166
0.928669
0.912933
0.898908
0.884231
0.87175
0.857855
0.847125
0.833578
0.825145
0.812982
1.00061
1.00136
1.0034
1.00779
1.0189
1.04462
1.10641
1.25237
1.58459
2.30195
3.76535
4.38467
4.59963
4.70885
4.94001
5.38231
6.30862
8.08834
9.99386
10.2025
10.0252
9.56093
8.85508
8.25644
7.76651
7.35115
6.98182
6.64238
6.32516
6.02751
5.74866
5.48713
5.24198
5.01152
4.795
4.59092
4.39879
4.21729
4.04611
3.8842
3.73127
3.58653
3.44962
3.3199
3.19694
3.08016
2.96922
2.86361
2.7632
2.6674
2.5763
2.48924
2.40647
2.32725
2.25197
2.17983
2.11132
2.04558
1.98317
1.92317
1.86624
1.81138
1.75935
1.7091
1.66149
1.61538
1.57179
1.52954
1.48962
1.4508
1.4141
1.37828
1.34444
1.31139
1.2802
1.24971
1.22098
1.19288
1.16648
1.1406
1.11634
1.09252
1.07024
1.04832
1.02786
1.00766
0.988891
0.970262
0.953062
0.935857
0.920167
0.904237
0.89006
0.875227
0.862651
0.848644
0.837893
0.82427
0.8159
0.803706
1.00027
1.00067
1.00151
1.0038
1.00843
1.02133
1.04765
1.11855
1.27126
1.63425
2.40716
3.85131
4.53343
4.94095
5.68408
7.04265
9.65112
11.2872
11.2104
10.8681
10.148
9.41383
8.77702
8.25351
7.80623
7.40759
7.04125
6.69913
6.37787
6.076
5.79332
5.52856
5.28071
5.04785
4.82904
4.62271
4.42838
4.24474
4.07152
3.90766
3.75289
3.60643
3.46791
3.33668
3.21231
3.0943
2.98226
2.87566
2.77435
2.67773
2.58587
2.49808
2.41462
2.33475
2.25885
2.18612
2.11706
2.05079
1.9879
1.92742
1.87005
1.81475
1.76232
1.71164
1.66364
1.61714
1.57315
1.53047
1.49013
1.45089
1.41381
1.3776
1.34341
1.30997
1.27845
1.24761
1.21857
1.19014
1.16343
1.13724
1.11269
1.08859
1.06604
1.04385
1.02315
1.00271
0.983711
0.964855
0.94745
0.93004
0.914168
0.898057
0.883728
0.868741
0.856051
0.841917
0.831102
0.817379
0.809011
0.79673
1.00014
1.00031
1.00077
1.00176
1.00423
1.01006
1.02331
1.05671
1.13094
1.31402
1.71826
2.60418
4.30448
5.47115
7.67738
10.849
12.0357
11.9201
11.5287
10.7285
9.94799
9.29436
8.73839
8.25005
7.81093
7.4096
7.03904
6.69419
6.37202
6.07037
5.78831
5.52429
5.27723
5.04517
4.82708
4.6213
4.4273
4.2438
4.07059
3.90666
3.75184
3.60533
3.46676
3.33551
3.21116
3.09316
2.98114
2.87457
2.77331
2.67674
2.58493
2.49719
2.41378
2.33394
2.25806
2.18533
2.11627
2.04997
1.98706
1.92653
1.86912
1.81376
1.76127
1.7105
1.66243
1.61581
1.5717
1.52882
1.4883
1.44884
1.4116
1.37525
1.34095
1.30741
1.27581
1.24485
1.21573
1.18716
1.16033
1.134
1.10932
1.08507
1.06239
1.04006
1.01925
0.998687
0.979592
0.96064
0.943152
0.925656
0.909712
0.893526
0.879134
0.864079
0.851339
0.837147
0.8263
0.812532
0.804161
0.791838
1.00008
1.00019
1.00047
1.00104
1.0026
1.00592
1.01435
1.03372
1.08036
1.1925
1.4644
2.11982
3.65106
6.80271
12.5376
13.2907
13.0164
12.3133
11.3496
10.5714
9.92629
9.35544
8.82558
8.32927
7.87082
7.45258
7.07146
6.72128
6.39677
6.09405
5.81125
5.54645
5.29846
5.06532
4.846
4.63886
4.44342
4.25848
4.08386
3.91863
3.76262
3.61502
3.4755
3.34338
3.21826
3.09954
2.9869
2.87976
2.77799
2.68094
2.58872
2.50058
2.41682
2.33662
2.26043
2.18739
2.11805
2.05149
1.98833
1.92758
1.86996
1.81439
1.76172
1.71078
1.66253
1.61575
1.5715
1.52848
1.48783
1.44823
1.41086
1.37438
1.33999
1.30635
1.27466
1.24362
1.21441
1.18576
1.15885
1.13242
1.10766
1.08331
1.06055
1.03813
1.01724
0.9966
0.977437
0.958421
0.940877
0.923329
0.907341
0.891111
0.876683
0.861594
0.848824
0.834606
0.823737
0.809952
0.801572
0.789229
)
;

boundaryField
{
    inlet
    {
        type            fixedValue;
        value           uniform 1;
    }
    outlet
    {
        type            waveTransmissive;
        gamma           1.4;
        fieldInf        1;
        lInf            3;
        value           nonuniform List<scalar> 
40
(
2.45497
2.45254
2.45087
2.44213
2.44355
2.44316
2.4408
2.41372
2.38196
2.39704
2.51042
2.62303
2.43806
1.69807
1.30941
1.16708
1.1094
1.08211
1.06403
1.04807
1.03244
1.01672
1.00093
0.985096
0.969317
0.95366
0.938205
0.922951
0.907873
0.892979
0.87826
0.863792
0.849738
0.836421
0.824063
0.813278
0.804043
0.797102
0.792233
0.789636
)
;
    }
    top
    {
        type            symmetryPlane;
    }
    bottom
    {
        type            symmetryPlane;
    }
    obstacle
    {
        type            zeroGradient;
    }
    frontAndBack
    {
        type            empty;
    }
}


// ************************************************************************* //
