/*--------------------------------*- C++ -*----------------------------------*\
  =========                 |
  \\      /  F ield         | OpenFOAM: The Open Source CFD Toolbox
   \\    /   O peration     | Website:  https://openfoam.org
    \\  /    A nd           | Version:  13
     \\/     M anipulation  |
\*---------------------------------------------------------------------------*/
FoamFile
{
    format      ascii;
    class       volScalarField;
    location    "1.5";
    object      rho;
}
// * * * * * * * * * * * * * * * * * * * * * * * * * * * * * * * * * * * * * //

dimensions      [1 -3 0 0 0 0 0];

internalField   nonuniform List<scalar> 
5250
(
1.40001
1.40002
1.40004
1.4001
1.40022
1.40062
1.40133
1.4037
1.40819
1.42181
1.44962
1.52089
1.66784
1.97439
2.8744
5.85489
5.79694
5.67764
5.68214
5.73883
5.79927
5.8404
5.88857
5.92572
5.82373
1.40001
1.40002
1.40004
1.40009
1.40025
1.40053
1.4015
1.40328
1.4089
1.42014
1.45137
1.51703
1.66786
1.96821
2.85526
5.82353
5.78216
5.67999
5.68241
5.73477
5.7969
5.83843
5.8873
5.92498
5.82286
1.40001
1.40002
1.40004
1.4001
1.40022
1.40057
1.40136
1.40342
1.40832
1.42039
1.44924
1.51605
1.6615
1.95885
2.81502
5.75233
5.75043
5.68143
5.67881
5.72033
5.78361
5.82446
5.87287
5.91027
5.8082
1.40001
1.40002
1.40004
1.40009
1.40021
1.40058
1.40124
1.40351
1.40756
1.42064
1.44625
1.51397
1.65254
1.94438
2.75322
5.63382
5.73304
5.67324
5.66619
5.69717
5.75715
5.79835
5.8464
5.88338
5.78006
1.40001
1.40001
1.40004
1.40008
1.40023
1.40048
1.40134
1.40298
1.40796
1.41826
1.44635
1.50642
1.64468
1.92517
2.68053
5.46357
5.71616
5.65509
5.64268
5.66623
5.7232
5.76196
5.805
5.84015
5.7484
1.40001
1.40001
1.40004
1.40008
1.40021
1.40046
1.40123
1.40285
1.40737
1.41737
1.44335
1.50073
1.63126
1.9016
2.59014
5.23528
5.69861
5.63645
5.60882
5.62885
5.67882
5.71344
5.75411
5.79106
5.69818
1.40001
1.40001
1.40003
1.40008
1.40017
1.40048
1.40102
1.40292
1.4062
1.41729
1.43819
1.49613
1.6134
1.87173
2.48911
4.94367
5.68706
5.62076
5.56542
5.57888
5.61716
5.65061
5.68767
5.71533
5.63826
1.40001
1.40001
1.40003
1.40007
1.40016
1.40041
1.40099
1.40246
1.40607
1.41474
1.43624
1.48575
1.5973
1.83293
2.38215
4.58035
5.68416
5.6064
5.51248
5.52136
5.55613
5.56924
5.58719
5.60783
5.52972
1.40001
1.40001
1.40003
1.40006
1.40014
1.40037
1.40084
1.40229
1.40504
1.41375
1.43087
1.47783
1.57521
1.79081
2.26819
4.13468
5.7
5.61033
5.46609
5.46486
5.47731
5.48204
5.47818
5.4596
5.38663
1.40001
1.40001
1.40002
1.40005
1.40013
1.4003
1.40079
1.40177
1.40484
1.41075
1.42849
1.46474
1.5553
1.74067
2.15486
3.62421
5.71642
5.60983
5.41443
5.39386
5.39117
5.36186
5.32607
5.27372
5.09018
1.40001
1.40001
1.40002
1.40005
1.4001
1.40028
1.4006
1.40167
1.40361
1.41
1.4221
1.45693
1.52853
1.69277
2.03056
3.0459
5.70547
5.60632
5.38303
5.31963
5.28578
5.23459
5.12589
4.90955
4.21433
1.40001
1.40001
1.40002
1.40004
1.4001
1.40021
1.40058
1.40123
1.4035
1.40749
1.42059
1.44576
1.51341
1.65053
1.94124
2.73626
5.44699
5.47772
5.36492
5.25173
5.19542
5.10291
4.92632
4.61152
3.86641
1.40001
1.40001
1.40002
1.40004
1.40007
1.4002
1.40042
1.4012
1.40255
1.40716
1.41571
1.44132
1.49325
1.61811
1.87135
2.49151
4.89418
5.34975
5.29202
5.1594
5.0737
4.95656
4.74499
4.4083
3.84321
1.40001
1.40001
1.40002
1.40003
1.40007
1.40014
1.40041
1.40085
1.40244
1.40519
1.41442
1.43195
1.48096
1.58084
1.80309
2.29343
4.24281
5.28103
5.24188
5.10922
4.98006
4.83275
4.59975
4.27198
3.84072
1.40001
1.40001
1.40001
1.40003
1.40005
1.40013
1.40028
1.40079
1.40169
1.40475
1.41034
1.42775
1.46245
1.55078
1.72978
2.12328
3.53373
5.24199
5.20483
5.07241
4.90349
4.74513
4.52535
4.20062
3.83447
1.40001
1.40001
1.40001
1.40002
1.40005
1.40009
1.40025
1.40054
1.40148
1.40328
1.40876
1.41998
1.45042
1.51513
1.66267
1.96146
2.78046
5.12977
5.16464
5.07139
4.85599
4.66323
4.46488
4.17479
3.83579
1.40001
1.40001
1.40001
1.40002
1.40003
1.40008
1.40018
1.40046
1.40106
1.40271
1.40651
1.41607
1.43883
1.49191
1.6099
1.85645
2.44462
4.64678
5.06213
4.99793
4.82858
4.6079
4.4061
4.15699
3.8436
1.40001
1.40001
1.40001
1.40001
1.40003
1.40006
1.40015
1.40032
1.4009
1.40191
1.40534
1.41166
1.431
1.4699
1.56698
1.76348
2.192
3.86394
4.97201
4.93608
4.81364
4.57631
4.36388
4.14078
3.86597
1.40001
1.40001
1.40001
1.40001
1.40002
1.40005
1.4001
1.40026
1.4006
1.40153
1.40367
1.40905
1.42207
1.45291
1.52426
1.67849
1.99957
2.96643
4.84057
4.88581
4.80352
4.59183
4.34304
4.12251
3.87923
1.40001
1.40001
1.40001
1.40001
1.40002
1.40004
1.40008
1.40019
1.40043
1.40115
1.40255
1.40692
1.41531
1.43993
1.4899
1.61046
1.84697
2.41999
4.43169
4.8313
4.77317
4.61331
4.35062
4.11918
3.88875
1.40001
1.40001
1.40001
1.40001
1.40001
1.40003
1.40006
1.40014
1.40032
1.40081
1.40187
1.4049
1.41115
1.4288
1.46582
1.55617
1.74068
2.13168
3.61421
4.73638
4.71091
4.61266
4.38498
4.14061
3.91442
1.40001
1.40001
1.40001
1.40001
1.40001
1.40002
1.40004
1.40009
1.40024
1.40053
1.40137
1.4032
1.40803
1.41912
1.44645
1.50788
1.64381
1.90359
2.61007
4.54495
4.6919
4.61736
4.42162
4.1708
3.93539
1.40001
1.40001
1.40001
1.40001
1.40001
1.40002
1.40003
1.40007
1.40016
1.40037
1.40096
1.40217
1.40576
1.41286
1.43345
1.47539
1.57816
1.78109
2.22885
3.92612
4.62473
4.58829
4.46457
4.2161
3.98083
1.40001
1.40001
1.40001
1.40001
1.40001
1.40001
1.40002
1.40004
1.40012
1.40024
1.40067
1.40145
1.4039
1.40875
1.42273
1.45182
1.52465
1.67417
1.97722
2.95849
4.43562
4.53427
4.47261
4.29059
4.02623
1.40001
1.40001
1.40001
1.40001
1.40001
1.40001
1.40002
1.40003
1.40007
1.40017
1.40043
1.40098
1.40258
1.40573
1.4152
1.43414
1.48425
1.58821
1.79957
2.28474
3.96161
4.48729
4.45387
4.34338
4.09816
1.40001
1.40001
1.40001
1.40001
1.40001
1.40001
1.40001
1.40002
1.40005
1.40012
1.40026
1.40071
1.4015
1.40419
1.40897
1.42418
1.45345
1.53023
1.68151
1.99086
3.02761
4.31752
4.40585
4.35223
4.199
1.40001
1.40001
1.40001
1.40001
1.40001
1.40001
1.40001
1.40002
1.40004
1.40007
1.40019
1.4004
1.4011
1.40234
1.40644
1.41395
1.43667
1.48129
1.5912
1.78831
2.27637
3.87983
4.36374
4.33787
4.24739
1.40001
1.40001
1.40001
1.40001
1.40001
1.40001
1.40001
1.40001
1.40002
1.40005
1.40011
1.40028
1.40061
1.40168
1.40357
1.40981
1.42133
1.45493
1.52167
1.67446
1.95953
2.92653
4.17586
4.30049
4.25561
1.40001
1.40001
1.40001
1.40001
1.40001
1.40001
1.40001
1.40001
1.40002
1.40003
1.40008
1.40016
1.40043
1.4009
1.40252
1.40533
1.41454
1.43179
1.47962
1.57549
1.76645
2.20749
3.69378
4.24865
4.23166
1.40001
1.40001
1.40001
1.40001
1.40001
1.40001
1.40001
1.40001
1.40001
1.40002
1.40004
1.40011
1.40023
1.40061
1.40137
1.40351
1.40819
1.42023
1.44754
1.51127
1.64469
1.89813
2.67323
4.01492
4.21079
1.40001
1.40001
1.40001
1.40001
1.40001
1.40001
1.40001
1.40001
1.40001
1.40002
1.40003
1.40007
1.40014
1.40038
1.40079
1.40219
1.40469
1.41264
1.42788
1.46973
1.55433
1.72944
2.10313
3.40941
4.11516
1.40001
1.40001
1.40001
1.40001
1.40001
1.40001
1.40001
1.40001
1.40001
1.40001
1.40002
1.40004
1.40009
1.40021
1.4005
1.40121
1.40283
1.40714
1.41634
1.44058
1.49158
1.60674
1.80447
2.3337
3.81927
1.40001
1.40001
1.40001
1.40001
1.40001
1.40001
1.40001
1.40001
1.40001
1.40001
1.40001
1.40002
1.40006
1.40012
1.4003
1.40069
1.40171
1.4041
1.40981
1.42392
1.45564
1.52967
1.67692
1.97688
3.01362
1.40001
1.40001
1.40001
1.40001
1.40001
1.40001
1.40001
1.40001
1.40001
1.40001
1.40001
1.40002
1.40003
1.40007
1.40018
1.40038
1.40103
1.40217
1.40596
1.41277
1.43352
1.47343
1.5723
1.74027
2.1586
1.40001
1.40001
1.40001
1.40001
1.40001
1.40001
1.40001
1.40001
1.40001
1.40001
1.40001
1.40001
1.40002
1.40005
1.40009
1.40023
1.40053
1.40128
1.40317
1.4073
1.41834
1.44171
1.49945
1.61394
1.82942
1.40001
1.40001
1.40001
1.40001
1.40001
1.40001
1.40001
1.40001
1.40001
1.40001
1.40001
1.40001
1.40001
1.40003
1.40005
1.40014
1.40028
1.40077
1.40162
1.40442
1.40954
1.42492
1.45511
1.53166
1.67185
1.40001
1.40001
1.40001
1.40001
1.40001
1.40001
1.40001
1.40001
1.40001
1.40001
1.40001
1.40001
1.40001
1.40002
1.40003
1.40007
1.40017
1.40039
1.40094
1.4023
1.40534
1.41334
1.43042
1.47329
1.56139
1.40001
1.40001
1.40001
1.40001
1.40001
1.40001
1.40001
1.40001
1.40001
1.40001
1.40001
1.40001
1.40001
1.40001
1.40002
1.40004
1.40009
1.40022
1.4005
1.4012
1.40293
1.40674
1.41677
1.43805
1.49022
1.40001
1.40001
1.40001
1.40001
1.40001
1.40001
1.40001
1.40001
1.40001
1.40001
1.40001
1.40001
1.40001
1.40001
1.40001
1.40003
1.40005
1.40012
1.40025
1.40069
1.40144
1.40391
1.40833
1.42198
1.4479
1.40001
1.40001
1.40001
1.40001
1.40001
1.40001
1.40001
1.40001
1.40001
1.40001
1.40001
1.40001
1.40001
1.40001
1.40001
1.40001
1.40003
1.40006
1.40015
1.40032
1.40084
1.40186
1.40476
1.41081
1.42669
1.40001
1.40001
1.40001
1.40001
1.40001
1.40001
1.40001
1.40001
1.40001
1.40001
1.40001
1.40001
1.40001
1.40001
1.40001
1.40001
1.40002
1.40004
1.40008
1.40017
1.40043
1.40095
1.40247
1.40535
1.4141
1.40001
1.40001
1.40001
1.40001
1.40001
1.40001
1.40001
1.40001
1.40001
1.40001
1.40001
1.40001
1.40001
1.40001
1.40001
1.40001
1.40001
1.40002
1.40004
1.4001
1.4002
1.40053
1.40111
1.40298
1.40633
1.40001
1.40001
1.40001
1.40001
1.40001
1.40001
1.40001
1.40001
1.40001
1.40001
1.40001
1.40001
1.40001
1.40001
1.40001
1.40001
1.40001
1.40001
1.40002
1.40005
1.40011
1.40024
1.40062
1.40135
1.40345
1.40001
1.40001
1.40001
1.40001
1.40001
1.40001
1.40001
1.40001
1.40001
1.40001
1.40001
1.40001
1.40001
1.40001
1.40001
1.40001
1.40001
1.40001
1.40001
1.40003
1.40005
1.40013
1.40028
1.40073
1.4016
1.40001
1.40001
1.40001
1.40001
1.40001
1.40001
1.40001
1.40001
1.40001
1.40001
1.40001
1.40001
1.40001
1.40001
1.40001
1.40001
1.40001
1.40001
1.40001
1.40002
1.40003
1.40006
1.40016
1.40032
1.40086
1.40001
1.40001
1.40001
1.40001
1.40001
1.40001
1.40001
1.40001
1.40001
1.40001
1.40001
1.40001
1.40001
1.40001
1.40001
1.40001
1.40001
1.40001
1.40001
1.40001
1.40002
1.40003
1.40007
1.40018
1.40037
1.40001
1.40001
1.40001
1.40001
1.40001
1.40001
1.40001
1.40001
1.40001
1.40001
1.40001
1.40001
1.40001
1.40001
1.40001
1.40001
1.40001
1.40001
1.40001
1.40001
1.40001
1.40002
1.40004
1.40008
1.40019
1.40001
1.40001
1.40001
1.40001
1.40001
1.40001
1.40001
1.40001
1.40001
1.40001
1.40001
1.40001
1.40001
1.40001
1.40001
1.40001
1.40001
1.40001
1.40001
1.40001
1.40001
1.40001
1.40002
1.40004
1.4001
1.40001
1.40001
1.40001
1.40001
1.40001
1.40001
1.40001
1.40001
1.40001
1.40001
1.40001
1.40001
1.40001
1.40001
1.40001
1.40001
1.40001
1.40001
1.40001
1.40001
1.40001
1.40001
1.40001
1.40002
1.40005
1.40001
1.40001
1.40001
1.40001
1.40001
1.40001
1.40001
1.40001
1.40001
1.40001
1.40001
1.40001
1.40001
1.40001
1.40001
1.40001
1.40001
1.40001
1.40001
1.40001
1.40001
1.40001
1.40001
1.40002
1.40003
1.85182
1.01698
0.708575
0.628557
0.626225
0.656929
0.731865
0.800087
0.818941
0.817657
0.812643
0.803557
0.799523
0.797713
0.796616
0.796224
0.794797
0.792902
0.790636
0.787428
0.7836
0.780227
0.777364
0.774795
0.772298
0.76975
0.767121
0.764446
0.761781
0.759152
0.756533
0.753869
0.751095
0.748153
0.744997
0.7416
0.737955
0.734083
0.730004
0.725722
0.721256
0.716681
0.711994
0.707135
0.70215
0.697158
0.692217
0.68737
0.68264
0.678073
0.673852
0.670628
0.67001
0.670786
0.674214
0.684577
0.706979
0.752875
0.846515
1.02616
1.27704
1.54795
1.76664
1.87234
1.87634
1.86284
1.83624
1.79353
1.76588
1.7602
1.75628
1.747
1.73569
1.71924
1.69689
1.66724
1.63382
1.60469
1.57538
1.55122
1.52723
1.5084
1.48974
1.47293
1.45541
1.43667
1.41682
1.39586
1.37497
1.35353
1.33424
1.3138
1.29626
1.27699
1.2605
1.24298
1.22751
1.21156
1.19882
1.18474
2.30005
1.50998
1.15521
1.00595
0.938462
0.892001
0.870814
0.873332
0.880227
0.894871
0.916848
0.921954
0.920914
0.917894
0.912746
0.907571
0.903875
0.901517
0.899765
0.897519
0.894796
0.891484
0.887792
0.884069
0.880458
0.876995
0.873624
0.870266
0.866867
0.863399
0.859861
0.856269
0.852637
0.848981
0.845293
0.841587
0.837812
0.834016
0.830081
0.826143
0.82199
0.817892
0.813558
0.809274
0.80482
0.800338
0.795739
0.791155
0.786424
0.782187
0.777859
0.777113
0.777152
0.779172
0.787787
0.807546
0.847368
0.931113
1.07044
1.2352
1.39962
1.54817
1.70717
1.88812
2.05942
2.17904
2.23062
2.22143
2.19462
2.14401
2.07969
2.03015
1.99461
1.97345
1.96074
1.95152
1.94331
1.93022
1.91109
1.8833
1.85045
1.81617
1.78189
1.74942
1.71817
1.6905
1.66477
1.64144
1.61896
1.59681
1.57428
1.55147
1.5285
1.50572
1.48299
1.46051
1.43891
1.41676
1.39883
1.375
2.82702
2.10131
1.63141
1.32922
1.13579
1.01162
0.934611
0.913862
0.916677
0.923818
0.943824
0.963953
0.978194
0.980708
0.979821
0.977402
0.973554
0.968912
0.965548
0.96279
0.959886
0.95684
0.953488
0.949865
0.94615
0.942389
0.938576
0.934699
0.930772
0.926801
0.922797
0.918749
0.914681
0.910567
0.906467
0.902324
0.898232
0.894081
0.889973
0.885791
0.881617
0.87741
0.873163
0.868943
0.864643
0.860367
0.856077
0.851701
0.847804
0.843935
0.843814
0.844312
0.847162
0.857155
0.880074
0.924923
1.02049
1.16647
1.32395
1.42301
1.49438
1.56075
1.633
1.72213
1.83261
1.98193
2.149
2.29581
2.3914
2.3961
2.38118
2.34923
2.28738
2.21928
2.16086
2.11937
2.0879
2.06543
2.05028
2.03966
2.02586
2.00655
1.98075
1.95213
1.92132
1.89167
1.86198
1.83343
1.80512
1.77789
1.75153
1.72591
1.70074
1.67582
1.65101
1.6261
1.60231
1.57743
1.55802
1.53053
3.14851
2.49619
2.00295
1.64922
1.41041
1.24297
1.13807
1.06725
1.02552
1.00429
1.00462
1.00758
1.01395
1.02743
1.03577
1.03781
1.03629
1.03375
1.02951
1.02359
1.01881
1.01445
1.01041
1.0066
1.00266
0.998439
0.994065
0.989662
0.985271
0.98094
0.9767
0.972562
0.968526
0.964587
0.960748
0.957014
0.953377
0.949829
0.946327
0.942847
0.939315
0.935777
0.932018
0.928388
0.924228
0.920488
0.916027
0.912493
0.90889
0.909051
0.910355
0.915545
0.927696
0.955024
1.00895
1.12499
1.29488
1.44061
1.5177
1.557
1.58273
1.60489
1.62674
1.65508
1.69994
1.75909
1.83695
1.94252
2.08013
2.23518
2.36355
2.44675
2.445
2.42298
2.3878
2.32172
2.25223
2.19509
2.14704
2.11396
2.09047
2.07599
2.06373
2.0511
2.03522
2.01427
1.98874
1.9608
1.93121
1.90183
1.87229
1.84403
1.81556
1.78984
1.7633
1.73968
1.71577
1.69237
1.67369
1.64729
3.31756
2.77538
2.31081
1.94368
1.67368
1.46907
1.3202
1.20911
1.1309
1.07638
1.0451
1.03584
1.03654
1.03936
1.04592
1.05551
1.06155
1.0636
1.06274
1.0609
1.05803
1.05305
1.04827
1.04375
1.03947
1.03534
1.03124
1.02711
1.02297
1.01882
1.01474
1.0107
1.00678
1.00292
0.99914
0.995421
0.991709
0.988047
0.984319
0.980647
0.976811
0.973108
0.969088
0.965333
0.961268
0.957412
0.953976
0.951913
0.952406
0.95488
0.962014
0.978579
1.01221
1.08199
1.2152
1.41183
1.5358
1.60356
1.6285
1.64119
1.64447
1.64116
1.63491
1.63739
1.64392
1.65483
1.67919
1.71927
1.77373
1.8518
1.95415
2.09332
2.23666
2.36503
2.44613
2.4453
2.42208
2.38751
2.32468
2.25949
2.19633
2.14803
2.11065
2.08101
2.05855
2.03902
2.02156
2.0044
1.98453
1.96225
1.93739
1.91249
1.88601
1.8611
1.83621
1.81138
1.7892
1.76413
1.74661
1.721
3.42188
2.97387
2.5603
2.2047
1.92004
1.69491
1.5201
1.38362
1.28093
1.20281
1.1477
1.10658
1.08489
1.07447
1.07467
1.07635
1.07982
1.08775
1.09219
1.09369
1.09237
1.09084
1.08772
1.08203
1.07619
1.07077
1.0659
1.06158
1.05744
1.0534
1.0492
1.04492
1.04053
1.03615
1.0318
1.02751
1.02328
1.01911
1.01495
1.01081
1.00666
1.00245
0.998382
0.994074
0.990219
0.986654
0.985892
0.986665
0.990512
0.999837
1.02122
1.06423
1.15397
1.31441
1.52189
1.62215
1.6757
1.69538
1.69863
1.69483
1.68118
1.6672
1.65033
1.63759
1.62589
1.61941
1.61943
1.62316
1.63545
1.66113
1.70159
1.75789
1.8322
1.94066
2.06927
2.21099
2.33776
2.41856
2.41772
2.39295
2.35771
2.29658
2.22889
2.16323
2.11341
2.071
2.03979
2.01263
1.99085
1.97253
1.95475
1.93813
1.92065
1.90091
1.88111
1.85801
1.83879
1.81387
1.79738
1.7726
3.49143
3.10934
2.74628
2.41851
2.13803
1.90371
1.71427
1.55894
1.4359
1.33582
1.25727
1.19694
1.1521
1.11983
1.10299
1.09644
1.09646
1.09757
1.09982
1.10535
1.10803
1.10792
1.10702
1.1055
1.10236
1.09715
1.09145
1.08641
1.08159
1.07739
1.07304
1.06887
1.06455
1.06018
1.05581
1.05138
1.04702
1.04265
1.03833
1.03404
1.02966
1.02549
1.02117
1.01722
1.01375
1.01403
1.01545
1.02024
1.03228
1.05804
1.11059
1.21946
1.41601
1.61293
1.69829
1.73885
1.75069
1.75328
1.7417
1.72695
1.70723
1.6887
1.66773
1.64837
1.62939
1.61345
1.60001
1.59027
1.58468
1.58605
1.59153
1.60493
1.63148
1.67122
1.7248
1.80137
1.89691
2.02733
2.15918
2.28711
2.37157
2.36909
2.34856
2.31224
2.2574
2.19029
2.12949
2.07232
2.03346
1.99752
1.97193
1.94752
1.92913
1.91083
1.89695
1.87953
1.8654
1.84518
1.83038
1.80884
3.55313
3.21882
2.89273
2.58959
2.32207
2.08901
1.89292
1.72738
1.59038
1.4767
1.38409
1.30778
1.24716
1.20054
1.16519
1.13961
1.12595
1.11879
1.11873
1.11954
1.12118
1.12511
1.12759
1.12744
1.1265
1.12508
1.12216
1.11633
1.11007
1.10399
1.09849
1.09354
1.089
1.08472
1.08045
1.07605
1.07146
1.06675
1.06199
1.05711
1.05244
1.04793
1.04376
1.04056
1.04097
1.04323
1.04952
1.06475
1.09736
1.16116
1.29435
1.52441
1.68787
1.76423
1.79271
1.80188
1.79828
1.78369
1.7647
1.74502
1.72231
1.70062
1.67735
1.65564
1.63359
1.61353
1.59459
1.57838
1.5651
1.55387
1.54791
1.54308
1.54752
1.55389
1.56754
1.59277
1.63036
1.68301
1.74753
1.845
1.95911
2.09165
2.21726
2.30597
2.3095
2.29149
2.2582
2.20889
2.15171
2.08625
2.03709
1.99017
1.96092
1.92996
1.9091
1.88543
1.86996
1.85112
1.83827
1.82525
3.60174
3.30551
3.01068
2.72994
2.47538
2.24819
2.05094
1.88028
1.73541
1.61121
1.50761
1.41928
1.34684
1.28605
1.23737
1.19835
1.16965
1.14925
1.13848
1.13204
1.13183
1.13164
1.13259
1.13426
1.13494
1.13395
1.13299
1.13104
1.12719
1.1219
1.11629
1.11079
1.10554
1.10057
1.0958
1.09114
1.08651
1.08178
1.07693
1.07203
1.06726
1.06264
1.06009
1.0604
1.06329
1.07093
1.08922
1.12829
1.20519
1.36234
1.61465
1.75329
1.81747
1.83832
1.84116
1.83717
1.81858
1.79895
1.77524
1.7529
1.72852
1.70634
1.68315
1.66188
1.64066
1.62076
1.60156
1.5838
1.56724
1.55205
1.5396
1.52713
1.52054
1.51202
1.50997
1.5122
1.51765
1.52868
1.55098
1.58486
1.62905
1.69663
1.77522
1.89173
2.01403
2.14358
2.23736
2.25476
2.24294
2.20952
2.16969
2.11568
2.06318
2.00418
1.96551
1.92427
1.89995
1.87096
1.85406
1.83165
3.64133
3.37737
3.10991
2.85066
2.60947
2.39007
2.19484
2.02239
1.87248
1.74184
1.62951
1.53252
1.44995
1.37922
1.32045
1.27082
1.23107
1.19891
1.17491
1.15751
1.14764
1.14147
1.14021
1.13987
1.14016
1.14099
1.14171
1.14071
1.13968
1.13749
1.13311
1.12747
1.12155
1.11561
1.10979
1.10434
1.09894
1.09378
1.08873
1.08398
1.0794
1.07845
1.07862
1.08187
1.09141
1.1137
1.16075
1.25327
1.44799
1.70044
1.81376
1.8639
1.87867
1.88048
1.87011
1.8527
1.82948
1.80661
1.78239
1.7594
1.73616
1.71438
1.69217
1.67179
1.65106
1.63187
1.61335
1.59492
1.57802
1.56058
1.54457
1.52919
1.51494
1.50125
1.4918
1.48053
1.47649
1.47018
1.47294
1.4768
1.4861
1.50478
1.53533
1.57811
1.63242
1.71554
1.81101
1.93796
2.06084
2.16362
2.20524
2.19448
2.16538
2.13252
2.08985
2.03549
1.98904
1.93316
1.90648
1.86323
3.6824
3.43766
3.19269
2.95286
2.72529
2.51448
2.32321
2.15141
1.99923
1.86453
1.74665
1.64298
1.55309
1.47432
1.40681
1.34796
1.29863
1.25634
1.22235
1.19453
1.17391
1.15907
1.1502
1.1451
1.14267
1.1422
1.14195
1.14159
1.14103
1.13967
1.13828
1.13551
1.13071
1.12499
1.11915
1.1131
1.10727
1.10174
1.0968
1.09183
1.09172
1.09265
1.09629
1.10762
1.1335
1.18744
1.29622
1.53284
1.76335
1.86591
1.90705
1.91749
1.91541
1.90353
1.88274
1.8603
1.83602
1.81261
1.7887
1.76626
1.74396
1.72267
1.70177
1.68159
1.6616
1.64254
1.62302
1.6046
1.5864
1.56824
1.55192
1.53394
1.51869
1.50234
1.48782
1.47351
1.46165
1.44876
1.44196
1.43301
1.43
1.42894
1.43226
1.43961
1.45544
1.48104
1.51795
1.57073
1.63525
1.73285
1.83748
1.96946
2.06913
2.14315
2.13972
2.11949
2.09246
2.0533
2.02333
1.95044
3.71155
3.48792
3.26225
3.03977
2.82608
2.62503
2.43954
2.27011
2.11754
1.98068
1.85887
1.75064
1.65493
1.57019
1.49574
1.43006
1.37296
1.32317
1.28085
1.24476
1.21544
1.19163
1.17361
1.16032
1.15192
1.14674
1.14365
1.14282
1.14207
1.14135
1.14038
1.13919
1.13746
1.13401
1.12915
1.1235
1.11775
1.11247
1.10718
1.10701
1.10858
1.11338
1.12684
1.1574
1.21786
1.34673
1.62191
1.82503
1.91396
1.94919
1.9563
1.95364
1.93611
1.91456
1.88946
1.86547
1.84093
1.81798
1.7954
1.77358
1.75211
1.73112
1.7105
1.6902
1.67034
1.65053
1.63156
1.61252
1.59409
1.57573
1.558
1.54033
1.52424
1.50684
1.49239
1.47576
1.46203
1.44725
1.43469
1.42112
1.41173
1.40001
1.39544
1.38852
1.38751
1.38955
1.39546
1.4068
1.42831
1.46054
1.50316
1.56596
1.64173
1.74576
1.85713
1.9798
2.05463
2.09008
2.08191
2.05811
3.75868
3.54468
3.32987
3.11975
2.91729
2.72497
2.54543
2.37941
2.22768
2.08992
1.96569
1.85385
1.75382
1.66417
1.58431
1.51311
1.44999
1.39406
1.34505
1.30212
1.26532
1.23386
1.20805
1.18711
1.17107
1.15923
1.15137
1.14654
1.14363
1.14212
1.14126
1.1406
1.13936
1.13799
1.13547
1.13126
1.1272
1.12203
1.12168
1.12349
1.12874
1.14403
1.17884
1.24525
1.3946
1.70158
1.88537
1.96168
1.98948
1.99433
1.98915
1.96983
1.94519
1.91953
1.89367
1.86975
1.84605
1.8238
1.80152
1.78011
1.75905
1.73813
1.71779
1.69726
1.67745
1.65752
1.63815
1.61867
1.60018
1.58137
1.56407
1.54586
1.52942
1.512
1.49666
1.47985
1.46595
1.44951
1.43651
1.42127
1.40873
1.39503
1.38406
1.37139
1.36382
1.35415
1.35112
1.34601
1.34839
1.35192
1.35988
1.37594
1.40212
1.44022
1.48639
1.56275
1.63285
1.76732
1.83266
2.04364
3.80514
3.59674
3.39377
3.1951
3.00185
2.81733
2.6433
2.48112
2.3311
2.19347
2.06794
1.95384
1.85054
1.75714
1.67295
1.59704
1.52898
1.46782
1.41336
1.36476
1.32196
1.28436
1.25188
1.22427
1.20132
1.18295
1.16868
1.15812
1.15087
1.14628
1.1433
1.14187
1.14078
1.14001
1.13876
1.13697
1.13636
1.13601
1.13837
1.14557
1.16384
1.20361
1.27908
1.4544
1.7854
1.94613
2.01193
2.03206
2.03457
2.02517
2.00314
1.97712
1.94994
1.92338
1.89788
1.87401
1.85097
1.82897
1.80749
1.78609
1.76518
1.74402
1.72368
1.70293
1.68312
1.66276
1.64353
1.62389
1.60529
1.58636
1.56859
1.55048
1.53406
1.51659
1.50134
1.4844
1.46997
1.45358
1.44012
1.42401
1.41154
1.39601
1.3841
1.36982
1.35862
1.34556
1.33625
1.32437
1.31857
1.31043
1.30837
1.30603
1.30914
1.31481
1.32562
1.34591
1.37351
1.42176
1.46889
1.61627
3.86695
3.66073
3.46292
3.26859
3.08281
2.90422
2.73457
2.57527
2.42699
2.28974
2.16361
2.04792
1.94244
1.84622
1.75898
1.67962
1.60786
1.54279
1.48404
1.43106
1.38347
1.3409
1.30319
1.26995
1.24121
1.21665
1.19617
1.1796
1.16671
1.15703
1.15019
1.14563
1.14204
1.14157
1.14134
1.14104
1.14311
1.14766
1.15771
1.18066
1.22787
1.31506
1.52021
1.86221
2.00667
2.06058
2.07378
2.07485
2.06281
2.03742
2.00908
1.98017
1.95254
1.92633
1.90168
1.87847
1.8561
1.83435
1.81282
1.79138
1.77048
1.74923
1.72893
1.70792
1.68812
1.66759
1.64835
1.62839
1.60997
1.59085
1.57347
1.55517
1.53864
1.5211
1.50557
1.48862
1.47416
1.45768
1.44395
1.42799
1.4149
1.39935
1.38706
1.3719
1.36037
1.34592
1.33502
1.32161
1.31175
1.29935
1.29152
1.28061
1.2762
1.26956
1.26803
1.26886
1.2723
1.27981
1.29427
1.3409
3.94151
3.7217
3.52665
3.34253
3.16137
2.98797
2.82266
2.66609
2.51933
2.38253
2.25578
2.13905
2.03165
1.93337
1.84323
1.76113
1.68585
1.61757
1.55508
1.49842
1.44694
1.4003
1.35831
1.3206
1.28699
1.2575
1.23171
1.20966
1.19136
1.17616
1.16424
1.15615
1.14816
1.14746
1.14726
1.14917
1.15445
1.1671
1.19376
1.24952
1.35023
1.57775
1.91861
2.0601
2.10919
2.11601
2.11359
2.09823
2.07194
2.04082
2.01027
1.98085
1.95423
1.92916
1.90588
1.88314
1.86138
1.83952
1.81836
1.79673
1.77589
1.7544
1.73404
1.71285
1.69313
1.67244
1.65335
1.63337
1.61494
1.59571
1.57814
1.55968
1.54323
1.52549
1.51004
1.49289
1.47827
1.46155
1.44776
1.43147
1.41841
1.40265
1.39017
1.37492
1.363
1.34819
1.3369
1.32259
1.31196
1.29838
1.28855
1.27588
1.26731
1.25569
1.24904
1.23932
1.23608
1.23037
1.23275
1.23784
4.03707
3.80198
3.59669
3.41101
3.2353
3.06641
2.90553
2.75216
2.60741
2.47143
2.34489
2.2273
2.11866
2.01858
1.92628
1.84167
1.76388
1.69243
1.62703
1.56704
1.51207
1.46196
1.41615
1.37461
1.3368
1.30318
1.27282
1.24596
1.22337
1.20267
1.18627
1.17361
1.16059
1.16046
1.16171
1.1653
1.17864
1.20658
1.26572
1.3779
1.62078
1.95664
2.10018
2.149
2.15589
2.1522
2.13241
2.10085
2.06906
2.038
2.00891
1.98148
1.9566
1.93306
1.91085
1.88891
1.86743
1.84567
1.82438
1.80262
1.78159
1.76005
1.7396
1.71842
1.69853
1.6777
1.6584
1.63815
1.61968
1.60024
1.58263
1.56401
1.54722
1.52929
1.51339
1.49604
1.48111
1.46431
1.45028
1.43399
1.42072
1.40485
1.39226
1.37683
1.36484
1.34987
1.33841
1.32391
1.31298
1.29897
1.28865
1.27519
1.26557
1.25275
1.24406
1.23203
1.22452
1.21393
1.2078
1.20206
4.13154
3.89164
3.67712
3.48876
3.31398
3.1487
2.98849
2.83695
2.69345
2.55846
2.43146
2.31354
2.20356
2.10182
2.00791
1.92072
1.8407
1.76683
1.69844
1.63597
1.57809
1.52488
1.47605
1.43155
1.39011
1.35302
1.3196
1.28787
1.26194
1.23701
1.21566
1.19914
1.18411
1.18449
1.18826
1.2001
1.22755
1.28714
1.40081
1.66482
1.99167
2.1336
2.18546
2.1896
2.18665
2.16429
2.12716
2.09204
2.06155
2.03395
2.00836
1.98373
1.96058
1.93803
1.91634
1.89461
1.87324
1.85137
1.83003
1.80803
1.78704
1.76519
1.74464
1.72304
1.70305
1.68199
1.66265
1.64225
1.62352
1.60378
1.58582
1.56681
1.54977
1.53152
1.51543
1.4979
1.48276
1.46577
1.45149
1.43501
1.42154
1.40561
1.39288
1.37743
1.36533
1.35028
1.33872
1.32408
1.31305
1.29886
1.28841
1.27468
1.26484
1.25153
1.24245
1.22948
1.22141
1.20873
1.20213
1.19039
4.16594
4.00373
3.77181
3.56788
3.38803
3.22301
3.06722
2.91807
2.77689
2.64309
2.51736
2.39865
2.28816
2.18473
2.0889
2.00005
1.91748
1.84129
1.77077
1.70536
1.64503
1.58949
1.53759
1.4901
1.44687
1.40532
1.3695
1.33533
1.30369
1.27747
1.25208
1.22964
1.22418
1.22618
1.23505
1.2626
1.31831
1.44066
1.72029
2.04003
2.17371
2.22565
2.22974
2.22004
2.19056
2.15175
2.11556
2.08338
2.05586
2.03109
2.00821
1.98563
1.96357
1.94132
1.91971
1.8979
1.87656
1.85472
1.83345
1.81139
1.79027
1.76834
1.74773
1.72621
1.70613
1.68492
1.66534
1.64462
1.62576
1.60576
1.58771
1.56848
1.5513
1.53284
1.51656
1.49877
1.48339
1.4662
1.45176
1.43518
1.42162
1.40558
1.39272
1.37713
1.36489
1.34974
1.33808
1.32336
1.31225
1.29795
1.28738
1.27345
1.26347
1.24986
1.24062
1.2272
1.219
1.20552
1.19899
1.18537
4.17916
4.0872
3.87809
3.66311
3.47517
3.30495
3.1481
2.99975
2.85913
2.72631
2.60094
2.48277
2.37179
2.26749
2.17021
2.07959
1.99502
1.91677
1.84379
1.77581
1.71346
1.65432
1.60079
1.55056
1.50321
1.46172
1.42024
1.38461
1.35098
1.31975
1.29362
1.27669
1.27822
1.28751
1.31476
1.37296
1.49689
1.79262
2.10925
2.232
2.27435
2.28244
2.26344
2.21633
2.1753
2.13974
2.10802
2.07852
2.05286
2.02862
2.0064
1.98415
1.96258
1.9405
1.91924
1.8975
1.87666
1.85491
1.83411
1.8121
1.79157
1.76961
1.74938
1.7276
1.70772
1.68639
1.66702
1.64623
1.62738
1.60717
1.58906
1.56956
1.55232
1.53357
1.5172
1.49917
1.48372
1.46633
1.45178
1.43496
1.42123
1.40495
1.39198
1.37623
1.36395
1.34867
1.33697
1.32211
1.31094
1.29648
1.28583
1.27176
1.2617
1.24794
1.23864
1.22505
1.21684
1.20307
1.1966
1.1824
4.14824
4.10203
3.98149
3.75971
3.56097
3.38742
3.22986
3.08265
2.94295
2.81079
2.68467
2.56616
2.45416
2.34927
2.25046
2.15816
2.07182
1.99131
1.91594
1.84676
1.78053
1.72098
1.66398
1.61096
1.56377
1.51608
1.476
1.43587
1.40004
1.36926
1.34385
1.34502
1.35378
1.38107
1.44316
1.57027
1.88906
2.20145
2.32549
2.33872
2.34403
2.32091
2.26551
2.21815
2.17969
2.14525
2.11361
2.08273
2.05433
2.02749
2.00436
1.98143
1.96004
1.93814
1.91728
1.89565
1.87503
1.85338
1.833
1.81124
1.79107
1.76922
1.74938
1.72775
1.70827
1.68689
1.66767
1.6467
1.62798
1.60766
1.58963
1.56996
1.5527
1.5337
1.51724
1.49892
1.4833
1.46563
1.45088
1.43383
1.41996
1.40351
1.39041
1.37449
1.36204
1.34658
1.33472
1.31969
1.3084
1.29379
1.28306
1.26884
1.25871
1.24483
1.2355
1.22179
1.21358
1.19967
1.19325
1.17881
4.12765
4.10467
4.03628
3.87442
3.66199
3.47356
3.30928
3.16068
3.02193
2.89067
2.76639
2.64768
2.53556
2.42976
2.32993
2.23599
2.14849
2.06526
1.98946
1.916
1.85001
1.78696
1.72776
1.67508
1.62173
1.57657
1.53102
1.49051
1.45537
1.42335
1.42413
1.43298
1.46304
1.53018
1.67235
2.01286
2.31406
2.44231
2.44663
2.42592
2.38484
2.33592
2.28301
2.2351
2.19488
2.15958
2.12803
2.0971
2.06715
2.03734
2.01007
1.9842
1.96124
1.93814
1.91657
1.89415
1.87304
1.85081
1.83023
1.80817
1.78825
1.7664
1.74693
1.7252
1.70601
1.68463
1.66582
1.64497
1.62653
1.60617
1.58821
1.56844
1.55117
1.53206
1.51556
1.49711
1.4814
1.46359
1.44871
1.4315
1.41742
1.40076
1.38744
1.37131
1.35868
1.34306
1.33106
1.31592
1.3045
1.28979
1.27895
1.26466
1.25449
1.24058
1.23124
1.21752
1.20935
1.19542
1.18908
1.17457
3.94833
4.07494
4.04788
3.96378
3.77249
3.57828
3.40576
3.25024
3.10743
2.97319
2.84738
2.72887
2.61661
2.51037
2.40962
2.31558
2.22478
2.1422
2.06207
1.98905
1.92024
1.85418
1.79604
1.73675
1.68611
1.63534
1.58966
1.55024
1.51293
1.51341
1.52273
1.55557
1.62734
1.79204
2.16998
2.45206
2.563
2.57686
2.54309
2.47065
2.41318
2.35965
2.30769
2.25917
2.21741
2.18064
2.14828
2.11626
2.08491
2.05344
2.02357
1.99404
1.96746
1.94158
1.91776
1.89352
1.87088
1.84751
1.82597
1.80342
1.783
1.76099
1.74147
1.7199
1.70107
1.67988
1.66139
1.64059
1.62242
1.60221
1.58456
1.56495
1.54789
1.52885
1.51241
1.49394
1.47819
1.4603
1.4453
1.42797
1.41375
1.39699
1.38353
1.36729
1.35454
1.33879
1.32668
1.31138
1.29987
1.28502
1.27414
1.25975
1.24956
1.23558
1.22625
1.21245
1.20432
1.19028
1.184
1.16934
3.49085
3.99438
4.01852
3.97993
3.87861
3.68109
3.5013
3.34336
3.19915
3.06461
2.93694
2.81571
2.70078
2.59191
2.49028
2.39321
2.30363
2.21763
2.13686
2.06256
1.98964
1.92566
1.86078
1.804
1.74827
1.69712
1.65355
1.61191
1.61187
1.6219
1.65838
1.73683
1.93294
2.36161
2.61428
2.69331
2.71546
2.67627
2.58334
2.50669
2.44613
2.39208
2.34144
2.29302
2.24857
2.20818
2.17131
2.13649
2.10394
2.07167
2.04005
2.00858
1.97904
1.94969
1.92276
1.89633
1.87173
1.8468
1.82395
1.80032
1.77907
1.75651
1.73664
1.71482
1.69584
1.67454
1.6562
1.63552
1.61769
1.5976
1.58021
1.56067
1.54381
1.52482
1.50857
1.4901
1.47448
1.45653
1.44159
1.42417
1.40995
1.39306
1.37957
1.36318
1.35039
1.33448
1.32234
1.30689
1.29539
1.28041
1.26956
1.25504
1.2449
1.23078
1.2215
1.20756
1.19947
1.18529
1.17908
1.16425
2.43926
3.69934
3.98507
3.97282
3.923
3.80044
3.60805
3.4361
3.28515
3.14774
3.02002
2.89912
2.78428
2.67528
2.5715
2.4729
2.38107
2.29283
2.21302
2.13369
2.06276
1.99305
1.92947
1.86952
1.81257
1.76496
1.72031
1.71954
1.73036
1.77225
1.86042
2.09058
2.5721
2.79128
2.8408
2.85398
2.81681
2.71505
2.62035
2.54568
2.48711
2.43498
2.38481
2.33513
2.28762
2.24327
2.20206
2.16362
2.12732
2.09213
2.05944
2.02684
1.99537
1.96398
1.9344
1.90498
1.87781
1.85103
1.82637
1.80126
1.77863
1.75495
1.73407
1.71141
1.69187
1.67
1.6514
1.63022
1.61229
1.59187
1.57459
1.55492
1.53827
1.51922
1.50316
1.48463
1.46919
1.45117
1.43639
1.4189
1.40481
1.38784
1.37444
1.35798
1.34526
1.32928
1.31721
1.3017
1.29029
1.27523
1.26447
1.24985
1.23981
1.22556
1.21638
1.20231
1.19431
1.18001
1.17393
1.15896
1.97126
2.96348
3.80911
3.9453
3.92987
3.86968
3.72745
3.54607
3.38289
3.23748
3.10353
2.97962
2.86364
2.75496
2.65057
2.55338
2.45887
2.37101
2.28622
2.20797
2.1336
2.06287
1.9983
1.93579
1.8839
1.83814
1.83681
1.84881
1.8975
2.00037
2.27038
2.79272
2.99717
3.0114
2.99937
2.95158
2.85657
2.75442
2.66682
2.59473
2.53599
2.48289
2.43193
2.38095
2.33092
2.28281
2.23769
2.19533
2.15574
2.11765
2.08179
2.04652
2.014
1.98109
1.94976
1.91814
1.88857
1.85906
1.83215
1.80504
1.78067
1.75533
1.73294
1.70888
1.68812
1.66507
1.64566
1.62362
1.60534
1.58431
1.56695
1.54684
1.53025
1.51094
1.49506
1.47643
1.46124
1.44322
1.42868
1.41122
1.39734
1.38043
1.36721
1.35083
1.33827
1.32238
1.31046
1.29503
1.28373
1.26873
1.25806
1.24347
1.23349
1.21925
1.21012
1.19605
1.18815
1.17385
1.16788
1.1529
1.72481
2.11239
3.347
3.857
3.9128
3.88456
3.81153
3.6491
3.48036
3.3297
3.19311
3.06625
2.94618
2.83436
2.72924
2.6306
2.53598
2.44789
2.36205
2.28238
2.20525
2.13578
2.06783
2.01067
1.96509
1.96358
1.97795
2.03563
2.16857
2.48444
3.02546
3.21601
3.2225
3.1757
3.08367
2.9932
2.89916
2.8073
2.72532
2.65316
2.59157
2.53525
2.48173
2.42882
2.37646
2.32573
2.27729
2.23141
2.18841
2.14719
2.10841
2.07025
2.03434
1.99874
1.96599
1.93272
1.90153
1.87005
1.84097
1.81175
1.78559
1.75844
1.73438
1.70873
1.68661
1.6623
1.64188
1.61881
1.59982
1.57793
1.56013
1.53939
1.5226
1.50288
1.48694
1.46811
1.45292
1.43483
1.42035
1.40294
1.38917
1.37239
1.3593
1.3431
1.33066
1.31494
1.30312
1.28782
1.2766
1.26167
1.25105
1.23648
1.22654
1.21228
1.20322
1.1891
1.18128
1.16689
1.16104
1.1459
1.59296
1.77796
2.27634
3.5358
3.8647
3.87672
3.84095
3.75258
3.5839
3.42465
3.28405
3.15554
3.03653
2.92143
2.81313
2.71005
2.61411
2.5232
2.43833
2.35684
2.28106
2.20929
2.14653
2.10297
2.10119
2.11955
2.18937
2.36601
2.74282
3.26341
3.44343
3.4521
3.37993
3.24107
3.13149
3.0385
2.95359
2.8701
2.79101
2.7171
2.65103
2.5899
2.5328
2.47712
2.42277
2.36974
2.31872
2.26989
2.22391
2.1795
2.13781
2.09678
2.05835
2.02018
1.98468
1.94943
1.91737
1.88438
1.8539
1.82276
1.79442
1.76537
1.73958
1.71235
1.68865
1.66289
1.64102
1.61667
1.5965
1.57359
1.55492
1.53338
1.516
1.4957
1.47941
1.4602
1.44484
1.42658
1.41208
1.39464
1.38096
1.36423
1.3513
1.33517
1.32292
1.30727
1.29565
1.2804
1.26937
1.25448
1.24405
1.22948
1.21975
1.20545
1.1966
1.18238
1.17476
1.16021
1.15455
1.13918
1.51573
1.63891
1.89519
2.71219
3.62562
3.83835
3.83454
3.79658
3.70207
3.53557
3.38018
3.24417
3.12143
3.00769
2.89987
2.79569
2.69697
2.60213
2.51451
2.43278
2.35857
2.28938
2.25292
2.25159
2.27592
2.35422
2.59346
3.06224
3.514
3.65776
3.67033
3.59364
3.4334
3.29063
3.18147
3.09344
3.01438
2.93546
2.85782
2.78218
2.71189
2.64601
2.58442
2.52544
2.46862
2.41358
2.36061
2.30943
2.26073
2.21346
2.16892
2.12523
2.08429
2.0438
2.00604
1.96854
1.93375
1.89919
1.86765
1.83502
1.80502
1.7741
1.74643
1.71761
1.69222
1.66501
1.64164
1.61605
1.59458
1.57062
1.5509
1.52847
1.51029
1.48923
1.47239
1.45253
1.43682
1.41803
1.40335
1.38552
1.37178
1.3548
1.34193
1.32564
1.31356
1.29786
1.2865
1.27127
1.26056
1.24574
1.23566
1.22121
1.2118
1.19762
1.18905
1.17493
1.16755
1.15304
1.14758
1.1322
1.46076
1.5395
1.67589
2.00039
3.02245
3.67888
3.80274
3.79541
3.75375
3.65073
3.49169
3.34361
3.21013
3.09082
2.98017
2.87669
2.77887
2.68537
2.5956
2.51684
2.43915
2.41418
2.41348
2.44398
2.53672
2.83372
3.42962
3.80652
3.88815
3.87595
3.79489
3.63721
3.48034
3.34798
3.24365
3.15595
3.07713
2.99899
2.92209
2.84565
2.77268
2.70275
2.63681
2.57398
2.51415
2.45685
2.40189
2.34875
2.29784
2.24815
2.20103
2.1548
2.11146
2.06871
2.02885
1.98927
1.95251
1.91585
1.88188
1.84811
1.81686
1.78471
1.75537
1.72502
1.6981
1.66962
1.64485
1.61807
1.59533
1.57023
1.54936
1.52587
1.50672
1.48466
1.46704
1.44627
1.43001
1.41045
1.39541
1.377
1.36304
1.34567
1.3327
1.31622
1.30411
1.28836
1.27703
1.26183
1.2512
1.23645
1.22648
1.21211
1.2028
1.18871
1.18024
1.16621
1.15895
1.14455
1.13923
1.12398
1.43045
1.47541
1.55968
1.71558
2.1015
3.24473
3.7045
3.77238
3.75657
3.70786
3.59644
3.44543
3.30648
3.1802
3.06502
2.95697
2.85828
2.76409
2.68384
2.60139
2.5889
2.5887
2.62562
2.74848
3.07663
3.82026
4.14322
4.15826
4.10147
3.97707
3.83138
3.67903
3.54023
3.41848
3.31555
3.22462
3.14215
3.0615
2.98334
2.90582
2.83122
2.75883
2.68966
2.62342
2.56023
2.50003
2.44254
2.38723
2.33422
2.28251
2.23315
2.18474
2.13902
2.09413
2.05207
2.01056
1.97184
1.93331
1.89757
1.86175
1.82887
1.79586
1.7653
1.73366
1.70529
1.67559
1.64964
1.62173
1.59788
1.57172
1.54981
1.52532
1.50518
1.48222
1.46369
1.44213
1.42508
1.40483
1.38914
1.37015
1.35568
1.33785
1.32446
1.30766
1.29522
1.27927
1.2677
1.25243
1.24167
1.22693
1.21696
1.20265
1.19348
1.17947
1.17124
1.1573
1.15033
1.13602
1.131
1.11583
1.41665
1.43587
1.48791
1.58112
1.75881
2.2264
3.36335
3.7068
3.74682
3.7246
3.66878
3.54808
3.40521
3.27454
3.15376
3.04551
2.94271
2.85467
2.77553
2.76684
2.77608
2.83012
2.99949
3.38104
4.21841
4.47061
4.47816
4.37553
4.17618
4.01782
3.87047
3.73445
3.61016
3.4956
3.39256
3.29674
3.20791
3.12183
3.04018
2.96073
2.88509
2.81153
2.74064
2.67189
2.60567
2.54232
2.48186
2.42405
2.3689
2.31535
2.26421
2.21403
2.16641
2.1196
2.07555
2.0321
1.9915
1.95116
1.91375
1.87625
1.84187
1.80692
1.77553
1.74294
1.71359
1.68268
1.65565
1.62669
1.60177
1.57461
1.55165
1.52621
1.50503
1.4812
1.46166
1.43931
1.42132
1.40037
1.38386
1.36423
1.3491
1.33068
1.31682
1.29951
1.28676
1.27044
1.25866
1.24319
1.23229
1.21751
1.20746
1.19323
1.18408
1.17021
1.16207
1.14828
1.14148
1.12727
1.12249
1.10736
1.40782
1.41928
1.44412
1.50272
1.61521
1.8411
2.5134
3.42451
3.69027
3.71718
3.69358
3.63416
3.50515
3.37138
3.24803
3.13851
3.03867
2.96393
2.95284
2.96912
3.05112
3.29473
3.81867
4.60911
4.80172
4.78096
4.65985
4.42961
4.22861
4.06349
3.92432
3.79853
3.68228
3.57188
3.46845
3.36886
3.27429
3.18218
3.09515
3.01164
2.9333
2.8581
2.78607
2.71605
2.64814
2.58246
2.51941
2.45897
2.40155
2.34604
2.29335
2.24163
2.19258
2.1441
2.0984
2.05315
2.01087
1.96884
1.92996
1.89099
1.85527
1.81906
1.78622
1.7525
1.72233
1.69047
1.66233
1.63239
1.60655
1.57847
1.55465
1.52831
1.5063
1.48158
1.46124
1.43806
1.41931
1.3976
1.38035
1.36008
1.34425
1.3253
1.31078
1.29303
1.2797
1.26299
1.25075
1.23493
1.22371
1.20866
1.19843
1.18402
1.17476
1.16082
1.15266
1.13889
1.13214
1.11801
1.11337
1.09841
1.40408
1.40923
1.42275
1.45177
1.51965
1.64091
1.91476
2.73056
3.46289
3.67224
3.68832
3.66662
3.60862
3.47693
3.35212
3.2369
3.17308
3.16123
3.18443
3.29585
3.61378
4.33444
5.03533
5.11201
5.07195
4.92364
4.68405
4.471
4.28406
4.12657
3.99085
3.8666
3.75108
3.64063
3.5363
3.43475
3.33738
3.24163
3.15025
3.06209
2.97937
2.90075
2.82642
2.75499
2.68597
2.61894
2.55418
2.49152
2.4319
2.37417
2.31972
2.26641
2.21611
2.16635
2.11946
2.07288
2.02931
1.98597
1.94582
1.90566
1.86877
1.83146
1.79743
1.76255
1.73117
1.69854
1.66948
1.63864
1.61191
1.58296
1.5583
1.53116
1.50838
1.48292
1.46184
1.43796
1.4185
1.3961
1.37819
1.35722
1.34077
1.32115
1.30605
1.28769
1.27383
1.25662
1.24392
1.22773
1.21612
1.2008
1.19027
1.17568
1.16624
1.15219
1.14397
1.13014
1.12346
1.1093
1.10486
1.08988
1.40183
1.40481
1.41051
1.42666
1.45866
1.53565
1.66257
1.97304
2.89294
3.49131
3.65566
3.6631
3.64589
3.59406
3.4656
3.40256
3.39103
3.42657
3.58623
3.97437
4.9219
5.46979
5.47995
5.38083
5.15984
4.92202
4.7121
4.52043
4.35219
4.20106
4.06355
3.93476
3.8148
3.70083
3.59368
3.48996
3.39091
3.29379
3.20082
3.11038
3.02451
2.94221
2.86426
2.78994
2.71893
2.65068
2.58489
2.52104
2.45985
2.40026
2.34393
2.28887
2.23712
2.18612
2.1382
2.09064
2.04617
2.00187
1.96085
1.91974
1.88198
1.8437
1.80881
1.77291
1.74056
1.70684
1.67705
1.64532
1.61773
1.58799
1.5626
1.53474
1.51133
1.48519
1.46352
1.43897
1.41889
1.39586
1.37728
1.35571
1.33859
1.31839
1.30268
1.28377
1.26936
1.25164
1.23847
1.22182
1.20982
1.19411
1.18326
1.16834
1.15866
1.14436
1.13599
1.12199
1.11527
1.101
1.09664
1.08162
1.40098
1.40208
1.40554
1.41175
1.43045
1.4652
1.54993
1.68413
2.02952
3.02455
3.5113
3.63722
3.6568
3.64406
3.63304
3.63406
3.69753
3.92465
4.45142
5.55885
5.8809
5.87196
5.73492
5.42444
5.15909
4.94429
4.7578
4.58809
4.43047
4.28067
4.13942
4.00466
3.87837
3.75815
3.64554
3.53722
3.4349
3.33575
3.24183
3.15082
3.06411
2.98019
2.89992
2.8229
2.74939
2.67918
2.61205
2.54729
2.48524
2.42462
2.36701
2.31039
2.25713
2.20458
2.15542
2.10668
2.06133
2.01613
1.97441
1.9325
1.89409
1.85501
1.81946
1.7827
1.74967
1.71501
1.68442
1.65189
1.6236
1.59314
1.56707
1.53865
1.51463
1.48799
1.46573
1.44069
1.42006
1.39651
1.37741
1.3553
1.33769
1.31696
1.30077
1.28136
1.2665
1.24832
1.23471
1.21764
1.20524
1.18914
1.17795
1.1627
1.15276
1.13818
1.12965
1.11543
1.10867
1.09423
1.08994
1.07477
1.40044
1.40106
1.40241
1.40604
1.41334
1.4333
1.47233
1.56069
1.704
2.07544
3.10467
3.5207
3.65067
3.6985
3.79385
3.96194
4.35154
5.1567
6.13212
6.26676
6.21713
6.03783
5.70849
5.42103
5.18574
4.98705
4.81055
4.646
4.48903
4.33757
4.19416
4.05756
3.92896
3.80566
3.68897
3.57636
3.47027
3.36844
3.27289
3.18097
3.09373
3.00924
2.92825
2.85001
2.77503
2.70294
2.63408
2.56776
2.50467
2.44329
2.38509
2.32779
2.27368
2.22001
2.16975
2.11976
2.07348
2.02726
1.98488
1.94218
1.90325
1.86349
1.82745
1.79009
1.7566
1.72141
1.69039
1.65745
1.62887
1.59807
1.57163
1.54272
1.51814
1.49098
1.46811
1.4426
1.42136
1.39742
1.37779
1.35535
1.33727
1.31621
1.29962
1.27984
1.26464
1.24607
1.23215
1.21472
1.20203
1.18562
1.17415
1.15863
1.14846
1.13365
1.12494
1.1105
1.10365
1.08899
1.08473
1.06934
1.4002
1.40052
1.40111
1.40285
1.40624
1.41566
1.43452
1.48193
1.56839
1.73305
2.14732
3.16626
3.60115
3.79973
4.11086
4.68823
5.94547
6.79537
6.79276
6.65703
6.33917
6.00956
5.71314
5.46329
5.24775
5.05458
4.87568
4.70608
4.54566
4.39264
4.24804
4.10957
3.97834
3.8516
3.73144
3.61603
3.50787
3.40428
3.30687
3.21285
3.12345
3.03695
2.95421
2.87453
2.79814
2.72478
2.6545
2.58683
2.5224
2.45997
2.40102
2.34327
2.28892
2.23501
2.1845
2.13408
2.08733
2.04044
1.99749
1.95405
1.91461
1.87414
1.83768
1.7997
1.7659
1.73024
1.699
1.66564
1.63686
1.60564
1.57897
1.54957
1.52466
1.49692
1.47362
1.44749
1.42581
1.40128
1.3812
1.35823
1.3397
1.31819
1.30116
1.28098
1.26539
1.24644
1.2322
1.21441
1.20145
1.18472
1.173
1.15719
1.1468
1.13171
1.12282
1.10813
1.10115
1.08627
1.08199
1.06637
1.40011
1.40025
1.40056
1.40139
1.40301
1.40783
1.41653
1.44211
1.48868
1.59566
1.77519
2.25773
3.38226
3.95262
4.94247
6.52425
7.14305
7.12769
6.9755
6.62056
6.26615
5.96731
5.7077
5.47469
5.26266
5.06745
4.88614
4.71514
4.5537
4.39954
4.25375
4.11413
3.98202
3.85508
3.73528
3.62031
3.5123
3.40847
3.31052
3.21586
3.12601
3.03943
2.95704
2.87779
2.8019
2.72862
2.65826
2.59016
2.52538
2.46263
2.40363
2.34603
2.29208
2.23867
2.18866
2.13857
2.09204
2.04521
2.00225
1.95869
1.91915
1.87853
1.84201
1.80391
1.77013
1.73437
1.70314
1.66962
1.64076
1.60933
1.58255
1.55295
1.52797
1.5
1.47668
1.45028
1.42856
1.40372
1.38357
1.36026
1.34161
1.31975
1.30255
1.28206
1.26625
1.24704
1.23257
1.21454
1.20136
1.1844
1.17251
1.15649
1.14595
1.13068
1.1217
1.10688
1.09986
1.08488
1.08062
1.06491
1.40007
1.40015
1.40034
1.40082
1.40187
1.40464
1.41023
1.42565
1.45643
1.53256
1.67949
2.01548
2.76862
4.32355
7.24764
7.61581
7.52766
7.25098
6.82968
6.48592
6.20236
5.95161
5.71387
5.48496
5.26917
5.07015
4.88808
4.71892
4.56012
4.40785
4.26256
4.12236
3.98929
3.86164
3.74166
3.62697
3.51945
3.4161
3.31849
3.22406
3.13435
3.04777
2.96529
2.88583
2.80964
2.73595
2.66515
2.59652
2.53129
2.46806
2.40873
2.35079
2.29662
2.24295
2.19277
2.14252
2.09586
2.04888
2.00576
1.96203
1.9223
1.88149
1.84479
1.80652
1.77255
1.73663
1.70526
1.6716
1.6426
1.61103
1.58411
1.55439
1.52929
1.50122
1.47781
1.45131
1.42953
1.40459
1.38438
1.36097
1.34227
1.32032
1.30309
1.28251
1.26669
1.24742
1.23293
1.21488
1.20169
1.18472
1.17283
1.15679
1.14627
1.13099
1.12202
1.10717
1.10017
1.08514
1.0809
1.06514
)
;

boundaryField
{
    inlet
    {
        type            calculated;
        value           uniform 1.40001;
    }
    outlet
    {
        type            calculated;
        value           nonuniform List<scalar> 
40
(
1.18235
1.37261
1.52787
1.64407
1.71782
1.76954
1.80515
1.8196
1.82762
1.8634
1.95786
2.05722
1.99552
1.5694
1.32168
1.23124
1.19946
1.18941
1.18481
1.18196
1.17841
1.17419
1.16899
1.16393
1.15868
1.15267
1.1457
1.13904
1.13211
1.12395
1.11586
1.10747
1.09858
1.09013
1.08194
1.07517
1.06979
1.06687
1.06544
1.06569
)
;
    }
    top
    {
        type            symmetryPlane;
    }
    bottom
    {
        type            symmetryPlane;
    }
    obstacle
    {
        type            calculated;
        value           nonuniform List<scalar> 
110
(
5.82373
5.82286
5.8082
5.78006
5.7484
5.69818
5.63826
5.52972
5.38663
5.09018
1.85182
1.01698
0.708575
0.628557
0.626225
0.656929
0.731865
0.800087
0.818941
0.817657
0.812643
0.803557
0.799523
0.797713
0.796616
0.796224
0.794797
0.792902
0.790636
0.787428
0.7836
0.780227
0.777364
0.774795
0.772298
0.76975
0.767121
0.764446
0.761781
0.759152
0.756533
0.753869
0.751095
0.748153
0.744997
0.7416
0.737955
0.734083
0.730004
0.725722
0.721256
0.716681
0.711994
0.707135
0.70215
0.697158
0.692217
0.68737
0.68264
0.678073
0.673852
0.670628
0.67001
0.670786
0.674214
0.684577
0.706979
0.752875
0.846515
1.02616
1.27704
1.54795
1.76664
1.87234
1.87634
1.86284
1.83624
1.79353
1.76588
1.7602
1.75628
1.747
1.73569
1.71924
1.69689
1.66724
1.63382
1.60469
1.57538
1.55122
1.52723
1.5084
1.48974
1.47293
1.45541
1.43667
1.41682
1.39586
1.37497
1.35353
1.33424
1.3138
1.29626
1.27699
1.2605
1.24298
1.22751
1.21156
1.19882
1.18474
)
;
    }
    frontAndBack
    {
        type            empty;
    }
}


// ************************************************************************* //
