/*--------------------------------*- C++ -*----------------------------------*\
  =========                 |
  \\      /  F ield         | OpenFOAM: The Open Source CFD Toolbox
   \\    /   O peration     | Website:  https://openfoam.org
    \\  /    A nd           | Version:  13
     \\/     M anipulation  |
\*---------------------------------------------------------------------------*/
FoamFile
{
    format      ascii;
    class       volScalarField;
    location    "7.5";
    object      Ma;
}
// * * * * * * * * * * * * * * * * * * * * * * * * * * * * * * * * * * * * * //

dimensions      [];

internalField   nonuniform List<scalar> 
5250
(
2.99999
2.99996
2.99989
2.9997
2.99928
2.9981
2.99563
2.98839
2.97312
2.93033
2.83103
2.5765
2.01786
1.06273
0.442162
0.314091
0.335954
0.33587
0.303424
0.250705
0.201078
0.160163
0.119376
0.0744254
0.0411753
3
2.99996
2.99989
2.9997
2.99929
2.99812
2.99569
2.98852
2.97345
2.9312
2.83307
2.58152
2.02784
1.0761
0.450212
0.314783
0.337389
0.338032
0.305929
0.254067
0.205696
0.166208
0.127654
0.0879215
0.0641785
3
2.99997
2.99989
2.99972
2.99929
2.99823
2.99566
2.98909
2.97369
2.93362
2.83678
2.5925
2.04951
1.10622
0.468723
0.317596
0.342077
0.344684
0.313739
0.264148
0.218699
0.182665
0.149069
0.117732
0.102089
3
2.99997
2.99989
2.99974
2.9993
2.99835
2.99575
2.98973
2.97441
2.93687
2.84283
2.60917
2.08301
1.15418
0.497259
0.321976
0.349754
0.355664
0.32662
0.280211
0.238654
0.206949
0.178944
0.154631
0.143519
3
2.99997
2.99991
2.99974
2.99939
2.99832
2.99624
2.98978
2.97676
2.93916
2.85321
2.63009
2.12897
1.22174
0.535591
0.328163
0.360554
0.370828
0.344016
0.301469
0.264089
0.236971
0.214186
0.195461
0.187384
3
2.99997
2.99992
2.99976
2.99943
2.99848
2.99641
2.99085
2.97783
2.94471
2.86311
2.65852
2.1871
1.3117
0.584552
0.337973
0.375595
0.390748
0.366274
0.327741
0.294715
0.272224
0.254671
0.241166
0.236356
3
2.99997
2.99992
2.99978
2.99949
2.99859
2.99687
2.99138
2.9806
2.94887
2.87747
2.68991
2.25876
1.42713
0.644938
0.355329
0.397116
0.416639
0.394156
0.359766
0.330839
0.313061
0.301032
0.293588
0.293814
3
2.99998
2.99993
2.99981
2.99952
2.9988
2.99709
2.99259
2.98244
2.95505
2.89136
2.72614
2.34011
1.56855
0.71842
0.386307
0.428608
0.449914
0.428932
0.398428
0.373277
0.3602
0.354439
0.355082
0.365564
3
2.99998
2.99994
2.99984
2.99957
2.99899
2.99731
2.99391
2.98369
2.96252
2.90306
2.76448
2.42281
1.72619
0.800954
0.429149
0.469703
0.488314
0.470377
0.443586
0.42249
0.414318
0.416104
0.430077
0.462646
3
2.99999
2.99995
2.99985
2.99964
2.99905
2.9978
2.99415
2.98664
2.96491
2.91697
2.78903
2.48658
1.83953
0.88079
0.470218
0.500039
0.516948
0.509584
0.48996
0.475703
0.473737
0.488215
0.528653
0.628217
3
2.99999
2.99995
2.99988
2.99966
2.99922
2.99789
2.9953
2.98722
2.97092
2.92423
2.81655
2.54267
1.9525
1.00104
0.538416
0.521006
0.536941
0.541673
0.532798
0.527993
0.536402
0.569757
0.647582
0.805691
3
2.99999
2.99996
2.99989
2.99972
2.99928
2.99831
2.99553
2.98975
2.97302
2.93645
2.83788
2.60205
2.06831
1.1508
0.620311
0.53642
0.554209
0.56824
0.57079
0.576507
0.597355
0.646649
0.742563
0.900089
3
2.99999
2.99997
2.99991
2.99975
2.99944
2.99842
2.99655
2.99051
2.97851
2.94377
2.8647
2.65915
2.19314
1.33333
0.717579
0.555987
0.573462
0.593663
0.60599
0.621352
0.652497
0.709218
0.80221
0.932376
3
3
2.99998
2.99992
2.99982
2.99948
2.99885
2.99681
2.99287
2.98103
2.95559
2.88659
2.72178
2.32651
1.55357
0.834311
0.592762
0.604832
0.624471
0.642416
0.663231
0.698891
0.755982
0.8392
0.947594
3.00001
3
2.99998
2.99994
2.99985
2.99959
2.99906
2.99751
2.99416
2.98522
2.96428
2.9113
2.78133
2.46859
1.81914
0.969523
0.653418
0.65133
0.665413
0.684169
0.705082
0.73963
0.792922
0.866551
0.959626
3.00001
3
2.99999
2.99996
2.99987
2.99969
2.99918
2.99812
2.99499
2.98863
2.97007
2.92972
2.82133
2.56517
2.00067
1.10791
0.716931
0.689851
0.704421
0.722868
0.744292
0.776666
0.82473
0.889785
0.970916
3.00001
3
2.99999
2.99997
2.9999
2.99976
2.99934
2.99848
2.99607
2.99065
2.97656
2.94283
2.85773
2.64828
2.17179
1.32253
0.820817
0.720504
0.732813
0.751901
0.77737
0.809373
0.853137
0.910514
0.981345
3.00001
3
3
2.99997
2.99993
2.9998
2.99951
2.99878
2.99698
2.99273
2.98156
2.95601
2.88895
2.72749
2.34217
1.59004
0.951725
0.760856
0.761217
0.778862
0.806407
0.838311
0.87893
0.930028
0.991834
3.00001
3
3
2.99998
2.99995
2.99985
2.99965
2.99904
2.99787
2.9942
2.98709
2.9659
2.92021
2.79833
2.51537
1.91141
1.1147
0.82532
0.801211
0.813449
0.837807
0.867904
0.904366
0.949613
1.00355
3.00001
3.00001
3
2.99999
2.99996
2.9999
2.99971
2.99935
2.99819
2.99606
2.98932
2.97567
2.93728
2.8491
2.62518
2.13145
1.30241
0.900158
0.835189
0.845521
0.867207
0.896409
0.929502
0.969476
1.01679
3.00001
3.00001
3
2.99999
2.99997
2.99992
2.99981
2.99946
2.99881
2.99673
2.9927
2.9807
2.95496
2.88552
2.72069
2.32965
1.57966
1.02787
0.877211
0.876134
0.892942
0.921238
0.953474
0.989495
1.03118
3.00001
3.00001
3
3
2.99998
2.99995
2.99985
2.99965
2.99906
2.99785
2.99447
2.98689
2.96742
2.92085
2.80494
2.52928
1.94372
1.20062
0.94211
0.914322
0.924493
0.948179
0.978567
1.01064
1.04699
3.00001
3.00001
3.00001
3
2.99999
2.99996
2.9999
2.99974
2.99935
2.99841
2.99604
2.99058
2.9761
2.94338
2.85776
2.65471
2.19244
1.40933
1.02057
0.948776
0.955208
0.975006
1.00273
1.03208
1.06408
3.00001
3.00001
3.00001
3
3
2.99998
2.99993
2.99981
2.99957
2.9988
2.99738
2.99285
2.98401
2.95824
2.90119
2.75216
2.40933
1.72277
1.15769
0.996911
0.987253
0.999917
1.02397
1.05239
1.08177
3.00001
3.00001
3.00001
3
3
2.99999
2.99995
2.99988
2.99969
2.99921
2.99815
2.99519
2.98907
2.97148
2.93382
2.83292
2.59996
2.08236
1.35442
1.072
1.02481
1.02993
1.04763
1.07293
1.1003
3.00001
3.00001
3.00001
3.00001
3
2.99999
2.99997
2.99992
2.99978
2.9995
2.99865
2.99692
2.99207
2.98129
2.95339
2.88687
2.72169
2.34166
1.63359
1.18639
1.06752
1.05991
1.06948
1.09137
1.11861
3.00001
3.00001
3.00001
3.00001
3
3
2.99998
2.99995
2.99986
2.99966
2.99912
2.99798
2.9947
2.98806
2.9689
2.92797
2.81913
2.5706
2.02837
1.36429
1.1299
1.0939
1.0969
1.11311
1.13644
3.00001
3.00001
3.00001
3.00001
3.00001
3
2.99999
2.99997
2.99992
2.99976
2.99946
2.99856
2.99668
2.99159
2.97994
2.95064
2.87972
2.7064
2.3097
1.60786
1.22072
1.13003
1.12404
1.13299
1.15261
3.00001
3.00001
3.00001
3.00001
3.00001
3
3
2.99998
2.99994
2.99985
2.99964
2.99908
2.99787
2.99446
2.98746
2.96738
2.92454
2.8104
2.55083
1.99286
1.38676
1.18424
1.15437
1.15673
1.17178
3.00001
3.00001
3.00001
3.00001
3.00001
3.00001
3
2.99999
2.99997
2.9999
2.99977
2.99939
2.99865
2.99634
2.99196
2.97876
2.95122
2.8768
2.7052
2.30558
1.62777
1.27352
1.19033
1.18238
1.18984
3.00001
3.00001
3.00001
3.00001
3.00001
3.00001
3
3
2.99998
2.99995
2.99985
2.99965
2.99906
2.99789
2.99456
2.98736
2.96843
2.92454
2.81489
2.55859
2.01427
1.43853
1.2434
1.21125
1.21104
3.00001
3.00001
3.00001
3.00001
3.00001
3.00001
3.00001
3
2.99999
2.99997
2.99991
2.99978
2.99942
2.99864
2.99664
2.99184
2.98043
2.95178
2.88407
2.7169
2.33765
1.68656
1.33671
1.24688
1.23375
3.00001
3.00001
3.00001
3.00001
3.00001
3.00001
3.00001
3
3
2.99998
2.99995
2.99987
2.99964
2.9992
2.99785
2.99533
2.98748
2.97215
2.9286
2.83231
2.5947
2.09229
1.51049
1.30068
1.2603
3.00001
3.00001
3.00001
3.00001
3.00001
3.00001
3.00001
3.00001
3
2.99999
2.99997
2.99991
2.9998
2.99947
2.99874
2.99694
2.99249
2.98223
2.95574
2.89504
2.74233
2.39681
1.77218
1.39261
1.28718
3.00001
3.00001
3.00001
3.00001
3.00001
3.00001
3.00001
3.00001
3
3
2.99998
2.99996
2.99987
2.99969
2.99923
2.99815
2.99553
2.98908
2.9741
2.93628
2.84788
2.63437
2.17026
1.57727
1.33849
3.00001
3.00001
3.00001
3.00001
3.00001
3.00001
3.00001
3.00001
3.00001
3
2.99999
2.99998
2.99992
2.99982
2.99951
2.99892
2.99708
2.99364
2.98316
2.96187
2.90371
2.77191
2.4576
1.8687
1.4238
3.00001
3.00001
3.00001
3.00001
3.00001
3.00001
3.00001
3.00001
3.00001
3
3
2.99999
2.99996
2.99988
2.99972
2.99925
2.99833
2.99564
2.99005
2.97488
2.94078
2.85445
2.65312
2.20772
1.57324
3.00001
3.00001
3.00001
3.00001
3.00001
3.00001
3.00001
3.00001
3.00001
3.00001
3
2.99999
2.99997
2.99992
2.9998
2.99952
2.99876
2.9972
2.99263
2.98337
2.95708
2.89954
2.75074
2.41701
1.77999
3.00001
3.00001
3.00001
3.00001
3.00001
3.00001
3.00001
3.00001
3.00001
3.00001
3
3
2.99998
2.99994
2.99986
2.99959
2.99908
2.99756
2.9943
2.98548
2.96501
2.91275
2.78493
2.47722
1.83532
3.00001
3.00001
3.00001
3.00001
3.00001
3.00001
3.00001
3.00001
3.00001
3.00001
3
3
2.99999
2.99995
2.99987
2.99964
2.99919
2.99772
2.99501
2.98622
2.96847
2.9174
2.79839
2.49883
1.84726
3.00001
3.00001
3.00001
3.00001
3.00001
3.00001
3.00001
3.00001
3.00001
3.00001
3
3
2.99999
2.99995
2.99988
2.99967
2.99921
2.99794
2.99496
2.98739
2.96861
2.92169
2.80286
2.51103
1.85961
3.00001
3.00001
3.00001
3.00001
3.00001
3.00001
3.00001
3.00001
3.00001
3.00001
3
3
2.99999
2.99995
2.99989
2.99967
2.99926
2.99791
2.99536
2.98712
2.97039
2.92189
2.80793
2.51718
1.87201
3.00001
3.00001
3.00001
3.00001
3.00001
3.00001
3.00001
3.00001
3.00001
3.00001
3
3
2.99999
2.99996
2.99988
2.99971
2.9992
2.99815
2.99494
2.98844
2.96888
2.92586
2.80791
2.52432
1.88347
3.00001
3.00001
3.00001
3.00001
3.00001
3.00001
3.00001
3.00001
3.00001
3.00001
3
3
2.99999
2.99996
2.99988
2.99972
2.9992
2.99818
2.99507
2.9884
2.96973
2.9261
2.81071
2.52836
1.89225
3.00001
3.00001
3.00001
3.00001
3.00001
3.00001
3.00001
3.00001
3.00001
3.00001
3.00001
3
2.99999
2.99996
2.99989
2.9997
2.99926
2.99812
2.99528
2.98833
2.9703
2.92645
2.8126
2.53147
1.89693
3.00001
3.00001
3.00001
3.00001
3.00001
3.00001
3.00001
3.00001
3.00001
3.00001
3.00001
3
2.99999
2.99996
2.9999
2.99969
2.99931
2.99804
2.99558
2.98792
2.97147
2.92558
2.81482
2.53236
1.89675
3.00001
3.00001
3.00001
3.00001
3.00001
3.00001
3.00001
3.00001
3.00001
3.00001
3.00001
3
2.99999
2.99996
2.99989
2.99971
2.9993
2.99809
2.99557
2.98797
2.97176
2.92558
2.81555
2.53277
1.89472
3.00001
3.00001
3.00001
3.00001
3.00001
3.00001
3.00001
3.00001
3.00001
3.00001
3.00001
3
2.99999
2.99996
2.99989
2.99972
2.99928
2.99815
2.99551
2.98819
2.97155
2.92609
2.81524
2.53289
1.89148
3.00001
3.00001
3.00001
3.00001
3.00001
3.00001
3.00001
3.00001
3.00001
3.00001
3.00001
3
2.99999
2.99996
2.9999
2.9997
2.99932
2.99808
2.99567
2.98796
2.97191
2.92574
2.81539
2.53243
1.88821
3.00001
3.00001
3.00001
3.00001
3.00001
3.00001
3.00001
3.00001
3.00001
3.00001
3.00001
3
2.99999
2.99997
2.99989
2.99973
2.99926
2.99823
2.99536
2.98858
2.97092
2.92707
2.81394
2.53278
1.88631
0.995381
0.824743
0.326338
0.253679
0.287911
0.393174
0.429402
0.454918
0.490288
0.531061
0.567922
0.600227
0.632106
0.664139
0.694506
0.722927
0.749859
0.769237
0.777734
0.780021
0.77601
0.760296
0.731073
0.690994
0.644444
0.595504
0.546456
0.498878
0.452534
0.40871
0.367021
0.327839
0.290417
0.254647
0.22026
0.186085
0.153196
0.121414
0.0909951
0.0617537
0.03437
0.0163879
0.0323851
0.0567513
0.0821147
0.106611
0.130298
0.152401
0.173943
0.196092
0.218244
0.239584
0.260197
0.280259
0.299845
0.319018
0.337805
0.356229
0.37431
0.392058
0.409517
0.426663
0.443593
0.460215
0.476684
0.492855
0.508896
0.524689
0.54032
0.555784
0.571074
0.58621
0.601244
0.616053
0.630852
0.645381
0.659924
0.674209
0.688495
0.702526
0.716571
0.73033
0.744117
0.757613
0.771088
0.784354
0.797471
0.810503
0.823257
0.835979
0.848369
0.860636
0.872572
0.884169
0.895334
0.90581
0.915461
0.923777
0.930133
0.934655
0.980704
0.872934
0.62589
0.437481
0.323648
0.183079
0.0558364
0.125296
0.210056
0.27804
0.324088
0.358401
0.393622
0.431493
0.46743
0.499873
0.529724
0.552941
0.56397
0.565482
0.55906
0.540221
0.507309
0.463362
0.414431
0.364681
0.316076
0.270222
0.226002
0.184886
0.147089
0.112183
0.0807687
0.0547902
0.0419015
0.0508537
0.0718169
0.0963523
0.121793
0.146866
0.171414
0.19505
0.21743
0.239346
0.261157
0.282644
0.303557
0.323368
0.342577
0.36214
0.381973
0.400993
0.419453
0.437308
0.454913
0.472022
0.488982
0.505429
0.52181
0.537661
0.553523
0.568862
0.584245
0.599171
0.614116
0.628697
0.643272
0.657522
0.67181
0.685739
0.699782
0.713438
0.727233
0.740669
0.754213
0.767455
0.780763
0.793808
0.806899
0.819739
0.832599
0.845247
0.857825
0.870307
0.882557
0.894877
0.906788
0.918905
0.930498
0.942327
0.953606
0.965019
0.97589
0.986722
0.996933
1.00686
1.01578
1.02377
1.0296
1.03387
0.993564
0.96838
0.86897
0.772027
0.671122
0.556542
0.441957
0.336057
0.244484
0.161452
0.0921684
0.0661494
0.113747
0.165498
0.210955
0.250141
0.283164
0.308319
0.319706
0.317521
0.304812
0.286032
0.251206
0.208692
0.166662
0.12743
0.0966085
0.080249
0.0807689
0.0967152
0.118652
0.143927
0.170115
0.196019
0.221187
0.245021
0.268325
0.29122
0.313812
0.335659
0.357059
0.377498
0.397359
0.416483
0.435571
0.454126
0.47251
0.489738
0.506554
0.523252
0.540667
0.557393
0.573767
0.589368
0.604919
0.619926
0.634892
0.649407
0.663821
0.677919
0.691826
0.705579
0.719044
0.732493
0.74561
0.75877
0.771608
0.784497
0.797071
0.809735
0.822058
0.834536
0.84665
0.858959
0.870906
0.883042
0.894845
0.906795
0.918451
0.930223
0.9417
0.953318
0.964575
0.976047
0.987063
0.998361
1.00915
1.02022
1.03079
1.04158
1.05194
1.06236
1.07248
1.08247
1.09211
1.10126
1.10969
1.11702
1.12261
1.12625
1.01965
1.03927
1.01129
0.959532
0.895993
0.816529
0.733343
0.647425
0.567993
0.488974
0.412953
0.339361
0.275061
0.216907
0.162784
0.112291
0.0660104
0.0269454
0.0317885
0.0497421
0.0337177
0.0454964
0.0882871
0.133759
0.169015
0.20282
0.233787
0.261888
0.286989
0.311242
0.334596
0.357282
0.379326
0.400571
0.421012
0.440581
0.459585
0.478156
0.496359
0.514107
0.531387
0.548145
0.564365
0.580252
0.595835
0.611305
0.626454
0.641063
0.654863
0.668783
0.683136
0.69773
0.711602
0.72525
0.738399
0.751624
0.764395
0.777323
0.789782
0.802413
0.81464
0.82697
0.83903
0.851059
0.862981
0.874738
0.886533
0.898061
0.909726
0.921057
0.932589
0.943744
0.955155
0.966151
0.977453
0.988298
0.999479
1.01018
1.02121
1.0318
1.04263
1.05312
1.06371
1.07411
1.08444
1.09473
1.10484
1.11496
1.12494
1.13494
1.14483
1.15464
1.1643
1.17372
1.18286
1.19155
1.19962
1.20673
1.2122
1.21573
1.03647
1.08016
1.08827
1.0703
1.03721
0.989017
0.933073
0.872846
0.811746
0.750586
0.686025
0.621867
0.563549
0.508287
0.455867
0.406188
0.359182
0.318159
0.287056
0.273776
0.282028
0.307864
0.344
0.382612
0.418067
0.448525
0.473672
0.4949
0.513547
0.530826
0.547261
0.563265
0.578818
0.594063
0.608832
0.62326
0.637238
0.651035
0.664516
0.677842
0.690841
0.703625
0.716081
0.728359
0.7405
0.752547
0.764617
0.776174
0.787227
0.798007
0.809504
0.821254
0.832941
0.844099
0.855208
0.866012
0.876895
0.887544
0.898291
0.908813
0.919445
0.929871
0.940407
0.950779
0.96122
0.971571
0.981908
0.992259
1.00249
1.01284
1.023
1.03334
1.04343
1.05375
1.0638
1.0741
1.08409
1.09437
1.10426
1.1145
1.12424
1.13442
1.14398
1.15406
1.16345
1.17346
1.1828
1.19274
1.20203
1.21179
1.22095
1.23043
1.23939
1.24851
1.25705
1.26551
1.27314
1.28021
1.28555
1.28912
1.04618
1.1003
1.12961
1.13595
1.1256
1.10241
1.06808
1.02976
0.986495
0.942282
0.894679
0.846786
0.798207
0.751449
0.703495
0.655853
0.610182
0.569462
0.539148
0.525472
0.530464
0.551133
0.581851
0.617398
0.650617
0.678186
0.697175
0.710828
0.721518
0.73083
0.739831
0.748836
0.757916
0.766954
0.775957
0.78476
0.793546
0.802219
0.811026
0.819755
0.828588
0.837289
0.84604
0.854743
0.863531
0.872443
0.881457
0.890466
0.898859
0.907372
0.91597
0.925585
0.934972
0.944626
0.953627
0.963064
0.971962
0.981396
0.990338
0.999777
1.00876
1.01816
1.02717
1.03654
1.0456
1.05496
1.06409
1.07344
1.08264
1.09199
1.10127
1.11063
1.11999
1.12936
1.13878
1.14817
1.1576
1.16701
1.17639
1.18582
1.19509
1.20452
1.21366
1.22315
1.23227
1.24176
1.25078
1.26016
1.26908
1.27833
1.28713
1.29616
1.30477
1.31347
1.32172
1.32985
1.33731
1.34422
1.34965
1.35313
1.05205
1.10991
1.15047
1.17317
1.18041
1.17516
1.1597
1.13772
1.11089
1.08106
1.04859
1.01392
0.977347
0.938438
0.897766
0.854256
0.811286
0.772097
0.742049
0.722846
0.723309
0.743246
0.776523
0.813806
0.848154
0.876623
0.893926
0.901318
0.903324
0.903085
0.902778
0.903611
0.905476
0.908276
0.911525
0.915264
0.919148
0.923354
0.9278
0.932638
0.937774
0.943235
0.948921
0.95486
0.96103
0.967434
0.974178
0.980997
0.98762
0.994066
1.00079
1.00819
1.01612
1.02405
1.03199
1.03984
1.04781
1.0557
1.06382
1.07183
1.0801
1.08826
1.09666
1.10496
1.11346
1.12189
1.13047
1.13902
1.14768
1.15634
1.16506
1.17384
1.18261
1.1915
1.20029
1.20929
1.21807
1.22715
1.23587
1.24501
1.2537
1.26294
1.27162
1.28086
1.28947
1.29863
1.30718
1.31622
1.32473
1.33361
1.34206
1.35074
1.35905
1.36746
1.37549
1.38341
1.39078
1.39762
1.40318
1.40666
1.05669
1.11447
1.16042
1.19291
1.21245
1.22078
1.21957
1.21112
1.19729
1.18006
1.1592
1.13515
1.10821
1.07647
1.0411
1.00044
0.960841
0.922023
0.886001
0.862427
0.863449
0.884472
0.918568
0.957673
0.993842
1.02217
1.04103
1.04888
1.04763
1.04031
1.03168
1.02488
1.02043
1.01826
1.01741
1.01774
1.01863
1.02003
1.02203
1.02431
1.02725
1.03037
1.03405
1.03797
1.04234
1.04701
1.05209
1.05749
1.06285
1.06807
1.07336
1.07936
1.08589
1.09281
1.09964
1.10668
1.1136
1.12075
1.12783
1.13517
1.14247
1.15001
1.15752
1.16526
1.17295
1.18086
1.1887
1.19674
1.2047
1.21284
1.22095
1.22921
1.23747
1.24587
1.25425
1.26279
1.27124
1.27988
1.28838
1.29718
1.30571
1.31454
1.32302
1.33184
1.3403
1.34905
1.3575
1.36614
1.37456
1.38304
1.39141
1.39967
1.40793
1.41593
1.42395
1.43152
1.43899
1.4456
1.45142
1.45474
1.06188
1.1175
1.16521
1.20311
1.23059
1.24837
1.25762
1.25975
1.2565
1.2487
1.23777
1.2217
1.20168
1.17453
1.14115
1.1045
1.06469
1.01951
0.976208
0.956044
0.961541
0.983354
1.0179
1.06012
1.09955
1.12773
1.14762
1.16002
1.16366
1.15879
1.14756
1.13488
1.12398
1.11597
1.11039
1.10687
1.10468
1.10348
1.10294
1.10296
1.10352
1.10457
1.10605
1.1081
1.11045
1.11344
1.11664
1.12055
1.12437
1.12834
1.1321
1.13661
1.1416
1.14738
1.15313
1.1592
1.1652
1.17144
1.1777
1.18419
1.19076
1.19752
1.20437
1.21137
1.21848
1.2257
1.23307
1.24051
1.2481
1.25575
1.26355
1.27141
1.27938
1.28744
1.29555
1.30379
1.31202
1.32048
1.32875
1.33729
1.34554
1.35414
1.36239
1.37102
1.37926
1.38787
1.39611
1.40466
1.41288
1.42136
1.42955
1.43791
1.44601
1.45421
1.46211
1.47
1.4774
1.48447
1.49038
1.49425
1.06854
1.12029
1.16759
1.2078
1.24002
1.26417
1.28077
1.29086
1.29536
1.29526
1.2906
1.28088
1.26337
1.23815
1.20721
1.17097
1.1256
1.06906
1.02623
1.01555
1.02597
1.04927
1.08675
1.13197
1.1727
1.20292
1.22299
1.23635
1.24413
1.24493
1.23918
1.22704
1.212
1.1981
1.18644
1.17771
1.17142
1.16716
1.16421
1.16233
1.16116
1.16061
1.16066
1.16124
1.16232
1.16398
1.16605
1.16876
1.17179
1.175
1.17811
1.18161
1.18566
1.19052
1.19559
1.20101
1.20645
1.21219
1.21792
1.22395
1.22999
1.23634
1.24272
1.24939
1.25608
1.26303
1.26999
1.27719
1.28438
1.29182
1.29922
1.30689
1.31447
1.32237
1.33008
1.33822
1.34606
1.35433
1.36217
1.37055
1.37842
1.38688
1.39479
1.40326
1.4112
1.41964
1.4276
1.43597
1.44393
1.4522
1.46013
1.46827
1.47614
1.4841
1.49181
1.49947
1.50678
1.51368
1.51965
1.52339
1.07726
1.12445
1.1696
1.21014
1.24466
1.27261
1.29421
1.30975
1.32006
1.32504
1.32474
1.31711
1.29964
1.27504
1.24526
1.20341
1.14414
1.08382
1.05422
1.05292
1.06629
1.09439
1.13561
1.18062
1.21989
1.25149
1.27392
1.28903
1.299
1.3047
1.30517
1.3003
1.28959
1.27468
1.25886
1.24492
1.23376
1.22546
1.21956
1.21542
1.21261
1.21069
1.20953
1.20898
1.20895
1.20951
1.21056
1.21225
1.21442
1.21704
1.21956
1.22235
1.22551
1.22951
1.23398
1.23883
1.24382
1.24907
1.25444
1.26005
1.26578
1.27175
1.27785
1.28418
1.29063
1.29727
1.30402
1.31093
1.31795
1.32511
1.33236
1.33979
1.34727
1.35498
1.36269
1.3706
1.37836
1.38638
1.39422
1.40233
1.41023
1.41841
1.42637
1.43457
1.44258
1.45076
1.45879
1.46693
1.47497
1.48302
1.49104
1.49898
1.50692
1.51468
1.52247
1.52993
1.53734
1.54409
1.55021
1.55386
1.08768
1.13032
1.17244
1.21176
1.24683
1.27682
1.30122
1.32041
1.33388
1.34196
1.34269
1.33282
1.3147
1.2904
1.25452
1.19872
1.13023
1.08239
1.0687
1.07481
1.09297
1.12699
1.16999
1.21152
1.24795
1.27869
1.30333
1.32205
1.33474
1.34339
1.34896
1.3497
1.34608
1.3378
1.32415
1.30784
1.29235
1.27925
1.2689
1.26134
1.25597
1.25232
1.24991
1.24828
1.24742
1.24703
1.2473
1.2481
1.24944
1.25145
1.25351
1.25578
1.25815
1.26133
1.2651
1.26943
1.27394
1.27881
1.28381
1.28911
1.29452
1.30019
1.30598
1.31199
1.31813
1.32444
1.33088
1.3375
1.34422
1.35115
1.35816
1.36541
1.37269
1.38025
1.38767
1.39539
1.40291
1.41079
1.4184
1.4264
1.43409
1.44217
1.44991
1.45805
1.46584
1.47399
1.48182
1.48996
1.49782
1.50593
1.5138
1.52184
1.52967
1.53759
1.54528
1.55294
1.56028
1.56727
1.57337
1.57731
1.1
1.13837
1.17704
1.21408
1.24828
1.27858
1.30422
1.32496
1.33996
1.34792
1.34524
1.33251
1.31364
1.28338
1.23323
1.16299
1.10272
1.07822
1.07796
1.08794
1.11227
1.14987
1.19091
1.2285
1.26181
1.29116
1.31654
1.33794
1.35501
1.36771
1.37609
1.38166
1.38342
1.3821
1.37634
1.36501
1.34996
1.33401
1.31956
1.30762
1.29858
1.29215
1.28772
1.28481
1.28293
1.28188
1.2814
1.28159
1.28231
1.28365
1.28539
1.2874
1.28937
1.29188
1.29496
1.29885
1.303
1.30759
1.31232
1.3174
1.3226
1.32808
1.33366
1.3395
1.34542
1.3516
1.35786
1.36437
1.37094
1.37779
1.38465
1.39187
1.39898
1.40639
1.41364
1.42122
1.42858
1.43631
1.44379
1.45163
1.4592
1.46711
1.47476
1.48271
1.49041
1.49836
1.50609
1.51403
1.52178
1.52966
1.5374
1.54519
1.55289
1.56052
1.56809
1.57544
1.58268
1.58935
1.59539
1.59908
1.11366
1.14788
1.18316
1.21778
1.2502
1.27968
1.30509
1.3253
1.33928
1.34268
1.33507
1.31983
1.29455
1.25056
1.18213
1.11522
1.08066
1.07395
1.08001
1.09784
1.12898
1.16634
1.20232
1.23541
1.26576
1.29366
1.31926
1.34218
1.36235
1.37903
1.39246
1.40158
1.40755
1.41084
1.41122
1.40802
1.39978
1.3868
1.37133
1.35631
1.34321
1.33281
1.32506
1.31974
1.31622
1.31409
1.31296
1.31256
1.31278
1.31357
1.31488
1.31665
1.31836
1.32034
1.32271
1.32594
1.3297
1.33393
1.33839
1.34318
1.34815
1.35338
1.35876
1.36434
1.37008
1.376
1.38206
1.38833
1.39474
1.40139
1.40816
1.41517
1.42212
1.42936
1.43645
1.44388
1.4511
1.45866
1.46601
1.47367
1.48112
1.48885
1.4964
1.50419
1.51181
1.51964
1.52731
1.53514
1.54283
1.55064
1.55832
1.56606
1.57367
1.58125
1.58871
1.59601
1.6031
1.60971
1.6156
1.61931
1.12901
1.15913
1.1905
1.22218
1.25236
1.28002
1.30377
1.32168
1.33036
1.32676
1.31434
1.29335
1.25452
1.18966
1.12011
1.07855
1.067
1.07005
1.08226
1.10759
1.14128
1.17446
1.2058
1.23516
1.2633
1.29
1.31556
1.33941
1.36145
1.38105
1.3982
1.41211
1.42312
1.42986
1.43434
1.43627
1.43553
1.43047
1.42021
1.40647
1.39193
1.37815
1.3665
1.3575
1.3511
1.34695
1.34444
1.34321
1.34282
1.34312
1.34395
1.3454
1.34694
1.34865
1.35047
1.35305
1.35631
1.36025
1.36445
1.36904
1.37378
1.37882
1.38398
1.38938
1.39488
1.40063
1.40647
1.41261
1.41881
1.4254
1.43195
1.4388
1.44555
1.45264
1.45956
1.46683
1.4739
1.48132
1.48852
1.49604
1.50335
1.51092
1.5183
1.52591
1.53334
1.54097
1.54845
1.5561
1.56361
1.57124
1.57874
1.58631
1.59374
1.60113
1.60838
1.61543
1.62228
1.62858
1.63418
1.63766
1.14475
1.17185
1.19957
1.22798
1.25528
1.28006
1.30009
1.31246
1.31194
1.30144
1.28344
1.24903
1.18868
1.11859
1.07259
1.05772
1.05879
1.06704
1.08716
1.11689
1.14765
1.17657
1.20426
1.23095
1.2574
1.28319
1.30856
1.33285
1.35602
1.37754
1.39727
1.41474
1.42984
1.44185
1.45081
1.45598
1.45967
1.46072
1.45866
1.4518
1.44057
1.4269
1.41305
1.40055
1.39042
1.38287
1.37786
1.37477
1.37329
1.37277
1.3731
1.37407
1.37542
1.37703
1.37859
1.3806
1.38319
1.38665
1.39049
1.39477
1.39927
1.40407
1.40904
1.41425
1.41959
1.42516
1.43085
1.43681
1.44291
1.44929
1.45562
1.46229
1.46882
1.47574
1.48247
1.48957
1.49645
1.50368
1.51071
1.51803
1.52518
1.53257
1.53982
1.54725
1.55458
1.56203
1.56939
1.57685
1.5842
1.59163
1.59895
1.60628
1.61351
1.62064
1.62764
1.63438
1.64089
1.64679
1.65194
1.65512
1.16036
1.18479
1.20975
1.2346
1.25841
1.27883
1.29289
1.29424
1.28524
1.26906
1.23749
1.18074
1.11221
1.06425
1.04675
1.0463
1.05252
1.06962
1.09588
1.12369
1.15007
1.17522
1.20016
1.22509
1.25022
1.27543
1.30039
1.32499
1.34873
1.37152
1.39298
1.41289
1.43091
1.44673
1.4601
1.47042
1.4777
1.48214
1.4854
1.48597
1.48266
1.47438
1.46257
1.4492
1.43613
1.42469
1.41578
1.4095
1.40557
1.40355
1.40283
1.40316
1.40419
1.40571
1.40718
1.4089
1.41092
1.41377
1.41719
1.42111
1.42529
1.42981
1.43453
1.43952
1.44466
1.45007
1.4556
1.46147
1.46738
1.47359
1.47971
1.48619
1.49252
1.49924
1.50576
1.51266
1.51935
1.5264
1.53324
1.54037
1.54734
1.55451
1.56159
1.56879
1.57594
1.58318
1.59038
1.59761
1.60481
1.612
1.61914
1.6262
1.63319
1.63999
1.64668
1.65297
1.65902
1.66433
1.6688
1.67152
1.17682
1.19916
1.22097
1.24229
1.26084
1.27479
1.27731
1.26892
1.25319
1.22276
1.16803
1.10137
1.05358
1.03481
1.0333
1.03884
1.05474
1.07901
1.10405
1.12744
1.14986
1.17243
1.1954
1.21918
1.24339
1.26814
1.29275
1.31741
1.34136
1.36494
1.38742
1.4089
1.42893
1.4474
1.464
1.47848
1.49056
1.49939
1.50567
1.51049
1.51299
1.51287
1.50807
1.49848
1.48612
1.47291
1.46064
1.45035
1.44272
1.43767
1.43492
1.43382
1.43402
1.43513
1.43652
1.43804
1.43963
1.44185
1.4447
1.44815
1.45195
1.45612
1.46056
1.46531
1.47028
1.47553
1.48094
1.48667
1.49238
1.49839
1.5043
1.51058
1.51669
1.5232
1.5295
1.53619
1.54265
1.54947
1.5561
1.56301
1.56979
1.57674
1.58364
1.59062
1.59761
1.60459
1.61163
1.6186
1.62562
1.63251
1.63943
1.64615
1.65285
1.65921
1.66546
1.67116
1.67651
1.68098
1.68445
1.68662
1.19298
1.21357
1.2324
1.24918
1.2612
1.26306
1.25452
1.23826
1.20757
1.15322
1.08752
1.04057
1.02217
1.02042
1.02569
1.04139
1.06448
1.08763
1.1088
1.12886
1.14891
1.16983
1.19165
1.21455
1.23806
1.26223
1.28649
1.31092
1.33501
1.35888
1.38192
1.40436
1.42567
1.44598
1.46491
1.48235
1.49787
1.51123
1.52172
1.52986
1.53589
1.54037
1.54214
1.54096
1.53467
1.52403
1.51138
1.4985
1.48699
1.4779
1.47148
1.46759
1.46584
1.46564
1.46658
1.46802
1.46936
1.47108
1.4733
1.47627
1.4796
1.48337
1.48744
1.49189
1.49659
1.50162
1.50687
1.51236
1.51785
1.52363
1.52934
1.53539
1.54128
1.54758
1.55364
1.56011
1.56636
1.57294
1.57938
1.58603
1.59264
1.59932
1.60606
1.61275
1.61955
1.62626
1.63306
1.63976
1.64651
1.65311
1.65971
1.66606
1.67234
1.67819
1.68381
1.68872
1.69308
1.69641
1.69886
1.70047
1.20663
1.22709
1.24305
1.25338
1.25371
1.24375
1.22621
1.19397
1.13798
1.07225
1.02638
1.0088
1.00764
1.01334
1.02984
1.05298
1.07477
1.0943
1.11243
1.13036
1.14904
1.16879
1.1898
1.21184
1.23476
1.25827
1.28215
1.30619
1.33025
1.35404
1.37753
1.40047
1.42275
1.44421
1.4647
1.48397
1.50195
1.51828
1.53278
1.5449
1.55433
1.56224
1.56816
1.57193
1.57286
1.57021
1.5625
1.55114
1.53852
1.52601
1.51532
1.50711
1.5017
1.49887
1.49799
1.49867
1.49985
1.50121
1.50286
1.5052
1.50816
1.51155
1.51529
1.51936
1.52374
1.52853
1.53347
1.53871
1.54393
1.5495
1.55495
1.56079
1.56644
1.57248
1.57833
1.58452
1.59057
1.59688
1.60312
1.60953
1.61591
1.62238
1.62886
1.63535
1.6419
1.64835
1.65492
1.66125
1.66773
1.67389
1.68009
1.68592
1.69159
1.69672
1.70143
1.70517
1.70828
1.71041
1.71144
1.71233
1.22242
1.23854
1.25024
1.24971
1.23743
1.21758
1.18273
1.12341
1.05628
1.01137
0.995293
0.994951
1.00252
1.02041
1.04359
1.06485
1.08311
1.0996
1.11576
1.13251
1.15049
1.16963
1.19008
1.21147
1.23382
1.25672
1.28018
1.30379
1.32764
1.35126
1.3749
1.39792
1.42077
1.44276
1.46429
1.48474
1.50445
1.52282
1.53994
1.55531
1.56877
1.57984
1.58881
1.59667
1.60174
1.60444
1.60456
1.6005
1.59158
1.57951
1.56653
1.55439
1.54443
1.53724
1.53299
1.53111
1.53124
1.53228
1.53343
1.53503
1.53734
1.54034
1.54372
1.54739
1.55137
1.55574
1.56034
1.56524
1.57025
1.57555
1.58083
1.58643
1.59188
1.59773
1.60331
1.60934
1.61508
1.6212
1.62716
1.63328
1.63949
1.64553
1.65194
1.65789
1.66441
1.67029
1.67677
1.6826
1.68886
1.69448
1.70034
1.70544
1.71048
1.71455
1.71801
1.72035
1.722
1.72226
1.7212
1.72177
1.23656
1.24511
1.24804
1.23549
1.21232
1.17346
1.10921
1.03995
0.996117
0.981318
0.982219
0.992575
1.01256
1.03632
1.05727
1.07487
1.09029
1.10503
1.12026
1.13643
1.15397
1.17268
1.19265
1.21354
1.23533
1.25771
1.28062
1.30382
1.32723
1.35065
1.37405
1.39714
1.42011
1.44243
1.46454
1.48574
1.5065
1.52616
1.54503
1.56259
1.57882
1.59331
1.60571
1.61601
1.62497
1.63191
1.63642
1.63801
1.6369
1.6311
1.62088
1.6082
1.59518
1.58352
1.5743
1.56811
1.56475
1.5639
1.56447
1.56551
1.56692
1.56922
1.57225
1.57569
1.57941
1.58343
1.58763
1.59223
1.59687
1.60196
1.60689
1.61233
1.61748
1.62313
1.62846
1.63422
1.63975
1.64555
1.65128
1.65712
1.66301
1.66888
1.67487
1.68077
1.68675
1.69263
1.69849
1.70416
1.70976
1.71495
1.71999
1.72428
1.72814
1.73075
1.73272
1.73338
1.73286
1.73094
1.72797
1.72692
1.25109
1.24699
1.23552
1.20925
1.16438
1.09521
1.02361
0.980845
0.967577
0.969974
0.983895
1.007
1.03106
1.05198
1.06908
1.08365
1.09738
1.11124
1.12617
1.14216
1.15947
1.1779
1.19737
1.21778
1.23889
1.26072
1.28296
1.30575
1.32862
1.35183
1.37486
1.39799
1.42074
1.4434
1.46554
1.48735
1.50856
1.5292
1.54903
1.56815
1.586
1.60294
1.61808
1.63172
1.64299
1.65304
1.66169
1.66757
1.6708
1.67142
1.66885
1.66117
1.64972
1.63661
1.62359
1.61241
1.60402
1.59886
1.59655
1.59635
1.59713
1.59827
1.60037
1.60337
1.60685
1.61064
1.61455
1.61883
1.62314
1.6279
1.63259
1.63775
1.64276
1.64816
1.6534
1.65889
1.66429
1.66985
1.67535
1.68096
1.68649
1.69216
1.69768
1.70338
1.70884
1.71447
1.71978
1.72509
1.73
1.73461
1.73859
1.74179
1.74395
1.74514
1.74508
1.74361
1.74116
1.73624
1.72796
1.72365
1.25998
1.23909
1.20504
1.14932
1.07442
1.00576
0.967272
0.95573
0.959311
0.976812
1.00304
1.02781
1.04856
1.0652
1.07924
1.09196
1.10488
1.11856
1.13343
1.14951
1.1666
1.18487
1.2039
1.22404
1.24459
1.26615
1.28778
1.31031
1.33251
1.35552
1.37792
1.40097
1.42332
1.44602
1.46805
1.49011
1.51148
1.5326
1.55299
1.57286
1.59185
1.61013
1.62716
1.64311
1.65743
1.66984
1.68065
1.69029
1.698
1.70259
1.70426
1.70379
1.69944
1.69019
1.6774
1.66347
1.65042
1.63974
1.6323
1.62808
1.6268
1.62722
1.62806
1.62966
1.6326
1.63621
1.64015
1.64415
1.64832
1.6527
1.65724
1.66199
1.6669
1.67195
1.67715
1.68238
1.68771
1.69306
1.69842
1.70385
1.70918
1.71465
1.71989
1.72533
1.73043
1.73565
1.74044
1.74514
1.74922
1.75284
1.75538
1.75701
1.75735
1.75667
1.75472
1.75086
1.74462
1.73408
1.71856
1.70997
1.26601
1.20894
1.13389
1.04836
0.981083
0.949623
0.943666
0.950161
0.971906
1.0008
1.02647
1.04672
1.06278
1.07613
1.08838
1.10063
1.11353
1.12749
1.14249
1.15862
1.17567
1.19369
1.21247
1.23207
1.25226
1.27314
1.29443
1.31621
1.33822
1.36047
1.38285
1.40519
1.42758
1.44967
1.47175
1.49336
1.51487
1.53584
1.55655
1.57672
1.59641
1.61534
1.63363
1.65079
1.66714
1.68177
1.69519
1.70646
1.71697
1.7256
1.73179
1.73475
1.73503
1.73286
1.72625
1.7152
1.70126
1.68698
1.67413
1.66418
1.65771
1.6547
1.65419
1.65481
1.65613
1.65874
1.66237
1.66631
1.67051
1.67478
1.67933
1.68383
1.68872
1.69349
1.69869
1.70367
1.70905
1.71413
1.71957
1.72469
1.73006
1.73519
1.74037
1.74538
1.75024
1.7549
1.75914
1.76299
1.76605
1.76808
1.76901
1.76879
1.76741
1.76482
1.76013
1.75111
1.73774
1.72133
1.70131
1.69101
1.24968
1.12747
1.01617
0.947079
0.922892
0.924359
0.939777
0.967507
0.998271
1.02497
1.04572
1.06134
1.07387
1.08554
1.09715
1.10956
1.12283
1.13716
1.15248
1.16869
1.18576
1.20352
1.22204
1.24122
1.26107
1.28143
1.30233
1.32352
1.3451
1.36679
1.38866
1.4105
1.43235
1.45408
1.47573
1.49713
1.51831
1.53922
1.55975
1.57995
1.59959
1.61886
1.63743
1.65539
1.67255
1.68868
1.7038
1.71729
1.7293
1.73991
1.74939
1.75666
1.76081
1.76161
1.76066
1.75665
1.74766
1.73454
1.71966
1.70505
1.6927
1.68383
1.67865
1.67693
1.6774
1.67843
1.68053
1.68415
1.68846
1.69299
1.69771
1.70232
1.70724
1.71198
1.71714
1.72203
1.72737
1.73238
1.73778
1.74284
1.74814
1.75315
1.75818
1.76293
1.76742
1.77153
1.77499
1.77773
1.77916
1.77946
1.77876
1.77695
1.77341
1.76649
1.7557
1.74002
1.72129
1.70155
1.68097
1.67168
1.20302
0.991552
0.898077
0.880954
0.891934
0.920299
0.957896
0.991499
1.01996
1.04203
1.05788
1.07008
1.08094
1.0921
1.10416
1.11727
1.13141
1.14637
1.16218
1.17865
1.1958
1.21358
1.23189
1.25086
1.27033
1.29033
1.31071
1.33144
1.35243
1.37355
1.39485
1.41612
1.43742
1.45857
1.47958
1.50042
1.52105
1.54148
1.56154
1.58141
1.60075
1.61985
1.63835
1.65639
1.67381
1.69045
1.70634
1.7211
1.73471
1.74674
1.75755
1.7675
1.7754
1.78088
1.78254
1.78177
1.77897
1.77246
1.76133
1.74649
1.73091
1.71666
1.70542
1.69808
1.6948
1.69435
1.69534
1.69739
1.70062
1.70549
1.71011
1.7154
1.72029
1.72565
1.73074
1.73609
1.74136
1.74669
1.75204
1.75726
1.76254
1.76751
1.7724
1.77682
1.78082
1.78412
1.78639
1.78744
1.78722
1.78611
1.78367
1.77859
1.77008
1.7564
1.73945
1.71936
1.69866
1.6799
1.66323
1.65685
1.10802
0.802259
0.777207
0.814919
0.865568
0.921117
0.966018
1.0006
1.02652
1.04484
1.05818
1.06982
1.08148
1.09402
1.10756
1.12198
1.13715
1.15293
1.16934
1.18627
1.20374
1.22173
1.24011
1.25888
1.278
1.29746
1.31728
1.33734
1.35772
1.37819
1.39885
1.41944
1.44003
1.4605
1.48075
1.50096
1.52071
1.54056
1.5598
1.57912
1.59783
1.61647
1.63461
1.65236
1.66971
1.68635
1.70257
1.7178
1.73234
1.74563
1.75762
1.76819
1.77787
1.78598
1.79206
1.79472
1.79465
1.79245
1.7877
1.77922
1.76573
1.75018
1.73436
1.72117
1.71158
1.70646
1.70504
1.70614
1.70801
1.7112
1.71588
1.72145
1.72716
1.73289
1.73854
1.7442
1.74982
1.75537
1.76092
1.76627
1.77158
1.7765
1.78113
1.78513
1.78836
1.79039
1.79108
1.79072
1.78931
1.78583
1.77939
1.76814
1.75318
1.73417
1.71367
1.69318
1.67514
1.66128
1.65085
1.64792
0.979916
0.595256
0.622013
0.705259
0.796658
0.874744
0.930748
0.970477
0.998417
1.01851
1.03521
1.05088
1.06647
1.08247
1.09886
1.11557
1.13257
1.14982
1.1674
1.18527
1.20352
1.22206
1.2409
1.25984
1.27895
1.2982
1.31771
1.33729
1.35715
1.37695
1.39691
1.41676
1.43654
1.45625
1.47568
1.49512
1.51412
1.53322
1.55174
1.57038
1.58839
1.60641
1.62392
1.64112
1.65807
1.67432
1.69041
1.70563
1.72039
1.73424
1.74719
1.75891
1.76951
1.77908
1.78762
1.79409
1.79813
1.7986
1.79659
1.79334
1.78694
1.77594
1.76053
1.74447
1.72964
1.71805
1.7113
1.70854
1.70925
1.71134
1.7147
1.71966
1.72577
1.7321
1.73849
1.74466
1.7508
1.75674
1.76264
1.76828
1.77371
1.7786
1.78291
1.78626
1.78824
1.78902
1.78881
1.78696
1.7824
1.77361
1.76108
1.74355
1.72398
1.70297
1.68363
1.66721
1.65508
1.64744
1.64259
1.64233
0.913638
0.437163
0.468802
0.578527
0.693983
0.784686
0.849338
0.895627
0.929838
0.957916
0.982709
1.00574
1.02763
1.04874
1.06916
1.08914
1.10879
1.12832
1.14784
1.16724
1.18682
1.20628
1.22595
1.24557
1.26511
1.28463
1.30411
1.32368
1.3432
1.36279
1.38223
1.40172
1.42093
1.4402
1.45907
1.47804
1.49646
1.51509
1.53298
1.55123
1.56854
1.58629
1.60307
1.62016
1.6365
1.65276
1.66854
1.6839
1.6987
1.71309
1.72639
1.73942
1.75075
1.76178
1.77114
1.78043
1.78709
1.79244
1.79382
1.79308
1.79011
1.78468
1.77616
1.7625
1.74613
1.73031
1.71735
1.70901
1.70507
1.70533
1.70782
1.71143
1.71637
1.72273
1.72983
1.73686
1.74379
1.75035
1.75669
1.76259
1.76797
1.77255
1.77599
1.77814
1.77945
1.77922
1.77666
1.77084
1.76071
1.74588
1.72728
1.70707
1.68662
1.66885
1.6544
1.64464
1.63842
1.63585
1.63438
1.63559
0.906789
0.379603
0.377475
0.476468
0.589194
0.67557
0.740083
0.790501
0.832958
0.870552
0.904301
0.935267
0.963684
0.990308
1.01536
1.03924
1.06231
1.08447
1.1064
1.1276
1.14887
1.16956
1.19031
1.21088
1.23126
1.2516
1.27152
1.29159
1.31131
1.33109
1.35067
1.37015
1.3895
1.40867
1.42766
1.44646
1.46496
1.48334
1.50121
1.5192
1.53642
1.55404
1.57074
1.58791
1.60425
1.62075
1.63672
1.65231
1.66762
1.68214
1.69637
1.70966
1.72252
1.73407
1.74532
1.7549
1.76464
1.77166
1.77771
1.78015
1.78019
1.77725
1.77363
1.76638
1.75549
1.73936
1.72336
1.70906
1.6996
1.69441
1.69396
1.69631
1.70053
1.70567
1.71224
1.71986
1.72752
1.73502
1.74184
1.74815
1.753
1.75703
1.75963
1.76129
1.76064
1.75725
1.74995
1.73816
1.72154
1.70249
1.68191
1.66298
1.64671
1.63488
1.62689
1.62269
1.62091
1.62078
1.62078
1.62279
0.91259
0.370876
0.347158
0.419483
0.508355
0.578437
0.635516
0.685817
0.731882
0.774422
0.813486
0.849342
0.882517
0.913164
0.942124
0.969113
0.99509
1.01961
1.04363
1.06674
1.08955
1.11194
1.13393
1.15585
1.17727
1.19864
1.21934
1.23993
1.26036
1.28041
1.30077
1.32049
1.34067
1.3601
1.37988
1.39889
1.41818
1.43671
1.45553
1.47364
1.49207
1.50985
1.5279
1.54525
1.56285
1.5795
1.59644
1.61215
1.62818
1.64287
1.65781
1.67155
1.68521
1.69793
1.70997
1.72125
1.73148
1.74126
1.74895
1.75556
1.75902
1.76001
1.7585
1.75523
1.74908
1.73993
1.72554
1.7095
1.69434
1.68378
1.67733
1.67623
1.67791
1.68213
1.68787
1.69409
1.70193
1.70928
1.71688
1.72231
1.72779
1.7309
1.73323
1.73221
1.72809
1.71986
1.70594
1.68897
1.66898
1.64973
1.63186
1.61822
1.6082
1.60231
1.59933
1.59848
1.59886
1.59964
1.60016
1.60244
0.920209
0.373043
0.342397
0.400637
0.469278
0.519246
0.561672
0.6036
0.645735
0.686953
0.72624
0.763061
0.797746
0.830101
0.86083
0.889811
0.917584
0.944258
0.969999
0.995071
1.01931
1.04311
1.06608
1.08878
1.11079
1.13268
1.15415
1.17538
1.19659
1.21754
1.23858
1.25943
1.28015
1.30093
1.32122
1.34185
1.36174
1.38208
1.40171
1.42158
1.44098
1.46012
1.47913
1.4973
1.51555
1.53269
1.54988
1.56614
1.58218
1.59785
1.61282
1.62796
1.64197
1.65627
1.66917
1.68222
1.69348
1.70504
1.7147
1.72376
1.73071
1.73571
1.7378
1.73747
1.73476
1.72997
1.72305
1.71056
1.69549
1.6805
1.66933
1.66213
1.66013
1.66079
1.66432
1.66945
1.67535
1.68185
1.68737
1.6929
1.69539
1.69749
1.69573
1.69045
1.68072
1.66577
1.64793
1.62857
1.61012
1.59459
1.58261
1.57495
1.5702
1.5684
1.56787
1.56851
1.56939
1.57005
1.57055
1.57253
0.928699
0.37808
0.344555
0.400112
0.46067
0.497535
0.52581
0.555824
0.589104
0.624085
0.65905
0.69318
0.726103
0.757835
0.788257
0.817731
0.845937
0.873409
0.899686
0.925304
0.949923
0.973932
0.997295
1.02015
1.04276
1.06507
1.08742
1.10947
1.13167
1.15363
1.17573
1.19765
1.21961
1.24142
1.26315
1.28474
1.30613
1.32736
1.34819
1.36885
1.38884
1.40871
1.42767
1.44663
1.46462
1.48276
1.50004
1.51754
1.53437
1.55139
1.56771
1.58418
1.59983
1.61537
1.63014
1.64414
1.6579
1.66991
1.68253
1.69252
1.70309
1.7104
1.71732
1.72067
1.72173
1.72074
1.71836
1.71327
1.70362
1.68942
1.67493
1.66272
1.65435
1.65058
1.64966
1.65093
1.65386
1.65771
1.65989
1.66207
1.66134
1.65833
1.65124
1.63966
1.62321
1.6045
1.585
1.5673
1.55282
1.54213
1.5353
1.53098
1.52925
1.52811
1.52849
1.52897
1.52949
1.52966
1.52985
1.53125
0.936385
0.382204
0.34658
0.403578
0.46386
0.495863
0.516222
0.537732
0.563221
0.591347
0.620655
0.650211
0.679755
0.708871
0.73752
0.765382
0.792518
0.818762
0.844252
0.868942
0.893018
0.9165
0.939623
0.962406
0.985108
1.00771
1.03039
1.05307
1.07573
1.09848
1.12111
1.14381
1.16635
1.18884
1.21114
1.23323
1.25506
1.27655
1.29772
1.31848
1.33894
1.35901
1.37888
1.39843
1.41787
1.43707
1.45613
1.47499
1.49355
1.51184
1.52966
1.54712
1.56394
1.58023
1.59595
1.61091
1.62558
1.63918
1.65272
1.66511
1.67726
1.68861
1.69821
1.70742
1.71253
1.71635
1.71606
1.71534
1.71154
1.70337
1.68992
1.67475
1.66057
1.64942
1.6426
1.63846
1.63629
1.63482
1.63268
1.62905
1.62301
1.61254
1.598
1.57924
1.55921
1.53877
1.52128
1.50674
1.49683
1.48964
1.48573
1.4833
1.48204
1.48168
1.48172
1.48191
1.48221
1.4818
1.48185
1.48252
0.942427
0.384041
0.346741
0.406121
0.468654
0.500116
0.517546
0.535019
0.556167
0.580069
0.605368
0.631289
0.657533
0.683867
0.710059
0.735905
0.761167
0.785848
0.809821
0.833268
0.856157
0.878753
0.901038
0.923311
0.945516
0.967891
0.990378
1.01297
1.0357
1.05834
1.08112
1.10363
1.12626
1.14848
1.17082
1.19259
1.21458
1.2359
1.2576
1.27858
1.30003
1.32083
1.34201
1.36267
1.38348
1.40383
1.42408
1.44385
1.46331
1.48229
1.50081
1.51882
1.53638
1.5534
1.57012
1.58625
1.60207
1.61742
1.63223
1.64689
1.66068
1.67428
1.68644
1.69777
1.70711
1.71386
1.71745
1.71771
1.71671
1.71282
1.70444
1.68997
1.67304
1.65562
1.64063
1.6288
1.61914
1.61051
1.60099
1.58994
1.57558
1.55721
1.53653
1.51436
1.4937
1.47573
1.46197
1.45165
1.44499
1.44059
1.43765
1.43601
1.4347
1.43414
1.43384
1.43365
1.43338
1.43328
1.43269
1.43355
0.945666
0.384388
0.345612
0.407016
0.472389
0.504711
0.521211
0.53698
0.556201
0.57809
0.601389
0.625394
0.649742
0.674211
0.698696
0.723006
0.747032
0.770512
0.793502
0.815854
0.83783
0.859473
0.881023
0.902645
0.924356
0.946358
0.968454
0.990806
1.0131
1.03551
1.05775
1.08005
1.10206
1.12422
1.14598
1.16806
1.18966
1.21166
1.23323
1.25513
1.27671
1.29846
1.31995
1.34146
1.36267
1.38375
1.40448
1.42491
1.4449
1.46452
1.48356
1.50226
1.52034
1.5381
1.55529
1.5722
1.58862
1.60473
1.62046
1.63576
1.65071
1.66491
1.6786
1.69105
1.70215
1.71174
1.71784
1.72129
1.7211
1.71914
1.71455
1.70502
1.68868
1.66855
1.64714
1.62669
1.60766
1.58923
1.57076
1.55026
1.52758
1.50331
1.47922
1.45741
1.43925
1.42514
1.4151
1.40804
1.40322
1.39982
1.39749
1.39571
1.39408
1.39337
1.39295
1.39255
1.39229
1.39209
1.3922
1.39422
0.94683
0.38359
0.343929
0.406795
0.474685
0.508208
0.524521
0.539372
0.557595
0.578569
0.60094
0.624076
0.647554
0.671144
0.694719
0.718234
0.741577
0.764528
0.787016
0.808868
0.830362
0.851494
0.872679
0.893948
0.915472
0.937313
0.959252
0.981494
1.00353
1.02579
1.04769
1.06978
1.09151
1.1135
1.13513
1.15717
1.17875
1.2009
1.22248
1.24462
1.26625
1.28824
1.30987
1.33155
1.35305
1.37423
1.39536
1.41582
1.43631
1.45587
1.47546
1.49405
1.51266
1.5303
1.54806
1.56487
1.58193
1.59805
1.61446
1.62993
1.64554
1.66016
1.6747
1.68772
1.70068
1.71064
1.72068
1.72514
1.72846
1.72716
1.72442
1.71839
1.70643
1.68661
1.6618
1.63421
1.60535
1.57622
1.54657
1.51644
1.4869
1.45927
1.43533
1.41602
1.40132
1.39075
1.38332
1.37795
1.37408
1.3711
1.36884
1.36674
1.36526
1.36436
1.36372
1.3632
1.36301
1.36317
1.36358
1.36573
0.946977
0.382392
0.342313
0.406129
0.475915
0.510517
0.52685
0.541169
0.55878
0.579277
0.601214
0.623927
0.646986
0.670183
0.693296
0.716439
0.739413
0.762156
0.784411
0.806082
0.827389
0.848337
0.86945
0.890631
0.912217
0.934062
0.956092
0.978353
1.00042
1.02264
1.0445
1.06649
1.08819
1.11004
1.13172
1.15365
1.17533
1.19741
1.21906
1.2412
1.26282
1.28484
1.30643
1.32818
1.34963
1.37093
1.39202
1.41263
1.43309
1.45278
1.47236
1.49108
1.50966
1.52747
1.54518
1.56219
1.57927
1.59561
1.61215
1.6279
1.64372
1.65884
1.6735
1.68764
1.70045
1.71261
1.72258
1.73051
1.73474
1.73464
1.73294
1.72893
1.7203
1.70381
1.67837
1.64624
1.60918
1.5697
1.52977
1.4919
1.4582
1.43012
1.40825
1.39196
1.38017
1.37182
1.36577
1.36119
1.35763
1.35479
1.35245
1.35023
1.34871
1.3475
1.34683
1.34621
1.34591
1.34601
1.34628
1.34835
0.946743
0.381449
0.341177
0.405504
0.476396
0.511708
0.528128
0.542186
0.559488
0.579727
0.601459
0.623947
0.646796
0.669823
0.692729
0.715694
0.738489
0.761132
0.783266
0.804866
0.826097
0.847008
0.868135
0.889333
0.911011
0.932908
0.955054
0.97737
0.999534
1.02179
1.0437
1.06567
1.08742
1.10922
1.13098
1.15283
1.17462
1.19663
1.21837
1.24044
1.2621
1.28408
1.30566
1.32741
1.3488
1.37017
1.39116
1.4119
1.43223
1.45209
1.47152
1.49042
1.50883
1.52685
1.54439
1.56163
1.57857
1.59514
1.61163
1.62758
1.64349
1.65879
1.67364
1.68807
1.70111
1.71397
1.72403
1.73376
1.73816
1.73999
1.73851
1.73512
1.72779
1.71329
1.68872
1.65484
1.61313
1.56686
1.52039
1.47828
1.44317
1.41588
1.39582
1.38146
1.37125
1.36397
1.35856
1.3543
1.35087
1.34806
1.34567
1.34344
1.34179
1.34045
1.33975
1.339
1.33856
1.33856
1.3387
1.34067
)
;

boundaryField
{
    inlet
    {
        type            calculated;
        value           uniform 3.00001;
    }
    outlet
    {
        type            calculated;
        value           nonuniform List<scalar> 
40
(
0.934655
1.03387
1.12625
1.21573
1.28912
1.35313
1.40666
1.45474
1.49425
1.52339
1.55386
1.57731
1.59908
1.61931
1.63766
1.65512
1.67152
1.68662
1.70047
1.71233
1.72177
1.72692
1.72365
1.70997
1.69101
1.67168
1.65685
1.64792
1.64233
1.63559
1.62279
1.60244
1.57253
1.53125
1.48252
1.43355
1.39422
1.36573
1.34835
1.34067
)
;
    }
    top
    {
        type            symmetryPlane;
    }
    bottom
    {
        type            symmetryPlane;
    }
    obstacle
    {
        type            calculated;
        value           nonuniform List<scalar> 
110
(
0.0273751
0.0573399
0.0979742
0.140376
0.184593
0.233567
0.290666
0.361442
0.456168
0.616354
0.746355
0.685383
0.153436
0.252418
0.287774
0.39292
0.429262
0.454912
0.490158
0.530928
0.567855
0.600203
0.632093
0.664131
0.694502
0.722926
0.749859
0.769234
0.777731
0.78002
0.77601
0.760293
0.731059
0.690958
0.644378
0.595408
0.546334
0.498736
0.452372
0.408534
0.366833
0.327635
0.290188
0.254368
0.2199
0.185587
0.152546
0.120582
0.0898832
0.0600554
0.031048
0.00287648
0.028377
0.0549612
0.0810237
0.105854
0.12973
0.151963
0.173584
0.195776
0.21797
0.239351
0.259999
0.280088
0.299695
0.318886
0.337689
0.356126
0.374218
0.391976
0.409444
0.426598
0.443535
0.460163
0.476637
0.492813
0.508858
0.524655
0.540289
0.555756
0.571049
0.586187
0.601224
0.616035
0.630836
0.645366
0.65991
0.674197
0.688484
0.702517
0.716563
0.730322
0.74411
0.757607
0.771083
0.78435
0.797467
0.8105
0.823254
0.835976
0.848367
0.860634
0.87257
0.884168
0.895334
0.90581
0.915461
0.923777
0.930133
0.934655
)
;
    }
    frontAndBack
    {
        type            empty;
    }
}


// ************************************************************************* //
