/*--------------------------------*- C++ -*----------------------------------*\
  =========                 |
  \\      /  F ield         | OpenFOAM: The Open Source CFD Toolbox
   \\    /   O peration     | Website:  https://openfoam.org
    \\  /    A nd           | Version:  13
     \\/     M anipulation  |
\*---------------------------------------------------------------------------*/
FoamFile
{
    format      ascii;
    class       volScalarField;
    location    "7.5";
    object      p;
}
// * * * * * * * * * * * * * * * * * * * * * * * * * * * * * * * * * * * * * //

dimensions      [1 -1 -2 0 0 0 0];

internalField   nonuniform List<scalar> 
5250
(
1.00001
1.00004
1.0001
1.00027
1.00062
1.00167
1.00378
1.01013
1.02336
1.06104
1.14881
1.39221
2.06846
4.07751
9.61083
11.3352
11.1663
11.0826
11.1668
11.3854
11.6043
11.7426
11.8493
11.9335
11.9981
1.00001
1.00004
1.00009
1.00027
1.00061
1.00165
1.00373
1.01
1.0231
1.06021
1.14705
1.38695
2.05402
4.03439
9.51429
11.3363
11.1634
11.0735
11.1582
11.3772
11.5957
11.7342
11.8424
11.9279
11.9939
1.00001
1.00003
1.00009
1.00026
1.0006
1.0016
1.00365
1.00973
1.02246
1.05875
1.1429
1.37657
2.02255
3.94249
9.29752
11.3388
11.1531
11.045
11.1278
11.3439
11.5593
11.6956
11.8029
11.8876
11.9534
1.00001
1.00003
1.00009
1.00024
1.00059
1.00151
1.00355
1.00926
1.02168
1.05615
1.13718
1.36005
1.97564
3.80204
8.95638
11.3488
11.1391
10.9976
11.076
11.2852
11.4956
11.6273
11.7312
11.8135
11.8797
1.00001
1.00003
1.00008
1.00023
1.00054
1.00145
1.00331
1.00878
1.02047
1.05281
1.1295
1.33783
1.91424
3.61444
8.48639
11.3717
11.1234
10.9331
11.0051
11.2038
11.4072
11.5319
11.6302
11.7088
11.7764
1.00001
1.00003
1.00008
1.00021
1.00053
1.00127
1.00327
1.00766
1.01989
1.04735
1.1216
1.30882
1.83914
3.38319
7.88017
11.41
11.1072
10.8511
10.9144
11.0983
11.2913
11.4051
11.4931
11.5641
11.632
1
1.00003
1.00007
1.0002
1.00045
1.00122
1.00279
1.00735
1.01721
1.04416
1.10816
1.27974
1.74794
3.11673
7.13943
11.4531
11.0913
10.7534
10.8045
10.9661
11.144
11.2404
11.31
11.3639
11.4264
1
1.00002
1.00006
1.00017
1.00041
1.00108
1.00247
1.00658
1.01507
1.03968
1.09469
1.24701
1.65005
2.8277
6.29303
11.4536
11.0655
10.6452
10.6788
10.8061
10.9618
11.0313
11.0693
11.0871
11.1239
1
1.00002
1.00006
1.00014
1.00039
1.00087
1.00235
1.00533
1.01413
1.03291
1.08495
1.21057
1.55849
2.54216
5.42432
11.3324
10.9862
10.5284
10.5354
10.615
10.7385
10.7673
10.7542
10.6985
10.6467
1
1.00002
1.00005
1.00014
1.00031
1.00084
1.00191
1.00511
1.01164
1.03065
1.07262
1.18817
1.48632
2.34629
4.87218
10.8452
10.7462
10.4217
10.3565
10.3974
10.4661
10.4462
10.3548
10.139
9.81731
1
1.00001
1.00005
1.00011
1.0003
1.00068
1.00182
1.00416
1.01097
1.02568
1.06588
1.16287
1.42682
2.16824
4.34698
9.92896
10.4667
10.3052
10.1597
10.1632
10.1561
10.0769
9.83577
9.27064
7.82246
1
1.00001
1.00004
1.0001
1.00024
1.00065
1.00146
1.00392
1.0089
1.02358
1.0554
1.14349
1.36546
2.00022
3.84262
8.84784
10.3071
10.1948
9.98116
9.92419
9.853
9.6823
9.30264
8.54011
7.05712
1
1.00001
1.00003
1.00008
1.00022
1.00051
1.00134
1.00313
1.00798
1.01929
1.04822
1.1201
1.30887
1.83199
3.34772
7.61106
10.2072
10.0946
9.83035
9.68716
9.56091
9.31033
8.83995
8.07277
6.91613
1
1.00001
1.00003
1.00007
1.00017
1.00045
1.00104
1.0027
1.00644
1.01608
1.03959
1.09857
1.2512
1.66661
2.85972
6.26691
10.1188
10.0056
9.70222
9.46183
9.27626
8.98551
8.50564
7.80735
6.90015
1
1.00001
1.00002
1.00006
1.00014
1.00035
1.00087
1.00208
1.00531
1.01247
1.03206
1.07675
1.19699
1.50814
2.38787
4.8478
9.86586
9.84332
9.60531
9.26374
9.02171
8.71548
8.25956
7.63761
6.8798
1
1.00001
1.00002
1.00004
1.00012
1.00027
1.00073
1.00164
1.00437
1.00997
1.02604
1.06177
1.15854
1.40524
2.10337
4.09477
9.0419
9.57889
9.42146
9.08588
8.80197
8.48924
8.06348
7.50727
6.84954
1
1
1.00001
1.00004
1.00009
1.00023
1.00055
1.00139
1.00329
1.00845
1.0199
1.051
1.12421
1.32269
1.86107
3.41154
7.54245
9.29796
9.20939
8.95448
8.62206
8.29828
7.89962
7.39834
6.81695
1
1
1.00001
1.00003
1.00007
1.00017
1.00045
1.00103
1.00273
1.00617
1.01642
1.03793
1.09856
1.24409
1.65191
2.79113
5.95979
9.10457
9.07247
8.87593
8.48749
8.14058
7.76091
7.30531
6.78531
1
1
1.00001
1.00002
1.00005
1.00014
1.00031
1.00084
1.0019
1.00498
1.01152
1.02946
1.07081
1.17972
1.46084
2.23586
4.33939
8.67582
8.9603
8.79341
8.41359
8.01997
7.64453
7.22498
6.75503
1
1
1.00001
1.00002
1.00004
1.0001
1.00026
1.00059
1.00153
1.00359
1.00901
1.02194
1.05405
1.1349
1.3445
1.92136
3.53224
7.58494
8.73135
8.62605
8.33491
7.92038
7.54436
7.15283
6.72478
1
1
1
1.00001
1.00003
1.00008
1.00018
1.00047
1.00108
1.00278
1.0066
1.01643
1.04025
1.09987
1.25315
1.66631
2.82273
5.92892
8.47599
8.44845
8.26113
7.86198
7.46477
7.08822
6.69455
1
1
1
1.00001
1.00002
1.00005
1.00014
1.00033
1.00079
1.00197
1.00465
1.01188
1.02787
1.07095
1.17303
1.44869
2.18022
4.11479
7.99195
8.33972
8.19344
7.84151
7.41168
7.03634
6.66799
1
1
1
1.00001
1.00002
1.00004
1.0001
1.00023
1.0006
1.00135
1.00357
1.00805
1.02129
1.04922
1.12699
1.31627
1.84213
3.27216
6.83698
8.12067
8.04791
7.8058
7.38134
6.99901
6.6461
1
1
1
1
1.00001
1.00003
1.00007
1.00017
1.00039
1.00103
1.00237
1.00609
1.01439
1.03601
1.08808
1.22233
1.5777
2.55016
5.11634
7.76618
7.85905
7.72614
7.39049
6.99079
6.63613
1
1
1
1
1.00001
1.00002
1.00005
1.00012
1.00027
1.00072
1.0016
1.00425
1.00956
1.02509
1.05833
1.14932
1.37352
1.9803
3.55942
7.01221
7.71863
7.63189
7.38471
7.00015
6.63919
1
1
1
1
1.00001
1.00001
1.00003
1.00008
1.0002
1.00047
1.00114
1.00283
1.00668
1.01699
1.04006
1.10153
1.25123
1.65766
2.74095
5.4929
7.45805
7.47266
7.35456
7.04604
6.65495
1
1
1
1
1
1.00001
1.00002
1.00005
1.00013
1.0003
1.00079
1.00177
1.00466
1.01055
1.02727
1.06394
1.16205
1.40563
2.04959
3.66003
6.90155
7.38249
7.30127
7.07696
6.69547
1
1
1
1
1
1.00001
1.00001
1.00004
1.00008
1.00021
1.00051
1.00122
1.00306
1.00711
1.01821
1.04258
1.10816
1.26669
1.69621
2.82489
5.63211
7.16929
7.1767
7.06523
6.78595
1
1
1
1
1
1
1.00001
1.00002
1.00005
1.00014
1.00032
1.00083
1.00186
1.00491
1.01103
1.02877
1.0669
1.17058
1.42627
2.10364
3.79148
6.66317
7.08314
7.02037
6.83285
1
1
1
1
1
1
1.00001
1.00002
1.00003
1.00009
1.00021
1.00054
1.00122
1.00315
1.00728
1.01831
1.04382
1.1087
1.27109
1.69732
2.81062
5.48971
6.86403
6.91019
6.81898
1
1
1
1
1
1
1
1.00001
1.00002
1.00005
1.00014
1.00032
1.0008
1.00194
1.00462
1.01156
1.02713
1.06829
1.16486
1.42074
2.06944
3.67818
6.34509
6.81207
6.77351
1
1
1
1
1
1
1
1.00001
1.00001
1.00004
1.00009
1.00021
1.00049
1.00126
1.00286
1.00741
1.01684
1.04345
1.10205
1.26091
1.65752
2.69494
5.16382
6.57737
6.69443
1
1
1
1
1
1
1
1
1.00001
1.00002
1.00006
1.00012
1.00032
1.00072
1.00186
1.00425
1.01078
1.02526
1.0626
1.15198
1.3813
1.95863
3.34736
6.02467
6.61239
1
1
1
1
1
1
1
1
1.00001
1.00001
1.00003
1.00008
1.0002
1.00045
1.00116
1.00262
1.00681
1.01536
1.0398
1.09261
1.23661
1.59152
2.51788
4.75625
6.35578
1
1
1
1
1
1
1
1
1
1.00001
1.00002
1.00005
1.00012
1.00029
1.00066
1.0017
1.00384
1.00991
1.02248
1.05753
1.13547
1.34373
1.85546
3.10522
5.71737
1
1
1
1
1
1
1
1
1
1
1.00001
1.00003
1.00008
1.00017
1.00044
1.00099
1.00252
1.00582
1.01452
1.03465
1.08487
1.20924
1.5272
2.34052
4.31947
1
1
1
1
1
1
1
1
1
1
1.00001
1.00002
1.00004
1.00011
1.00026
1.00065
1.00155
1.00372
1.00919
1.02164
1.05408
1.12968
1.32748
1.82836
3.10087
1
1
1
1
1
1
1
1
1
1
1.00001
1.00001
1.00003
1.00007
1.00019
1.00042
1.00111
1.0025
1.00654
1.0149
1.03825
1.0906
1.23033
1.58689
2.54916
1
1
1
1
1
1
1
1
1
1
1
1.00001
1.00002
1.00006
1.00014
1.00035
1.00087
1.00208
1.00529
1.01245
1.03198
1.0768
1.19735
1.51105
2.40675
1
1
1
1
1
1
1
1
1
1
1
1.00001
1.00002
1.00005
1.00012
1.00032
1.00074
1.00196
1.00459
1.01185
1.02865
1.07253
1.18294
1.48266
2.33936
1
1
1
1
1
1
1
1
1
1
1
1.00001
1.00002
1.00005
1.00012
1.00029
1.00074
1.00175
1.00464
1.01081
1.02849
1.06861
1.17873
1.46775
2.30661
1
1
1
1
1
1
1
1
1
1
1
1.00001
1.00002
1.00005
1.00011
1.00029
1.00068
1.00181
1.00424
1.01111
1.02675
1.06877
1.17322
1.46173
2.28555
1
1
1
1
1
1
1
1
1
1
1
1.00001
1.00002
1.00004
1.00012
1.00026
1.00072
1.00164
1.00446
1.0103
1.02745
1.06604
1.17276
1.45384
2.27097
1
1
1
1
1
1
1
1
1
1
1
1.00001
1.00002
1.00004
1.00011
1.00027
1.00068
1.0017
1.00418
1.01068
1.02612
1.06677
1.16909
1.45097
2.25829
1
1
1
1
1
1
1
1
1
1
1
1.00001
1.00002
1.00004
1.00011
1.00026
1.00069
1.0016
1.00435
1.01003
1.02697
1.06457
1.16992
1.44603
2.25298
1
1
1
1
1
1
1
1
1
1
1
1.00001
1.00002
1.00004
1.0001
1.00027
1.00064
1.00168
1.00411
1.01037
1.02604
1.06547
1.16783
1.44647
2.24983
1
1
1
1
1
1
1
1
1
1
1
1.00001
1.00002
1.00004
1.0001
1.00027
1.00062
1.00172
1.00393
1.01073
1.02511
1.06672
1.1659
1.44836
2.24875
1
1
1
1
1
1
1
1
1
1
1
1.00001
1.00002
1.00004
1.0001
1.00027
1.00062
1.0017
1.00391
1.01073
1.02502
1.06679
1.16589
1.44925
2.25032
1
1
1
1
1
1
1
1
1
1
1
1.00001
1.00002
1.00004
1.0001
1.00027
1.00062
1.00169
1.00397
1.01056
1.02543
1.06615
1.16705
1.44914
2.25345
1
1
1
1
1
1
1
1
1
1
1
1.00001
1.00002
1.00004
1.0001
1.00026
1.00063
1.00167
1.00396
1.0106
1.02525
1.06654
1.16675
1.45041
2.25376
3.72231
3.03703
3.99115
4.17832
3.89806
3.79409
3.7462
3.68416
3.58958
3.49328
3.4103
3.33205
3.24821
3.16539
3.08774
3.01288
2.9435
2.90925
2.8959
2.89303
2.91358
2.97396
3.07376
3.2033
3.34911
3.49959
3.64782
3.7901
3.92574
4.05087
4.16591
4.27053
4.36621
4.45351
4.53341
4.60718
4.67387
4.73206
4.78234
4.82581
4.86268
4.89381
4.92163
4.94347
4.95741
4.96581
4.96887
4.968
4.9638
4.95426
4.93973
4.92225
4.9021
4.87934
4.85409
4.82656
4.79692
4.76543
4.73223
4.69755
4.66148
4.62423
4.58584
4.5465
4.50622
4.46519
4.4234
4.38099
4.33797
4.29442
4.25038
4.2059
4.16099
4.11573
4.0701
4.02418
3.97797
3.93155
3.88493
3.83818
3.79134
3.74447
3.69761
3.65084
3.60418
3.55772
3.51148
3.46554
3.41995
3.3748
3.33016
3.28616
3.24296
3.20077
3.15992
3.12089
3.08439
3.05158
3.02404
3.00505
4.60233
4.00794
4.19127
4.10045
3.88106
3.80541
3.79741
3.71959
3.59173
3.47901
3.39465
3.3261
3.24473
3.16097
3.08254
3.01186
2.94919
2.90866
2.89084
2.88625
2.90383
2.96231
3.06064
3.19068
3.33779
3.48957
3.63868
3.78048
3.91644
4.04151
4.15613
4.26012
4.35488
4.44155
4.52115
4.59605
4.66384
4.72245
4.77309
4.81704
4.85442
4.88613
4.91347
4.93516
4.94994
4.95875
4.9622
4.96165
4.95843
4.95011
4.93499
4.91738
4.89745
4.87515
4.85023
4.82302
4.7936
4.76235
4.72933
4.69485
4.65891
4.6218
4.58352
4.54427
4.50408
4.46311
4.42138
4.37901
4.33603
4.29252
4.24851
4.20406
4.15918
4.11393
4.06832
4.02242
3.97624
3.92982
3.88322
3.83649
3.78966
3.74281
3.69598
3.64923
3.6026
3.55617
3.50997
3.46407
3.41849
3.37337
3.32872
3.28473
3.24151
3.19924
3.15826
3.11909
3.0824
3.04928
3.02119
3.00148
5.41494
4.6252
4.37633
4.13794
3.92278
3.8189
3.75922
3.67872
3.57507
3.47356
3.39844
3.33504
3.24374
3.15338
3.06887
2.99674
2.9412
2.90342
2.88477
2.87885
2.89308
2.9447
3.03867
3.16833
3.31726
3.46937
3.61837
3.75777
3.89947
4.0241
4.1398
4.24526
4.34161
4.4297
4.51044
4.58504
4.65228
4.71144
4.76268
4.80715
4.84503
4.87719
4.90413
4.92568
4.94084
4.95013
4.95388
4.95352
4.95111
4.94434
4.93018
4.91181
4.89167
4.86968
4.8452
4.81835
4.78924
4.75822
4.72543
4.69111
4.65536
4.61835
4.5802
4.54102
4.50091
4.45998
4.4183
4.37595
4.333
4.2895
4.2455
4.20105
4.15618
4.11093
4.06533
4.01942
3.97324
3.92683
3.88023
3.8335
3.78669
3.73987
3.69306
3.64635
3.59976
3.55339
3.50722
3.46137
3.41584
3.37077
3.32612
3.28213
3.23892
3.19672
3.15573
3.11636
3.0793
3.04558
3.01663
2.99584
5.78554
4.96194
4.5103
4.22055
4.00412
3.85454
3.76403
3.67318
3.56968
3.46733
3.38686
3.31456
3.23032
3.1427
3.06123
2.99184
2.93973
2.90426
2.88131
2.86236
2.87443
2.92885
3.01956
3.14787
3.29377
3.44512
3.59439
3.7368
3.87467
4.00095
4.1172
4.22348
4.3205
4.4092
4.49034
4.56478
4.63218
4.69195
4.74406
4.78914
4.82765
4.86024
4.88733
4.90894
4.92464
4.93454
4.93897
4.9388
4.93717
4.93208
4.92058
4.90176
4.88132
4.85949
4.83557
4.80931
4.78081
4.75028
4.71793
4.68396
4.64854
4.6118
4.57389
4.5349
4.49497
4.45417
4.4126
4.37035
4.32747
4.28403
4.24009
4.19568
4.15085
4.10562
4.06005
4.01415
3.96799
3.92158
3.87501
3.8283
3.78153
3.73475
3.68801
3.64139
3.5949
3.54864
3.50261
3.45681
3.41141
3.36646
3.32205
3.2782
3.235
3.19269
3.15152
3.11187
3.07432
3.03985
3.00981
2.98759
5.97602
5.20303
4.68225
4.3393
4.09814
3.92191
3.79206
3.68792
3.58065
3.47687
3.39121
3.31051
3.2252
3.14019
3.06151
2.99509
2.94423
2.90826
2.88617
2.88254
2.89552
2.94003
3.02824
3.143
3.27597
3.41763
3.56212
3.70326
3.83929
3.96668
4.08443
4.19258
4.29163
4.38212
4.46465
4.53978
4.60764
4.66803
4.72099
4.76687
4.80613
4.83926
4.86672
4.88865
4.90495
4.91558
4.92082
4.92082
4.91978
4.9161
4.9073
4.88965
4.8691
4.84715
4.82355
4.79789
4.77005
4.74012
4.70831
4.67478
4.63976
4.60335
4.56572
4.52699
4.48726
4.44664
4.40523
4.3631
4.32033
4.27698
4.2331
4.18875
4.14396
4.09877
4.05321
4.00734
3.96118
3.91481
3.86824
3.8216
3.77487
3.72819
3.68154
3.6351
3.58869
3.54259
3.49669
3.45127
3.40606
3.36131
3.31697
3.27321
3.23004
3.18771
3.14639
3.10649
3.06845
3.03324
3.00211
2.97827
6.09339
5.39635
4.86246
4.48129
4.20649
4.00491
3.8503
3.72539
3.61089
3.50372
3.40722
3.3195
3.23337
3.15092
3.07812
3.0198
2.97783
2.952
2.94281
2.94646
2.96273
3.00317
3.0767
3.16549
3.27036
3.38327
3.51148
3.64801
3.78592
3.91777
4.04014
4.15197
4.25368
4.34609
4.42997
4.506
4.57462
4.6359
4.6899
4.73683
4.77704
4.81101
4.83915
4.86174
4.87884
4.89044
4.8967
4.89752
4.89678
4.89406
4.8873
4.87315
4.85303
4.83108
4.80772
4.78261
4.75548
4.72631
4.69519
4.6623
4.62779
4.59186
4.55462
4.51623
4.4768
4.43644
4.39523
4.35329
4.31067
4.26745
4.22368
4.17941
4.13467
4.08953
4.044
3.99814
3.952
3.90565
3.85913
3.81255
3.76593
3.71937
3.67286
3.62661
3.58057
3.53483
3.48925
3.44403
3.39904
3.35446
3.31024
3.26657
3.22347
3.18115
3.13974
3.0996
3.06115
3.02522
2.99311
2.96773
6.16956
5.54708
5.02782
4.62742
4.32544
4.09836
3.92118
3.78048
3.65745
3.54456
3.44053
3.34464
3.25805
3.18094
3.11842
3.07416
3.04939
3.04383
3.0488
3.06732
3.10652
3.14602
3.18578
3.23259
3.29111
3.36591
3.44299
3.56159
3.69943
3.84038
3.97439
4.09579
4.2039
4.30004
4.38592
4.46318
4.53295
4.5955
4.65097
4.69939
4.74101
4.77631
4.80564
4.82932
4.84755
4.8604
4.86797
4.87008
4.86959
4.86763
4.86262
4.85189
4.83351
4.81226
4.78928
4.7646
4.73811
4.70969
4.67936
4.6472
4.61336
4.57799
4.54126
4.50329
4.46423
4.42418
4.38326
4.34154
4.29912
4.25606
4.21241
4.16823
4.12357
4.07847
4.03296
3.98713
3.941
3.8947
3.84824
3.80172
3.75524
3.70904
3.66296
3.6171
3.57135
3.52588
3.48054
3.43552
3.39072
3.34632
3.30228
3.25876
3.21578
3.17352
3.1321
3.09181
3.05305
3.01653
2.98359
2.95684
6.21888
5.6613
5.16892
4.76533
4.4463
4.19767
4.00129
3.8443
3.71062
3.59119
3.4831
3.38605
3.30189
3.23273
3.1854
3.16265
3.16422
3.17591
3.20999
3.2796
3.32974
3.34915
3.35325
3.35274
3.3544
3.36713
3.40495
3.47797
3.5804
3.72013
3.8685
4.00881
4.1327
4.23924
4.33131
4.41155
4.48332
4.54728
4.60438
4.65445
4.69782
4.73495
4.76592
4.79114
4.81085
4.82521
4.83435
4.83818
4.83794
4.83668
4.83317
4.82539
4.8098
4.78998
4.7677
4.74356
4.71766
4.68995
4.6604
4.62905
4.59595
4.56126
4.52511
4.48766
4.44903
4.40936
4.36875
4.32731
4.28511
4.24224
4.19874
4.15468
4.11009
4.06504
4.01956
3.97376
3.92768
3.88145
3.83512
3.78901
3.74294
3.69709
3.65131
3.60574
3.56023
3.51497
3.46987
3.42507
3.38052
3.33636
3.29258
3.24927
3.2065
3.16438
3.12304
3.08271
3.04377
3.00681
2.97327
2.94542
6.25026
5.74708
5.2856
4.88941
4.56287
4.29949
4.08756
3.91549
3.77156
3.64518
3.53439
3.4378
3.35875
3.30359
3.28267
3.28681
3.30658
3.35898
3.46912
3.57324
3.60418
3.59813
3.57475
3.51931
3.44372
3.40948
3.41595
3.44404
3.50578
3.59901
3.72908
3.88021
4.02375
4.14955
4.25664
4.34709
4.42446
4.49148
4.55034
4.60196
4.64702
4.68621
4.71912
4.7464
4.76803
4.7843
4.79534
4.80128
4.80184
4.80116
4.79883
4.79327
4.7817
4.76377
4.74272
4.71946
4.69428
4.66731
4.63855
4.60801
4.57573
4.54181
4.50635
4.4695
4.4314
4.39218
4.35196
4.31085
4.26893
4.22628
4.18295
4.13901
4.09449
4.04948
4.00403
3.95827
3.91226
3.86632
3.82043
3.77472
3.72903
3.68348
3.63797
3.59265
3.54741
3.50243
3.45761
3.41311
3.36887
3.32501
3.28151
3.23849
3.19596
3.15406
3.11287
3.07262
3.03361
2.9964
2.96244
2.93369
6.26926
5.81159
5.38129
4.9987
4.67213
4.40041
4.17686
3.99275
3.83925
3.70766
3.5955
3.50293
3.4353
3.40897
3.4141
3.43761
3.5004
3.63744
3.82624
3.91691
3.91336
3.88934
3.82547
3.69526
3.56801
3.48382
3.45499
3.46093
3.48557
3.54211
3.6225
3.73432
3.87496
4.01465
4.143
4.25359
4.34595
4.42252
4.4868
4.54165
4.58899
4.63008
4.66506
4.69461
4.71861
4.73731
4.75072
4.75904
4.76195
4.76161
4.76018
4.75648
4.7485
4.73348
4.71435
4.6924
4.66822
4.64209
4.61413
4.58441
4.55294
4.51982
4.4851
4.44894
4.41143
4.37273
4.33295
4.29221
4.2506
4.2082
4.16505
4.12124
4.0768
4.03185
3.98643
3.9409
3.8953
3.8498
3.80429
3.7589
3.71348
3.66822
3.62296
3.57793
3.53298
3.48832
3.44383
3.39968
3.35578
3.31228
3.26912
3.22644
3.18423
3.14262
3.10169
3.06161
3.0227
2.98542
2.95128
2.92195
6.27998
5.86124
5.45999
5.09398
4.77263
4.49798
4.26711
4.07435
3.91348
3.77879
3.66862
3.58534
3.54625
3.55059
3.57355
3.63757
3.77994
4.04347
4.23581
4.26578
4.2477
4.18812
4.05608
3.87292
3.71698
3.60383
3.53517
3.51143
3.51555
3.53413
3.57997
3.64328
3.73299
3.85333
3.98795
4.11796
4.23257
4.32844
4.40679
4.47074
4.52352
4.56776
4.60514
4.63677
4.66304
4.68424
4.70026
4.71136
4.71733
4.71801
4.71735
4.71513
4.70988
4.69902
4.68211
4.66186
4.63902
4.61398
4.58692
4.55802
4.52736
4.49503
4.46108
4.42563
4.38878
4.35066
4.31138
4.27106
4.22979
4.18766
4.14471
4.10103
4.05668
4.01185
3.96679
3.92166
3.87647
3.83132
3.78612
3.74099
3.69586
3.65087
3.60594
3.56123
3.51664
3.47234
3.42824
3.38447
3.34097
3.29786
3.25512
3.21283
3.17103
3.12979
3.08922
3.04944
3.01079
2.97363
2.93953
2.90998
6.28681
5.90061
5.52573
5.17731
4.86451
4.59127
4.35717
4.15954
3.99478
3.86067
3.75875
3.69931
3.7017
3.72189
3.7833
3.92447
4.21195
4.51162
4.63087
4.61945
4.57235
4.45998
4.25185
4.05133
3.88482
3.75577
3.66254
3.6031
3.57275
3.57356
3.58236
3.609
3.66215
3.72963
3.82458
3.94918
4.07578
4.19278
4.29354
4.37629
4.44255
4.4953
4.53777
4.57255
4.60131
4.62495
4.64351
4.65752
4.66651
4.67051
4.67033
4.66922
4.66612
4.65928
4.64559
4.62762
4.60652
4.58285
4.55691
4.52895
4.49914
4.46762
4.43446
4.39976
4.36362
4.32614
4.28743
4.2476
4.20673
4.1649
4.12216
4.07861
4.03447
3.99007
3.94548
3.9008
3.85597
3.81115
3.76624
3.72142
3.67661
3.63197
3.5874
3.54307
3.49889
3.45499
3.41131
3.36797
3.32492
3.28227
3.23998
3.19816
3.15681
3.11604
3.07591
3.03657
2.99831
2.96148
2.92762
2.89813
6.29137
5.93296
5.58227
5.25127
4.94899
4.68049
4.44712
4.24881
4.08519
3.9592
3.87543
3.86852
3.88503
3.94224
4.07997
4.36713
4.74146
4.9622
4.9658
4.93909
4.85425
4.67184
4.43878
4.23468
4.0661
3.92905
3.81945
3.7351
3.67412
3.63633
3.62155
3.62481
3.63985
3.67383
3.72146
3.79636
3.9024
4.02141
4.1387
4.24402
4.33216
4.40241
4.45714
4.49973
4.53328
4.56008
4.58149
4.59801
4.60995
4.61743
4.61963
4.6192
4.61756
4.61344
4.60468
4.5895
4.57042
4.54836
4.52374
4.4969
4.46805
4.43739
4.40505
4.37114
4.33573
4.29895
4.26085
4.22156
4.18111
4.13961
4.09707
4.05387
4.01021
3.96631
3.92215
3.87787
3.8334
3.78892
3.74436
3.69989
3.65544
3.61118
3.56701
3.5231
3.47935
3.4359
3.39269
3.34983
3.30728
3.26513
3.22337
3.18209
3.1413
3.10108
3.06153
3.02277
2.9851
2.94882
2.91548
2.88645
6.29628
5.96056
5.63172
5.31826
5.0282
4.76711
4.53843
4.34465
4.19054
4.08249
4.05317
4.06738
4.11953
4.25032
4.52808
4.95145
5.2488
5.31589
5.29444
5.2229
5.06386
4.83282
4.61264
4.42084
4.25657
4.1154
3.99413
3.8911
3.80611
3.73922
3.69179
3.66093
3.65691
3.66238
3.67968
3.71445
3.76713
3.85225
3.95996
4.07379
4.18087
4.27371
4.34943
4.40846
4.45336
4.48736
4.51331
4.53316
4.54791
4.55835
4.56408
4.56499
4.56437
4.56226
4.5572
4.5467
4.5302
4.51003
4.48699
4.46149
4.4338
4.40416
4.37273
4.33966
4.30506
4.26901
4.23159
4.19287
4.15288
4.11169
4.06961
4.02698
3.98388
3.94049
3.89677
3.8529
3.80884
3.76476
3.72061
3.67655
3.63254
3.58871
3.545
3.50155
3.45829
3.41535
3.37266
3.33034
3.28835
3.24677
3.20561
3.16494
3.12478
3.08523
3.04638
3.00836
2.97148
2.93605
2.90349
2.8754
6.30508
5.98697
5.67772
5.38134
5.10448
4.85357
4.63416
4.45342
4.31951
4.26345
4.27381
4.31946
4.44059
4.70322
5.15389
5.51176
5.63554
5.6222
5.5676
5.43763
5.21023
4.98621
4.78647
4.6092
4.45037
4.30656
4.17635
4.05928
3.95599
3.86712
3.79393
3.73644
3.69738
3.67463
3.67563
3.68307
3.70163
3.73979
3.80193
3.89584
4.00011
4.1056
4.20257
4.28462
4.34963
4.39881
4.43503
4.4614
4.48047
4.49405
4.50269
4.50705
4.50696
4.50609
4.50345
4.4974
4.48509
4.46739
4.44631
4.42246
4.39617
4.36772
4.33735
4.30523
4.27149
4.23624
4.19952
4.16141
4.12186
4.08124
4.03982
3.99785
3.95534
3.91248
3.86925
3.82585
3.78224
3.73862
3.69493
3.65134
3.60781
3.56446
3.52127
3.47833
3.43562
3.39324
3.35114
3.30942
3.26805
3.22713
3.18664
3.14668
3.10727
3.06853
3.03054
2.99348
2.95764
2.92344
2.89204
2.86553
6.32167
6.01691
5.72423
5.44372
5.18111
4.94404
4.74121
4.58454
4.50004
4.50605
4.54428
4.6545
4.89955
5.3616
5.76209
5.93291
5.92651
5.88596
5.78142
5.571
5.34708
5.14446
4.96359
4.79777
4.64273
4.49655
4.35933
4.2317
4.11477
4.00952
3.91699
3.83792
3.77327
3.72395
3.69111
3.67833
3.68027
3.68845
3.71025
3.75519
3.8265
3.91972
4.02153
4.12044
4.20825
4.28032
4.33558
4.37582
4.40405
4.42343
4.4359
4.44348
4.44591
4.44559
4.44427
4.44086
4.4335
4.41939
4.40099
4.37926
4.35472
4.32774
4.29862
4.26759
4.23481
4.2004
4.16442
4.12688
4.08799
4.04817
4.00752
3.96626
3.92439
3.88213
3.83947
3.79662
3.75355
3.71046
3.6673
3.62425
3.58126
3.53847
3.49585
3.4535
3.4114
3.36964
3.3282
3.28715
3.2465
3.20631
3.1666
3.12746
3.08895
3.05118
3.01428
2.97846
2.94401
2.91155
2.8818
2.85783
6.35513
6.05467
5.77408
5.50825
5.26194
5.04449
4.87095
4.75937
4.76125
4.79341
4.89551
5.1278
5.58869
6.01125
6.21975
6.21756
6.18496
6.09268
5.90266
5.68577
5.48805
5.30967
5.14374
4.9849
4.831
4.68207
4.53913
4.40355
4.27647
4.15904
4.05208
3.95638
3.87264
3.80164
3.74425
3.70221
3.67625
3.67098
3.67195
3.68043
3.70528
3.75748
3.83684
3.93016
4.02833
4.12094
4.20031
4.26292
4.30894
4.34071
4.36135
4.37375
4.37998
4.38099
4.38046
4.37866
4.37437
4.3654
4.35028
4.33121
4.30891
4.28383
4.25628
4.22654
4.19484
4.16136
4.12611
4.08931
4.05131
4.01238
3.97257
3.93209
3.89096
3.8494
3.8074
3.76519
3.72274
3.68025
3.6377
3.59526
3.55289
3.51072
3.46875
3.42706
3.38566
3.3446
3.3039
3.2636
3.22376
3.1844
3.1456
3.10743
3.07
3.03344
2.99793
2.96376
2.93121
2.90123
2.87388
2.8538
6.41232
6.10154
5.8284
5.57787
5.3528
5.16733
5.041
5.02927
5.05852
5.15797
5.38891
5.85099
6.28251
6.50368
6.51273
6.48179
6.38986
6.2008
5.99345
5.80709
5.63835
5.4786
5.32204
5.16658
5.0124
4.86094
4.71365
4.57218
4.43757
4.31105
4.19321
4.08488
3.98651
3.89879
3.82237
3.75805
3.70754
3.67102
3.65577
3.64622
3.64801
3.6592
3.68882
3.75004
3.83304
3.92803
4.02277
4.10859
4.17944
4.23283
4.2698
4.29335
4.3065
4.31252
4.31249
4.31171
4.30939
4.30413
4.29342
4.2775
4.25798
4.23532
4.20978
4.18167
4.15128
4.11882
4.08445
4.04862
4.01162
3.97365
3.93477
3.89517
3.85488
3.81413
3.7729
3.73143
3.6897
3.64792
3.60607
3.56432
3.52266
3.4812
3.43997
3.39902
3.35839
3.31812
3.27826
3.23883
3.19991
3.16153
3.12381
3.08681
3.05072
3.0157
2.98201
2.95008
2.9202
2.89376
2.87009
2.85494
6.47481
6.15767
5.88966
5.65752
5.46588
5.33193
5.30977
5.33851
5.43933
5.67566
6.14882
6.58845
6.81118
6.81745
6.78441
6.68714
6.4894
6.28511
6.10399
5.94356
5.79291
5.64361
5.49221
5.33876
5.18453
5.0315
4.88133
4.73568
4.59562
4.46228
4.33623
4.21826
4.10869
4.00811
3.91694
3.83581
3.76572
3.70762
3.66308
3.63591
3.61906
3.61064
3.61411
3.62946
3.66522
3.73659
3.82119
3.91484
4.00525
4.08381
4.14578
4.19014
4.21853
4.2345
4.24072
4.24058
4.23949
4.23652
4.23008
4.2177
4.20126
4.18139
4.15832
4.1323
4.10363
4.0725
4.03935
4.00472
3.96884
3.93193
3.89406
3.85545
3.81611
3.77627
3.73592
3.6953
3.65439
3.61342
3.57238
3.53142
3.49057
3.44991
3.40951
3.36941
3.32966
3.29029
3.25138
3.21295
3.17511
3.1379
3.10148
3.06595
3.03156
2.99857
2.96737
2.93855
2.91251
2.89125
2.87197
2.86171
6.58422
6.24018
5.96736
5.7603
5.62143
5.59778
5.628
5.73505
5.98587
6.48498
6.93158
7.15149
7.14788
7.10492
6.99204
6.77489
6.56768
6.38881
6.23319
6.08898
5.94738
5.80284
5.65401
5.50172
5.34767
5.19378
5.04178
4.89319
4.74919
4.61074
4.47844
4.35305
4.2348
4.12428
4.0218
3.92781
3.84274
3.76747
3.70308
3.65105
3.61323
3.59039
3.57038
3.56628
3.57213
3.59224
3.63665
3.71221
3.799
3.89036
3.9757
4.04707
4.10053
4.13625
4.15654
4.16493
4.16479
4.16346
4.15988
4.15223
4.13887
4.12162
4.10111
4.07756
4.05105
4.02184
3.99046
3.95737
3.92281
3.8871
3.85036
3.81283
3.77453
3.73571
3.69635
3.65669
3.61673
3.57668
3.53656
3.4965
3.45657
3.41684
3.37738
3.33823
3.2995
3.26116
3.22337
3.1861
3.14956
3.11377
3.07897
3.04533
3.01321
2.983
2.9553
2.93086
2.91087
2.89464
2.88094
2.87808
6.63512
6.3443
6.07821
5.91008
5.88822
5.92282
6.04305
6.32244
6.86014
7.31944
7.52383
7.51421
7.45314
7.30498
7.07055
6.85189
6.66976
6.51575
6.37608
6.24018
6.10117
5.95741
5.80894
5.65678
5.50266
5.34819
5.19502
5.0444
4.89757
4.75521
4.61831
4.48704
4.36214
4.24375
4.13231
4.02813
3.93167
3.84331
3.76381
3.694
3.63518
3.58842
3.55697
3.53139
3.51358
3.51477
3.5241
3.54925
3.60195
3.67917
3.76773
3.85656
3.93618
3.9999
4.04468
4.07149
4.0838
4.08433
4.08312
4.07938
4.0712
4.05664
4.03831
4.01708
3.9931
3.96633
3.93725
3.90615
3.87327
3.83901
3.80356
3.76723
3.73008
3.69238
3.65411
3.61553
3.57664
3.53764
3.49857
3.45955
3.42068
3.38199
3.34364
3.30558
3.26802
3.23089
3.19441
3.15856
3.1236
3.08959
3.05689
3.02577
2.99675
2.97054
2.94775
2.93027
2.91589
2.90631
2.90407
2.90604
6.63502
6.47583
6.2418
6.18678
6.22666
6.36624
6.68872
7.27911
7.75631
7.9408
7.92059
7.83254
7.63541
7.37675
7.14388
6.95383
6.79708
6.65845
6.52559
6.39121
6.25176
6.10695
5.95764
5.80501
5.65056
5.49564
5.34159
5.18956
5.04051
4.89528
4.7546
4.61875
4.48852
4.36382
4.24534
4.13318
4.02775
3.92923
3.83815
3.75501
3.68053
3.61586
3.56158
3.52172
3.48944
3.46482
3.45097
3.45412
3.46742
3.49874
3.56174
3.64035
3.7286
3.81391
3.88681
3.9418
3.97741
3.99568
3.99957
3.99853
3.99488
3.98664
3.97092
3.95167
3.92968
3.90557
3.87912
3.85042
3.81969
3.7873
3.75347
3.71858
3.68273
3.64627
3.60921
3.57182
3.53412
3.49631
3.45842
3.4206
3.38292
3.34547
3.30835
3.27161
3.23538
3.19972
3.16479
3.1307
3.09771
3.06605
3.03615
3.00855
2.98396
2.9636
2.9483
2.93672
2.93165
2.93317
2.93907
2.95489
6.636
6.60075
6.52817
6.56943
6.72605
7.09149
7.74846
8.24606
8.40333
8.37004
8.24728
7.98825
7.69843
7.44743
7.24627
7.0832
6.9421
6.80952
6.67705
6.5406
6.39871
6.25201
6.10134
5.94789
5.79281
5.63737
5.48246
5.32923
5.17834
5.03077
4.88687
4.74745
4.61266
4.48307
4.35882
4.24026
4.12757
4.02104
3.92089
3.82752
3.74129
3.66295
3.5931
3.53309
3.4843
3.44746
3.41443
3.39
3.38573
3.39074
3.40754
3.4449
3.51395
3.59466
3.68094
3.76134
3.82696
3.87317
3.89975
3.9097
3.90906
3.90593
3.89825
3.88265
3.86294
3.84054
3.81603
3.78962
3.76134
3.73129
3.69956
3.66648
3.63225
3.59723
3.56156
3.5255
3.48914
3.45266
3.41613
3.37968
3.34339
3.30738
3.2717
3.23651
3.20188
3.16799
3.13498
3.10313
3.07273
3.04423
3.01827
2.99571
2.97777
2.96547
2.9562
2.95663
2.96026
2.97112
2.99501
3.04589
6.65754
6.75083
6.87481
7.13592
7.66347
8.3186
8.79278
8.90611
8.85502
8.69141
8.36066
8.03657
7.76525
7.55077
7.3791
7.23258
7.09715
6.96368
6.8275
6.68689
6.54148
6.39253
6.24025
6.08577
5.9299
5.77377
5.61795
5.4636
5.31107
5.16149
5.01496
4.87246
4.73396
4.60019
4.47115
4.34731
4.22872
4.11569
4.00829
3.90683
3.81152
3.72282
3.64111
3.5671
3.50182
3.44577
3.40274
3.36311
3.33284
3.3119
3.31309
3.32101
3.34255
3.38789
3.45924
3.54186
3.62588
3.70047
3.75801
3.7947
3.81364
3.81417
3.81225
3.80637
3.7935
3.77298
3.74955
3.7247
3.69853
3.67082
3.64144
3.61053
3.57832
3.5451
3.51112
3.47661
3.44179
3.40681
3.37183
3.33695
3.30227
3.26791
3.23396
3.20059
3.16792
3.13622
3.10569
3.07676
3.04994
3.02584
3.00568
2.99073
2.98095
2.97665
2.97848
2.98534
3.00303
3.04037
3.09012
3.18981
6.63737
7.06148
7.54048
8.26822
9.01976
9.45511
9.46437
9.38081
9.14965
8.75222
8.38994
8.09738
7.86937
7.6881
7.53455
7.39374
7.2563
7.11743
6.97525
6.82955
6.68079
6.5288
6.37463
6.21895
6.06223
5.90524
5.74854
5.59298
5.43904
5.28751
5.13877
4.99342
4.85181
4.71434
4.58133
4.45297
4.32954
4.21107
4.09773
3.98963
3.88711
3.79028
3.69951
3.61503
3.53758
3.46763
3.4062
3.35554
3.31201
3.27361
3.24516
3.23294
3.23563
3.2467
3.27334
3.32765
3.40077
3.48372
3.56412
3.63155
3.68012
3.70798
3.71644
3.7152
3.71073
3.70053
3.68051
3.65777
3.63296
3.60674
3.57927
3.55058
3.5207
3.48968
3.45778
3.42517
3.39219
3.35896
3.32577
3.29267
3.25986
3.22742
3.19553
3.16437
3.13417
3.10526
3.07806
3.05313
3.03146
3.01359
3.00294
2.99547
2.99595
2.99983
3.01141
3.03683
3.08675
3.16417
3.23829
3.36577
6.49001
7.69356
8.84859
9.80207
10.1993
10.1622
9.98627
9.6018
9.15792
8.76328
8.44293
8.2004
8.01092
7.8509
7.7038
7.56023
7.41575
7.26897
7.11976
6.96842
6.81552
6.66074
6.50468
6.34753
6.18967
6.0316
5.87386
5.71702
5.5617
5.40837
5.25757
5.10972
4.9653
4.82461
4.68806
4.55588
4.42827
4.30523
4.18695
4.07363
3.96515
3.86185
3.76376
3.67123
3.58451
3.50405
3.43042
3.36441
3.30748
3.25953
3.21488
3.17953
3.15351
3.15152
3.15564
3.16971
3.20126
3.26408
3.33941
3.42095
3.49628
3.55609
3.59448
3.61516
3.61488
3.61221
3.60462
3.58856
3.56579
3.54039
3.51411
3.48724
3.45958
3.43096
3.40146
3.37118
3.34041
3.30932
3.27822
3.24722
3.21659
3.18644
3.15704
3.12862
3.10161
3.07643
3.05383
3.03471
3.02045
3.01299
3.01051
3.0125
3.0203
3.03918
3.07788
3.14084
3.22215
3.32792
3.41951
3.54587
6.00939
8.97028
10.6457
11.0328
10.9465
10.6569
10.0813
9.57934
9.15348
8.80462
8.54518
8.34755
8.18251
8.02983
7.87924
7.72708
7.5729
7.41725
7.26077
7.10372
6.94635
6.78829
6.62991
6.47096
6.31162
6.15226
5.99331
5.83522
5.67849
5.52353
5.3709
5.22097
5.07418
4.93082
4.79119
4.65545
4.52379
4.39671
4.27411
4.15623
4.04287
3.93431
3.83047
3.73158
3.63781
3.54934
3.4666
3.38995
3.32026
3.25789
3.20498
3.15614
3.11331
3.0822
3.06455
3.0657
3.07262
3.09151
3.13169
3.1986
3.27665
3.35584
3.42424
3.47498
3.5041
3.51278
3.51146
3.50635
3.4946
3.47265
3.4485
3.42284
3.39653
3.36977
3.34253
3.31479
3.28659
3.25808
3.22951
3.20105
3.17303
3.14567
3.11937
3.09454
3.07179
3.05184
3.03588
3.02552
3.02216
3.02305
3.028
3.04178
3.07058
3.12291
3.19739
3.2927
3.39772
3.51112
3.59849
3.69773
5.0379
10.4231
11.9352
11.7996
11.372
10.6403
10.0327
9.5527
9.18397
8.90448
8.70146
8.53198
8.37336
8.21508
8.05386
7.89024
7.72575
7.56149
7.39798
7.23522
7.07307
6.91156
6.74993
6.58867
6.42755
6.26666
6.10629
5.94673
5.78846
5.63187
5.47744
5.3255
5.17646
5.03066
4.88831
4.74981
4.61515
4.48474
4.35838
4.23654
4.1189
4.00582
3.89711
3.79297
3.69348
3.59868
3.50894
3.42433
3.34539
3.27265
3.20652
3.14927
3.09629
3.04907
3.01071
2.9841
2.97608
2.97878
2.98892
3.01393
3.06489
3.13494
3.21393
3.28874
3.34951
3.38809
3.40861
3.40843
3.40579
3.39819
3.38213
3.3588
3.33337
3.30775
3.28228
3.25684
3.23132
3.20571
3.18012
3.15477
3.12997
3.10619
3.08392
3.06403
3.04719
3.03479
3.02909
3.02963
3.03304
3.04322
3.06541
3.10788
3.17245
3.25963
3.36341
3.47629
3.58304
3.67839
3.74086
3.80205
4.95818
11.0874
12.1895
11.9178
11.2866
10.5402
9.97055
9.57629
9.28043
9.07465
8.90072
8.73465
8.56696
8.39542
8.22132
8.04667
7.87302
7.70106
7.53094
7.36241
7.19522
7.02913
6.86387
6.69978
6.53646
6.37374
6.21175
6.05068
5.89091
5.73272
5.57658
5.42281
5.27177
5.12382
4.97911
4.83809
4.70064
4.56727
4.43767
4.31242
4.19109
4.07419
3.96137
3.8529
3.74876
3.64894
3.55371
3.46303
3.37727
3.29668
3.22169
3.15285
3.09153
3.03558
2.9845
2.94063
2.90947
2.88912
2.88954
2.89416
2.90861
2.94034
3.00207
3.0758
3.15354
3.2205
3.27007
3.29852
3.3077
3.30649
3.30188
3.29085
3.26954
3.24652
3.22275
3.19922
3.17608
3.15334
3.13103
3.10935
3.08857
3.0696
3.05275
3.0402
3.03126
3.03157
3.034
3.04171
3.05891
3.09302
3.14745
3.22699
3.32553
3.43753
3.55156
3.65613
3.73944
3.80115
3.83257
3.8634
4.86598
11.2453
11.9977
11.6974
11.032
10.3983
9.97662
9.66725
9.45834
9.27989
9.10505
8.92626
8.74368
8.55924
8.37486
8.19198
8.01129
7.83296
7.6569
7.48284
7.31061
7.13986
6.9706
6.80265
6.63649
6.47165
6.30787
6.14525
5.98394
5.82428
5.66656
5.51117
5.35836
5.20855
5.06182
4.91862
4.77882
4.64295
4.51065
4.38255
4.2581
4.138
4.02166
3.90963
3.80155
3.69768
3.598
3.50258
3.41158
3.32517
3.24354
3.1672
3.09644
3.03238
2.97395
2.91971
2.87281
2.83558
2.81084
2.80103
2.80318
2.81183
2.83355
2.87863
2.94585
3.02302
3.0946
3.1517
3.18818
3.20733
3.20846
3.2064
3.19981
3.18557
3.16515
3.14373
3.12273
3.1027
3.08375
3.06629
3.05052
3.03838
3.02873
3.02773
3.02954
3.03572
3.04968
3.07767
3.12221
3.19298
3.28486
3.39418
3.51164
3.62475
3.72199
3.79639
3.84558
3.87531
3.88418
3.89821
4.79182
11.2314
11.763
11.4404
10.8081
10.3554
10.0419
9.82953
9.64493
9.46152
9.2734
9.08179
8.88935
8.69791
8.50823
8.32064
8.13529
7.95212
7.77125
7.5923
7.41547
7.24045
7.06717
6.89549
6.72593
6.55856
6.39272
6.22848
6.0657
5.90468
5.74566
5.5889
5.43475
5.28339
5.13511
4.99009
4.84847
4.71047
4.57602
4.44548
4.31855
4.19571
4.07654
3.96148
3.85024
3.74302
3.63982
3.54059
3.4456
3.35469
3.26824
3.18628
3.10925
3.0374
2.97166
2.91126
2.85516
2.80555
2.76486
2.73621
2.71724
2.7177
2.72229
2.73623
2.76679
2.82684
2.89989
2.97356
3.03589
3.08088
3.10635
3.11706
3.11642
3.1133
3.10551
3.08983
3.07277
3.05601
3.04063
3.02838
3.019
3.01667
3.01795
3.02324
3.03543
3.05893
3.09587
3.15615
3.24053
3.3448
3.46251
3.58196
3.69111
3.77979
3.84385
3.88443
3.90578
3.91464
3.91638
3.92077
4.74254
11.18
11.6573
11.3256
10.7521
10.3809
10.1439
9.95556
9.77191
9.58251
9.38897
9.19433
9.00043
8.80794
8.61688
8.42724
8.23918
8.0528
7.8684
7.68593
7.5056
7.32732
7.15096
6.97625
6.80358
6.63352
6.46558
6.29966
6.1356
5.97338
5.81341
5.65556
5.50044
5.3479
5.19845
5.05203
4.90899
4.76929
4.63317
4.50061
4.37176
4.24657
4.12522
4.00755
3.89386
3.78382
3.67788
3.57559
3.47748
3.38314
3.29303
3.20698
3.12533
3.04825
2.97607
2.90946
2.84787
2.79059
2.73945
2.69667
2.66414
2.64095
2.63567
2.63837
2.64809
2.67123
2.71876
2.78719
2.86098
2.92763
2.97903
3.01206
3.03041
3.03638
3.03558
3.03247
3.02544
3.01403
3.00406
2.99907
2.9999
3.00391
3.0143
3.03542
3.06614
3.11632
3.19113
3.28853
3.40373
3.52645
3.64512
3.74749
3.82688
3.88161
3.91492
3.93178
3.9381
3.93855
3.93882
3.94036
4.70439
11.1261
11.6124
11.2729
10.7222
10.3875
10.1843
10.0128
9.83629
9.65101
9.46139
9.2705
9.07945
8.88864
8.69815
8.50823
8.3192
8.13139
7.94516
7.76073
7.57825
7.39787
7.21946
7.04295
6.86809
6.69576
6.52593
6.35843
6.1932
6.03007
5.8693
5.71081
5.55491
5.4017
5.2513
5.10404
4.9598
4.81899
4.68144
4.54747
4.41698
4.29009
4.16693
4.04733
3.93162
3.81949
3.71131
3.60677
3.50613
3.4093
3.31628
3.22729
3.14217
3.06138
2.98478
2.91295
2.84618
2.78404
2.72626
2.6747
2.63057
2.59527
2.57009
2.5591
2.56084
2.56781
2.58582
2.6238
2.68723
2.76012
2.82931
2.88578
2.92632
2.95233
2.96578
2.97239
2.97421
2.97441
2.97538
2.97883
2.98775
3.00658
3.03309
3.07434
3.13665
3.22499
3.33374
3.45628
3.58156
3.69656
3.79162
3.86213
3.90927
3.93755
3.95206
3.95771
3.95794
3.95768
3.95745
3.95849
4.67559
11.0827
11.5973
11.2444
10.6889
10.371
10.1883
10.0352
9.86992
9.69162
9.50708
9.32013
9.13195
8.94314
8.75393
8.56481
8.37613
8.18832
8.00171
7.81666
7.63337
7.45205
7.27271
7.09528
6.91954
6.7458
6.57455
6.40581
6.23963
6.07581
5.91446
5.75551
5.59912
5.44538
5.29443
5.14647
5.00152
4.85985
4.72137
4.58637
4.45471
4.32665
4.20207
4.08115
3.9638
3.85018
3.74017
3.63392
3.53128
3.43247
3.33726
3.24596
3.15831
3.07469
2.99498
2.91946
2.84839
2.7821
2.7201
2.6625
2.61107
2.56621
2.52955
2.5027
2.48869
2.4895
2.49462
2.50893
2.53989
2.59969
2.67066
2.74171
2.8031
2.8503
2.88472
2.90814
2.92315
2.93607
2.94966
2.96855
2.99579
3.0302
3.08104
3.15628
3.25488
3.37247
3.49984
3.62463
3.7347
3.82239
3.88574
3.92752
3.95282
3.96711
3.97338
3.9745
3.97433
3.97369
3.97321
3.97404
4.6549
11.0558
11.5958
11.2281
10.6559
10.3421
10.1801
10.0437
9.88948
9.71727
9.53627
9.35183
9.16571
8.97851
8.79063
8.60252
8.41468
8.22746
8.04127
7.85641
7.67315
7.49171
7.31219
7.13455
6.95862
6.78444
6.61249
6.44305
6.27625
6.112
5.95026
5.79103
5.63435
5.48032
5.32907
5.18069
5.03535
4.89308
4.75406
4.61828
4.48587
4.35684
4.23129
4.10922
3.9907
3.87575
3.76439
3.65667
3.55256
3.45213
3.35531
3.26221
3.17275
3.08706
3.00515
2.92706
2.85307
2.78312
2.71793
2.65639
2.59976
2.54858
2.50358
2.46656
2.43866
2.42288
2.4235
2.42784
2.43998
2.46672
2.5206
2.59113
2.66583
2.73402
2.7907
2.8356
2.87112
2.90252
2.93477
2.97437
3.02169
3.08491
3.1713
3.27883
3.40228
3.53178
3.65414
3.75892
3.84019
3.89828
3.93681
3.96092
3.9758
3.98365
3.98751
3.9876
3.98738
3.98645
3.98532
3.98603
4.64425
11.0437
11.5951
11.2124
10.6227
10.3103
10.1637
10.0434
9.89955
9.73273
9.55468
9.37229
9.18782
9.00201
8.81527
8.62814
8.4411
8.25458
8.06893
7.88449
7.70153
7.52031
7.34096
7.16351
6.9878
6.81382
6.64183
6.47222
6.30514
6.1406
5.97862
5.81914
5.66229
5.50806
5.35664
5.20801
5.06244
4.91979
4.78039
4.64403
4.51107
4.38127
4.25498
4.13199
4.01259
3.89661
3.78427
3.67543
3.57023
3.46859
3.37057
3.27611
3.18528
3.09799
3.01439
2.93441
2.85822
2.78589
2.71761
2.65344
2.59328
2.5378
2.48745
2.44329
2.40636
2.37844
2.36224
2.36281
2.36681
2.37829
2.40364
2.45477
2.52582
2.60525
2.68289
2.75265
2.81467
2.87198
2.93255
2.99612
3.07583
3.17458
3.29151
3.42076
3.55107
3.6707
3.7703
3.84671
3.90119
3.93821
3.9627
3.97861
3.98951
3.99519
3.99827
3.99821
3.99779
3.99672
3.99481
3.99544
4.64166
11.0427
11.5902
11.1947
10.5915
10.2803
10.1458
10.0394
9.90441
9.74239
9.56695
9.38631
9.20329
9.01861
8.8328
8.64641
8.45999
8.27398
8.08875
7.90463
7.72195
7.54097
7.36186
7.18467
7.0093
6.83571
6.66404
6.49455
6.32737
6.16267
6.00044
5.84082
5.68377
5.52947
5.37786
5.2292
5.08332
4.94056
4.80073
4.66412
4.53062
4.40042
4.27347
4.14995
4.02979
3.91315
3.79996
3.69034
3.58422
3.48171
3.38267
3.28727
3.19533
3.10698
3.02213
2.94085
2.86316
2.78909
2.71878
2.65234
2.58971
2.53126
2.47728
2.42841
2.38526
2.34948
2.32199
2.30741
2.30831
2.31285
2.32505
2.35164
2.40513
2.48155
2.57006
2.66263
2.75428
2.84514
2.93886
3.04068
3.15673
3.28649
3.42318
3.55612
3.67412
3.77032
3.84312
3.89547
3.93204
3.95754
3.97558
3.98835
3.99782
4.00302
4.00565
4.00553
4.00496
4.0036
4.00121
4.00171
4.64346
11.048
11.5808
11.1768
10.5659
10.2559
10.1305
10.0348
9.90748
9.74952
9.5761
9.3967
9.21467
9.03084
8.84571
8.65985
8.47387
8.28823
8.10329
7.9194
7.7369
7.5561
7.3772
7.20024
7.02519
6.852
6.68062
6.51129
6.34405
6.17922
6.01676
5.85698
5.69976
5.54539
5.39367
5.24495
5.09894
4.95608
4.816
4.67919
4.54531
4.41477
4.28738
4.16337
4.04273
3.92548
3.81177
3.70146
3.59479
3.4915
3.39188
3.29563
3.20303
3.11377
3.02814
2.94582
2.86714
2.79179
2.72016
2.652
2.5877
2.52708
2.4707
2.41862
2.3717
2.3305
2.29653
2.27127
2.26102
2.26286
2.26929
2.28476
2.31708
2.38025
2.46746
2.57342
2.69214
2.82011
2.95527
3.10008
3.25127
3.4022
3.5426
3.66328
3.75953
3.83177
3.88395
3.92125
3.94826
3.96833
3.98357
3.99507
4.00392
4.00901
4.01132
4.01117
4.01053
4.00899
4.00598
4.00648
4.64605
11.0542
11.5704
11.1617
10.5479
10.2393
10.1199
10.0316
9.90986
9.75467
9.5824
9.40364
9.22216
9.03881
8.85408
8.66854
8.48283
8.29741
8.11266
7.92891
7.74653
7.56584
7.38708
7.21029
7.03546
6.86251
6.69141
6.52222
6.35498
6.19006
6.02747
5.86754
5.71023
5.55576
5.40403
5.25525
5.10921
4.96625
4.82605
4.68909
4.55499
4.42422
4.29653
4.17223
4.05123
3.93365
3.81954
3.70884
3.60174
3.49802
3.39794
3.30123
3.20812
3.11836
3.03216
2.94926
2.86991
2.79384
2.72136
2.65227
2.58688
2.52504
2.46706
2.4132
2.36376
2.31964
2.28124
2.25129
2.22937
2.22981
2.23333
2.24328
2.26523
2.30997
2.39023
2.50067
2.63897
2.80043
2.97755
3.16075
3.33765
3.49623
3.6281
3.73088
3.80733
3.86278
3.90303
3.93285
3.95562
3.97343
3.98753
3.99851
4.00696
4.0123
4.01428
4.0141
4.01339
4.01177
4.00854
4.00896
4.64901
11.0582
11.5639
11.1536
10.5396
10.2319
10.1155
10.031
9.91225
9.75852
9.58677
9.40822
9.2269
9.04371
8.85911
8.67364
8.48799
8.30258
8.11783
7.93407
7.75169
7.571
7.39227
7.21553
7.0408
6.86796
6.69692
6.52777
6.36053
6.19555
6.03287
5.87285
5.71546
5.56092
5.40917
5.26031
5.11426
4.97121
4.83095
4.69386
4.55963
4.42871
4.30085
4.17637
4.05515
3.93737
3.823
3.71211
3.60473
3.5008
3.40042
3.30349
3.21007
3.12008
3.03354
2.95038
2.87065
2.79425
2.72133
2.65175
2.58579
2.52336
2.46467
2.41001
2.35945
2.3141
2.27359
2.24165
2.21493
2.2109
2.21332
2.22118
2.23931
2.27659
2.35013
2.46008
2.60878
2.79219
2.99763
3.20506
3.3943
3.55187
3.67395
3.76419
3.82939
3.87662
3.91161
3.93834
3.95938
3.97625
3.98983
4.00056
4.00869
4.01432
4.01605
4.01586
4.01512
4.01342
4.00997
4.01033
)
;

boundaryField
{
    inlet
    {
        type            fixedValue;
        value           uniform 1;
    }
    outlet
    {
        type            waveTransmissive;
        gamma           1.4;
        fieldInf        1;
        lInf            3;
        value           nonuniform List<scalar> 
40
(
2.99752
2.99396
2.98833
2.98011
2.97082
2.96031
2.94947
2.93809
2.9264
2.91469
2.90275
2.89093
2.87927
2.86822
2.85833
2.85057
2.84643
2.84747
2.85403
2.87007
2.8977
2.94585
3.03552
3.1784
3.35365
3.53361
3.68577
3.79045
3.85198
3.88676
3.90921
3.92865
3.94668
3.96221
3.97418
3.98361
3.98992
3.99472
3.99723
3.9986
)
;
    }
    top
    {
        type            symmetryPlane;
    }
    bottom
    {
        type            symmetryPlane;
    }
    obstacle
    {
        type            zeroGradient;
    }
    frontAndBack
    {
        type            empty;
    }
}


// ************************************************************************* //
