/*--------------------------------*- C++ -*----------------------------------*\
  =========                 |
  \\      /  F ield         | OpenFOAM: The Open Source CFD Toolbox
   \\    /   O peration     | Website:  https://openfoam.org
    \\  /    A nd           | Version:  13
     \\/     M anipulation  |
\*---------------------------------------------------------------------------*/
FoamFile
{
    format      ascii;
    class       volScalarField;
    location    "7.5";
    object      rho;
}
// * * * * * * * * * * * * * * * * * * * * * * * * * * * * * * * * * * * * * //

dimensions      [1 -3 0 0 0 0 0];

internalField   nonuniform List<scalar> 
5250
(
1.40001
1.40003
1.40007
1.40019
1.40044
1.40117
1.40272
1.40703
1.41655
1.44115
1.49572
1.61966
1.87675
2.49997
4.98658
5.77295
5.70318
5.66034
5.68051
5.75771
5.84328
5.89557
5.93574
5.96943
5.99506
1.40001
1.40003
1.40007
1.40019
1.40044
1.40116
1.40269
1.40692
1.41639
1.44058
1.49472
1.61716
1.87191
2.48511
4.94324
5.77403
5.70276
5.65729
5.67783
5.75552
5.84113
5.89368
5.93473
5.96926
5.99586
1.40001
1.40003
1.40007
1.40019
1.40041
1.40117
1.40252
1.40698
1.4155
1.44033
1.49145
1.61312
1.86096
2.45457
4.8462
5.77732
5.7011
5.64772
5.66732
5.74501
5.82892
5.88154
5.9224
5.95757
5.9839
1.40001
1.40003
1.40006
1.40019
1.40039
1.40113
1.4024
1.40676
1.41473
1.439
1.48762
1.60582
1.84496
2.40857
4.69276
5.78554
5.6999
5.63192
5.651
5.72418
5.80764
5.85637
5.89679
5.93012
5.95806
1.40001
1.40002
1.40006
1.40017
1.4004
1.401
1.40244
1.40597
1.41477
1.43543
1.48481
1.5937
1.82503
2.34775
4.47981
5.80179
5.70032
5.61105
5.62675
5.69815
5.77819
5.82609
5.86296
5.89617
5.92391
1.40001
1.40002
1.40007
1.40014
1.4004
1.40085
1.40243
1.40519
1.41434
1.43182
1.48026
1.57935
1.79911
2.27507
4.2027
5.82854
5.7043
5.58493
5.59764
5.66057
5.73753
5.78122
5.81535
5.84448
5.87528
1.40001
1.40002
1.40005
1.40014
1.40034
1.40083
1.40208
1.40496
1.41256
1.42963
1.47216
1.56519
1.76607
2.19439
3.8605
5.86442
5.71476
5.55801
5.56533
5.61961
5.68801
5.72521
5.75237
5.77726
5.80629
1.40001
1.40002
1.40005
1.40013
1.40028
1.40079
1.40173
1.40469
1.41058
1.42744
1.46289
1.54978
1.72885
2.11079
3.46621
5.88972
5.72831
5.53111
5.52893
5.56822
5.62821
5.65275
5.66799
5.67889
5.70563
1.40001
1.40002
1.40005
1.40011
1.40028
1.40064
1.40164
1.40389
1.40968
1.42338
1.45626
1.53108
1.69338
2.02935
3.0579
5.86844
5.72908
5.50883
5.49495
5.50914
5.55537
5.56365
5.55886
5.54336
5.54662
1.40001
1.40002
1.40004
1.4001
1.40023
1.4006
1.40138
1.40354
1.40839
1.421
1.44948
1.51773
1.66259
1.96632
2.81372
5.65574
5.63359
5.48276
5.44071
5.44153
5.46293
5.45146
5.41849
5.34862
5.29156
1.40001
1.40001
1.40004
1.40008
1.40021
1.4005
1.40125
1.40308
1.40744
1.41849
1.44387
1.50452
1.63522
1.91094
2.60888
5.24685
5.51003
5.4421
5.37167
5.36374
5.35546
5.32304
5.23236
5.01929
4.41631
1.40001
1.40001
1.40003
1.40008
1.40017
1.40046
1.40105
1.40274
1.4064
1.41624
1.43817
1.49212
1.6077
1.85518
2.43063
4.75957
5.44343
5.40349
5.305
5.27783
5.24688
5.18011
5.03459
4.73798
4.09507
1.40001
1.40001
1.40003
1.40007
1.40015
1.40039
1.40089
1.40238
1.40531
1.41418
1.43208
1.47979
1.57935
1.79741
2.26947
4.19265
5.41355
5.37401
5.25633
5.19218
5.14257
5.04558
4.85901
4.55154
4.05764
1.40001
1.40001
1.40002
1.40005
1.40013
1.40031
1.40079
1.40181
1.40481
1.41081
1.42823
1.46422
1.55293
1.73484
2.12129
3.5654
5.40789
5.36187
5.22359
5.11591
5.03913
4.92384
4.73283
4.44804
4.06413
1.40001
1.40001
1.40002
1.40004
1.40011
1.40024
1.40066
1.4014
1.40395
1.40847
1.42293
1.45093
1.52451
1.67296
1.9845
2.87794
5.34884
5.33241
5.22137
5.05973
4.95526
4.82816
4.64242
4.38832
4.06673
1.40001
1.40001
1.40002
1.40004
1.40009
1.4002
1.40052
1.40119
1.40303
1.40724
1.41783
1.4427
1.50084
1.62781
1.89291
2.54984
4.98088
5.23854
5.17144
5.00965
4.88276
4.75178
4.57252
4.34377
4.06647
1.40001
1.40001
1.40001
1.40003
1.40007
1.40018
1.40037
1.40105
1.40223
1.4062
1.41354
1.43573
1.48013
1.589
1.80818
2.30286
4.27474
5.12594
5.09424
4.97702
4.82502
4.68873
4.51784
4.30557
4.06022
1.40001
1.40001
1.40001
1.40002
1.40006
1.40012
1.40034
1.40071
1.40199
1.4043
1.41166
1.42613
1.46578
1.5479
1.73163
2.10206
3.5161
5.07246
5.05523
4.97115
4.78776
4.63777
4.47588
4.27869
4.05442
1.40001
1.40001
1.40001
1.40002
1.40004
1.4001
1.40023
1.40058
1.40142
1.40338
1.40851
1.41996
1.44906
1.51299
1.65521
1.9346
2.70763
4.92395
5.04899
4.97246
4.79052
4.60675
4.44223
4.25924
4.05221
1.40001
1.40001
1.40001
1.40002
1.40004
1.40008
1.40018
1.40045
1.40102
1.40273
1.40603
1.41609
1.43604
1.48915
1.59827
1.83372
2.36513
4.40246
4.96908
4.92409
4.78912
4.59045
4.41777
4.24317
4.0523
1.40001
1.40001
1.40001
1.40001
1.40003
1.40006
1.40014
1.40032
1.40082
1.40187
1.40494
1.41109
1.42874
1.46527
1.55461
1.73695
2.11656
3.58697
4.88354
4.8661
4.78302
4.59256
4.40554
4.23285
4.05433
1.40001
1.40001
1.40001
1.40001
1.40002
1.40005
1.4001
1.40025
1.40054
1.40149
1.40317
1.40872
1.41901
1.44917
1.50935
1.65107
1.91393
2.64911
4.70072
4.86079
4.79059
4.61895
4.40945
4.23095
4.05916
1.40001
1.40001
1.40001
1.40001
1.40002
1.40003
1.40008
1.40016
1.40045
1.40094
1.40259
1.40566
1.41505
1.43391
1.48345
1.58617
1.80587
2.28623
4.12574
4.78569
4.7526
4.63951
4.42668
4.23971
4.07
1.40001
1.40001
1.40001
1.40001
1.40001
1.40003
1.40005
1.40013
1.4003
1.4007
1.4018
1.4041
1.41065
1.42429
1.46033
1.53641
1.70499
2.03248
3.24008
4.64788
4.68871
4.62904
4.46392
4.26327
4.08839
1.40001
1.40001
1.40001
1.40001
1.40001
1.40002
1.40004
1.40009
1.40019
1.40052
1.40115
1.403
1.40692
1.41737
1.4406
1.49636
1.61576
1.84816
2.4321
4.30657
4.66414
4.61977
4.49699
4.30099
4.1179
1.40001
1.40001
1.40001
1.40001
1.40001
1.40002
1.40003
1.40006
1.40014
1.40036
1.40077
1.40215
1.40453
1.41246
1.42714
1.46886
1.55231
1.73763
2.1022
3.51572
4.5718
4.56892
4.51175
4.35591
4.15491
1.40001
1.40001
1.40001
1.40001
1.40001
1.40001
1.40002
1.40004
1.4001
1.40022
1.40057
1.40129
1.40326
1.40771
1.41879
1.4446
1.50386
1.63219
1.86766
2.51006
4.32692
4.56814
4.52242
4.40815
4.20586
1.40001
1.40001
1.40001
1.40001
1.40001
1.40001
1.40002
1.40003
1.40007
1.40015
1.40039
1.40082
1.4023
1.40485
1.4133
1.42896
1.47304
1.56109
1.75266
2.14288
3.65059
4.49405
4.48895
4.43339
4.28884
1.40001
1.40001
1.40001
1.40001
1.40001
1.40001
1.40001
1.40002
1.40004
1.40011
1.40023
1.4006
1.40135
1.40347
1.40802
1.41989
1.44652
1.50906
1.64168
1.88749
2.62154
4.25874
4.47808
4.44224
4.34755
1.40001
1.40001
1.40001
1.40001
1.40001
1.40001
1.40001
1.40002
1.40003
1.40007
1.40016
1.40038
1.40092
1.40215
1.40546
1.41247
1.43142
1.47134
1.56624
1.75008
2.15033
3.62929
4.39734
4.41428
4.36805
1.40001
1.40001
1.40001
1.40001
1.40001
1.40001
1.40001
1.40001
1.40002
1.40005
1.4001
1.40025
1.40055
1.40148
1.40316
1.40858
1.41854
1.44793
1.50519
1.64043
1.87454
2.59722
4.14557
4.39704
4.37247
1.40001
1.40001
1.40001
1.40001
1.40001
1.40001
1.40001
1.40001
1.40002
1.40003
1.40006
1.40016
1.40034
1.40094
1.40199
1.40543
1.41175
1.43071
1.46791
1.56078
1.7346
2.11331
3.49998
4.30411
4.35758
1.40001
1.40001
1.40001
1.40001
1.40001
1.40001
1.40001
1.40001
1.40001
1.40002
1.40005
1.4001
1.40023
1.40055
1.40128
1.40323
1.40733
1.41865
1.44211
1.50073
1.6197
1.83782
2.43382
4.02508
4.34831
1.40001
1.40001
1.40001
1.40001
1.40001
1.40001
1.40001
1.40001
1.40001
1.40001
1.40003
1.40006
1.40015
1.40032
1.40087
1.40183
1.40497
1.41082
1.42805
1.46242
1.54765
1.71033
2.04911
3.29561
4.22421
1.40001
1.40001
1.40001
1.40001
1.40001
1.40001
1.40001
1.40001
1.40001
1.40001
1.40002
1.40004
1.40008
1.40022
1.40047
1.40126
1.4027
1.40722
1.41577
1.44029
1.4889
1.60399
1.80191
2.3228
3.87829
1.40001
1.40001
1.40001
1.40001
1.40001
1.40001
1.40001
1.40001
1.40001
1.40001
1.40001
1.40003
1.40006
1.40013
1.40031
1.40075
1.40173
1.40442
1.4099
1.42531
1.4566
1.53421
1.68503
1.98798
3.02916
1.40001
1.40001
1.40001
1.40001
1.40001
1.40001
1.40001
1.40001
1.40001
1.40001
1.40001
1.40002
1.40004
1.40008
1.4002
1.40045
1.40119
1.40254
1.40692
1.41484
1.43875
1.48492
1.59811
1.80458
2.31507
1.40001
1.40001
1.40001
1.40001
1.40001
1.40001
1.40001
1.40001
1.40001
1.40001
1.40001
1.40001
1.40003
1.40006
1.40014
1.40031
1.4008
1.40185
1.40461
1.41095
1.42656
1.4626
1.54502
1.71986
2.07585
1.40001
1.40001
1.40001
1.40001
1.40001
1.40001
1.40001
1.40001
1.40001
1.40001
1.40001
1.40001
1.40002
1.40005
1.40011
1.40024
1.40067
1.40142
1.40399
1.40857
1.42322
1.45171
1.52697
1.6814
1.99205
1.40001
1.40001
1.40001
1.40001
1.40001
1.40001
1.40001
1.40001
1.40001
1.40001
1.40001
1.40001
1.40002
1.40004
1.4001
1.40023
1.40057
1.40133
1.40351
1.40802
1.42104
1.44842
1.51799
1.66532
1.93575
1.40001
1.40001
1.40001
1.40001
1.40001
1.40001
1.40001
1.40001
1.40001
1.40001
1.40001
1.40001
1.40002
1.40004
1.4001
1.4002
1.40057
1.40121
1.40345
1.40749
1.4205
1.44634
1.51486
1.65794
1.91607
1.40001
1.40001
1.40001
1.40001
1.40001
1.40001
1.40001
1.40001
1.40001
1.40001
1.40001
1.40001
1.40002
1.40004
1.40009
1.40021
1.40052
1.40123
1.40323
1.40754
1.41957
1.44612
1.51173
1.65498
1.91166
1.40001
1.40001
1.40001
1.40001
1.40001
1.40001
1.40001
1.40001
1.40001
1.40001
1.40001
1.40001
1.40002
1.40004
1.40009
1.4002
1.40051
1.40121
1.40311
1.40757
1.41893
1.44593
1.50991
1.65222
1.9119
1.40001
1.40001
1.40001
1.40001
1.40001
1.40001
1.40001
1.40001
1.40001
1.40001
1.40001
1.40001
1.40002
1.40004
1.40008
1.40021
1.40046
1.40131
1.40283
1.40798
1.4178
1.44679
1.50728
1.65161
1.91014
1.40001
1.40001
1.40001
1.40001
1.40001
1.40001
1.40001
1.40001
1.40001
1.40001
1.40001
1.40001
1.40002
1.40003
1.40009
1.40018
1.40053
1.40111
1.40321
1.407
1.41935
1.44393
1.50971
1.64799
1.9086
1.40001
1.40001
1.40001
1.40001
1.40001
1.40001
1.40001
1.40001
1.40001
1.40001
1.40001
1.40001
1.40002
1.40004
1.40008
1.40019
1.4005
1.40114
1.40314
1.40705
1.4191
1.44408
1.509
1.6485
1.90165
1.40001
1.40001
1.40001
1.40001
1.40001
1.40001
1.40001
1.40001
1.40001
1.40001
1.40001
1.40001
1.40002
1.40004
1.40008
1.4002
1.40046
1.40122
1.40289
1.40754
1.41807
1.44562
1.50709
1.65074
1.89482
1.40001
1.40001
1.40001
1.40001
1.40001
1.40001
1.40001
1.40001
1.40001
1.40001
1.40001
1.40001
1.40002
1.40004
1.40007
1.40021
1.40044
1.40125
1.4028
1.40772
1.41772
1.44616
1.50667
1.6519
1.88941
1.40001
1.40001
1.40001
1.40001
1.40001
1.40001
1.40001
1.40001
1.40001
1.40001
1.40001
1.40001
1.40002
1.40004
1.40008
1.40019
1.40047
1.40117
1.40301
1.40728
1.41859
1.44496
1.50836
1.65127
1.88621
1.40001
1.40001
1.40001
1.40001
1.40001
1.40001
1.40001
1.40001
1.40001
1.40001
1.40001
1.40001
1.40002
1.40004
1.40007
1.40021
1.40043
1.40128
1.40273
1.40789
1.41743
1.44677
1.50644
1.65346
1.88291
2.22859
1.72834
2.06783
1.9725
1.84246
1.81879
1.80582
1.78336
1.74879
1.71499
1.68703
1.65956
1.62942
1.59958
1.57201
1.54461
1.51951
1.50975
1.5064
1.50593
1.51538
1.54113
1.58199
1.63366
1.69099
1.75007
1.80743
1.86386
1.91572
1.96666
2.01104
2.05481
2.09271
2.12934
2.16265
2.19443
2.22295
2.2487
2.27182
2.29224
2.31019
2.3257
2.34079
2.35331
2.36417
2.37084
2.37765
2.38179
2.38501
2.38552
2.38491
2.38295
2.37976
2.37532
2.36976
2.36322
2.35589
2.3477
2.33879
2.329
2.3187
2.30744
2.29613
2.28368
2.27152
2.25817
2.24504
2.23106
2.21686
2.20235
2.18742
2.17217
2.15694
2.14083
2.12529
2.10855
2.09247
2.07534
2.05877
2.04125
2.02437
2.00649
1.98937
1.97133
1.95384
1.93597
1.91807
1.90049
1.88238
1.86499
1.84708
1.82976
1.81239
1.79534
1.7788
1.76262
1.74754
1.73354
1.72154
1.7133
2.7412
2.30117
2.29527
2.06629
1.86956
1.80103
1.77335
1.72714
1.67455
1.63334
1.60192
1.5791
1.54798
1.51739
1.4892
1.46336
1.44165
1.42768
1.42271
1.42092
1.42771
1.45137
1.49167
1.54464
1.60569
1.67003
1.73273
1.7958
1.85498
1.9118
1.96374
2.012
2.05836
2.10141
2.14186
2.17996
2.21698
2.24828
2.27968
2.30561
2.32953
2.35118
2.37152
2.38878
2.4027
2.41394
2.42329
2.43007
2.43636
2.43944
2.44095
2.44025
2.43967
2.43655
2.43362
2.42799
2.42307
2.41529
2.40872
2.39904
2.39091
2.37968
2.36998
2.35773
2.34658
2.33358
2.32131
2.30744
2.29447
2.27965
2.2661
2.25052
2.23622
2.22011
2.20499
2.18843
2.17257
2.15556
2.13913
2.12171
2.10477
2.08715
2.06961
2.05205
2.03386
2.01652
1.99784
1.98065
1.96179
1.94462
1.92595
1.90878
1.89059
1.8737
1.85627
1.84034
1.82444
1.81072
1.79778
1.78968
3.23933
2.73883
2.50928
2.3249
2.11526
1.97338
1.85636
1.76062
1.67863
1.6185
1.58184
1.55285
1.50798
1.4694
1.43686
1.40649
1.38502
1.37152
1.36454
1.3614
1.36535
1.38561
1.4251
1.48055
1.54741
1.61766
1.68945
1.75897
1.82981
1.89521
1.95663
2.01608
2.07388
2.12705
2.1773
2.22289
2.26623
2.30446
2.34093
2.37217
2.40258
2.42779
2.45293
2.47276
2.49213
2.50602
2.51982
2.5284
2.53869
2.54405
2.54893
2.54862
2.5498
2.54721
2.54552
2.54022
2.53535
2.52775
2.52012
2.51083
2.50073
2.49009
2.47792
2.46611
2.45246
2.43946
2.42472
2.41059
2.39478
2.37976
2.36293
2.3472
2.32958
2.31319
2.29499
2.27793
2.25929
2.24156
2.22255
2.20432
2.18493
2.16647
2.14667
2.12817
2.10804
2.08952
2.06925
2.05063
2.03048
2.01173
1.99194
1.97313
1.95401
1.93557
1.91738
1.89975
1.88297
1.86734
1.85344
1.84319
3.4945
3.01254
2.70895
2.49603
2.32432
2.17066
2.06292
1.93799
1.82184
1.70631
1.63032
1.57977
1.52483
1.47194
1.42837
1.3934
1.36944
1.36023
1.35279
1.33884
1.33883
1.36241
1.40497
1.46665
1.53953
1.617
1.69692
1.77542
1.8532
1.9264
1.99617
2.061
2.1218
2.17816
2.23106
2.28045
2.32666
2.36888
2.40743
2.4423
2.47388
2.50242
2.52778
2.55071
2.57002
2.58701
2.60035
2.61187
2.62128
2.63004
2.63476
2.63685
2.63638
2.63642
2.63349
2.63107
2.62528
2.62039
2.61222
2.60508
2.59521
2.5859
2.57478
2.56337
2.5512
2.53794
2.52479
2.51001
2.49589
2.47982
2.46472
2.44751
2.43151
2.41328
2.39649
2.37736
2.35979
2.33994
2.32161
2.30133
2.28223
2.26183
2.24202
2.22168
2.20134
2.1811
2.1605
2.14026
2.11973
2.09963
2.07952
2.05966
2.03999
2.0205
2.0015
1.98293
1.96516
1.94857
1.93345
1.92201
3.62506
3.20719
2.89086
2.65986
2.48903
2.33973
2.21996
2.11263
1.99994
1.89519
1.79322
1.69713
1.61639
1.54067
1.47884
1.43336
1.39962
1.38057
1.36964
1.36741
1.37482
1.40004
1.44795
1.51203
1.5873
1.67058
1.75534
1.83953
1.92177
2.00029
2.07404
2.14352
2.2079
2.26844
2.32439
2.37712
2.42523
2.46984
2.50962
2.546
2.57813
2.60726
2.63271
2.65523
2.67444
2.69025
2.70341
2.71261
2.72152
2.72784
2.73282
2.7319
2.73046
2.7267
2.72298
2.71686
2.71046
2.70177
2.69293
2.68205
2.67123
2.65865
2.6462
2.63235
2.61845
2.60365
2.58839
2.57284
2.55634
2.54011
2.52258
2.50566
2.48728
2.46967
2.45055
2.43233
2.41251
2.39382
2.37331
2.35428
2.33314
2.31387
2.29219
2.27278
2.25071
2.23117
2.2091
2.1895
2.16769
2.14793
2.12648
2.10669
2.08573
2.06621
2.046
2.02726
2.00831
1.99136
1.97503
1.9628
3.70833
3.34771
3.04944
2.81449
2.63225
2.48701
2.35835
2.25404
2.14662
2.04971
1.95341
1.86505
1.77485
1.6952
1.61845
1.5543
1.5038
1.46729
1.44811
1.44451
1.45474
1.48323
1.53467
1.60043
1.67588
1.75851
1.84503
1.93473
2.02369
2.10814
2.18727
2.2602
2.32716
2.38816
2.44419
2.49494
2.54169
2.58353
2.62182
2.65534
2.68562
2.71158
2.73469
2.75433
2.77111
2.78504
2.79574
2.80405
2.80997
2.81631
2.8188
2.81983
2.81512
2.81197
2.80495
2.79986
2.79056
2.78309
2.7716
2.76174
2.74829
2.7362
2.72115
2.7072
2.69095
2.67553
2.65834
2.64169
2.62374
2.60606
2.5875
2.56892
2.54987
2.53048
2.51092
2.49086
2.4707
2.45019
2.4294
2.40867
2.38728
2.36653
2.34461
2.32398
2.30194
2.28142
2.25928
2.23871
2.21665
2.19602
2.17418
2.15358
2.13213
2.11176
2.09092
2.07122
2.05151
2.03339
2.01615
2.00225
3.76294
3.45194
3.17607
2.94743
2.76223
2.61228
2.48414
2.37679
2.27602
2.18099
2.09032
2.00374
1.92234
1.84486
1.77792
1.71858
1.67495
1.64355
1.62717
1.62298
1.64484
1.67771
1.72269
1.77576
1.83651
1.90446
1.96576
2.04393
2.12867
2.21179
2.28926
2.35996
2.42285
2.47957
2.52995
2.5764
2.61806
2.65608
2.68995
2.72058
2.74775
2.77209
2.79333
2.81188
2.82763
2.84051
2.85095
2.85814
2.86386
2.86849
2.87174
2.87221
2.86887
2.86377
2.85795
2.85074
2.84302
2.83344
2.82359
2.81173
2.79987
2.78614
2.77253
2.75732
2.74218
2.72578
2.70933
2.69195
2.67434
2.65612
2.63747
2.6185
2.5989
2.57928
2.55875
2.53861
2.51718
2.4967
2.4745
2.45381
2.43116
2.41058
2.38782
2.36725
2.34433
2.32357
2.30066
2.27964
2.25689
2.23567
2.21325
2.19202
2.17006
2.14906
2.12773
2.10733
2.08703
2.06801
2.05003
2.03475
3.79947
3.52867
3.27583
3.05655
2.87272
2.72074
2.59216
2.48276
2.38326
2.29208
2.20494
2.12299
2.04893
1.97882
1.92362
1.8765
1.84957
1.8261
1.82205
1.84307
1.87225
1.89681
1.92385
1.95237
1.9809
2.01
2.04729
2.09709
2.15745
2.23485
2.31515
2.39228
2.46097
2.52186
2.5746
2.62233
2.66542
2.7044
2.74057
2.77216
2.80157
2.82653
2.84932
2.86851
2.88542
2.89932
2.91072
2.91926
2.92529
2.93077
2.93461
2.93696
2.93452
2.93047
2.92415
2.91755
2.90896
2.90011
2.88928
2.87811
2.86515
2.85188
2.83708
2.82212
2.80579
2.78943
2.77174
2.75405
2.73519
2.71629
2.6965
2.67665
2.6561
2.63552
2.61426
2.59313
2.57125
2.54978
2.52743
2.50606
2.48351
2.46216
2.43944
2.41797
2.39512
2.3734
2.35057
2.32855
2.30586
2.28357
2.26113
2.23871
2.21665
2.19434
2.17283
2.15102
2.13044
2.10985
2.09139
2.07419
3.82518
3.58731
3.35625
3.1485
2.96855
2.81595
2.68664
2.57555
2.4777
2.38673
2.30597
2.22739
2.16004
2.1014
2.0606
2.03365
2.01367
2.01102
2.04385
2.08753
2.10936
2.12117
2.13369
2.13318
2.11875
2.11901
2.13914
2.16701
2.20885
2.26342
2.33508
2.41832
2.49701
2.56728
2.62767
2.68003
2.7253
2.76524
2.80061
2.83193
2.85993
2.8848
2.90604
2.92492
2.94002
2.95339
2.96285
2.97096
2.97447
2.97851
2.98013
2.98187
2.97933
2.97482
2.96739
2.95969
2.94995
2.93985
2.92817
2.91591
2.90235
2.88806
2.87268
2.85656
2.83966
2.82207
2.80401
2.78529
2.76629
2.74662
2.72673
2.70623
2.68545
2.66429
2.64269
2.62109
2.5989
2.5773
2.55483
2.53333
2.51062
2.48913
2.4662
2.44463
2.42157
2.39986
2.37681
2.35498
2.33208
2.31022
2.28761
2.26585
2.2436
2.22214
2.20036
2.17947
2.15849
2.13875
2.11977
2.10307
3.84449
3.63002
3.41986
3.22422
3.05041
2.89951
2.76964
2.65799
2.55983
2.47184
2.39259
2.32218
2.26067
2.22166
2.19749
2.18069
2.18327
2.21907
2.29695
2.34093
2.34677
2.35065
2.34224
2.30173
2.25678
2.22845
2.22682
2.24113
2.26379
2.30018
2.34651
2.40665
2.48139
2.55642
2.62522
2.68558
2.73628
2.77936
2.81575
2.84774
2.87568
2.90037
2.92209
2.94108
2.95704
2.97067
2.98104
2.98942
2.99439
2.99794
3.00038
3.00231
3.00169
2.99799
2.99135
2.98382
2.97427
2.96432
2.95258
2.9405
2.92674
2.91271
2.89715
2.88142
2.86433
2.84714
2.8287
2.81021
2.79056
2.771
2.75028
2.72979
2.708
2.68675
2.66402
2.64246
2.61933
2.59779
2.57439
2.55287
2.52928
2.50769
2.48397
2.46224
2.4385
2.41659
2.39297
2.37088
2.34746
2.32526
2.30213
2.27993
2.25718
2.23519
2.21298
2.19146
2.17012
2.14962
2.13032
2.11255
3.86412
3.66665
3.4722
3.28866
3.12164
2.97337
2.84444
2.73218
2.63514
2.54893
2.4742
2.41053
2.36738
2.34594
2.33448
2.33603
2.37362
2.48034
2.56816
2.58389
2.58468
2.57314
2.52976
2.45729
2.39369
2.34958
2.32423
2.32216
2.33301
2.35038
2.38059
2.41758
2.46611
2.52998
2.60143
2.67119
2.73298
2.78537
2.82899
2.86501
2.89542
2.92117
2.94351
2.96293
2.9794
2.99347
3.00468
3.0138
3.01983
3.02354
3.02588
3.02804
3.02828
3.02628
3.02048
3.01321
3.00408
2.99403
2.98251
2.97027
2.95676
2.94262
2.92738
2.91155
2.89474
2.87734
2.85912
2.84034
2.82082
2.80079
2.78005
2.75904
2.73728
2.71561
2.6933
2.67145
2.64874
2.62677
2.60378
2.58165
2.55847
2.53616
2.5129
2.49041
2.46714
2.4445
2.42132
2.39857
2.37556
2.35276
2.32998
2.30719
2.28473
2.2621
2.24008
2.21785
2.19659
2.17529
2.15593
2.13718
3.88209
3.69879
3.51715
3.34386
3.18391
3.04007
2.91209
2.80128
2.70385
2.62172
2.55247
2.50166
2.48489
2.47362
2.47799
2.515
2.62867
2.76435
2.82168
2.82033
2.80886
2.77347
2.68627
2.60125
2.52957
2.47483
2.43634
2.41415
2.40528
2.41361
2.42448
2.44225
2.47404
2.51027
2.55933
2.62482
2.69155
2.75398
2.80796
2.85318
2.88969
2.91935
2.94381
2.96394
2.98142
2.99576
3.00797
3.01786
3.02488
3.03
3.03184
3.03402
3.0344
3.03391
3.02908
3.02256
3.01373
3.00403
2.99258
2.98048
2.96699
2.9529
2.93761
2.92165
2.90465
2.88697
2.8684
2.84924
2.82927
2.80892
2.78772
2.7664
2.74424
2.72255
2.69989
2.67803
2.65498
2.63298
2.60966
2.58755
2.56406
2.54187
2.51832
2.49605
2.47253
2.45024
2.42685
2.40458
2.38144
2.35927
2.33648
2.31448
2.29209
2.27035
2.24845
2.22714
2.20598
2.18552
2.16619
2.14812
3.90206
3.73091
3.56
3.39453
3.24054
3.10052
2.97506
2.86571
2.77169
2.69404
2.6339
2.6149
2.60606
2.61197
2.65003
2.7593
2.92672
3.03363
3.03528
3.02949
3.00278
2.9305
2.82729
2.73651
2.66151
2.60136
2.5539
2.51851
2.49367
2.48045
2.47746
2.48514
2.49588
2.51749
2.54366
2.58223
2.63788
2.70023
2.76255
2.81889
2.86665
2.90536
2.93584
2.96014
2.97952
2.99564
3.00872
3.01971
3.02829
3.03481
3.03807
3.04046
3.04149
3.04205
3.03968
3.03452
3.02657
3.01761
3.00669
2.99511
2.98194
2.96822
2.95312
2.9375
2.92064
2.90334
2.88487
2.86606
2.84608
2.82594
2.80455
2.78345
2.76124
2.73966
2.71689
2.69498
2.6718
2.64962
2.62618
2.6038
2.58024
2.55772
2.53413
2.51149
2.48794
2.46526
2.44182
2.41915
2.39594
2.37333
2.35044
2.32796
2.30548
2.28322
2.26129
2.23945
2.21835
2.19735
2.17813
2.15951
3.92274
3.76001
3.59964
3.4438
3.29555
3.15985
3.03778
2.93048
2.84229
2.77174
2.74321
2.73486
2.74134
2.77936
2.8821
3.07075
3.21222
3.24471
3.23832
3.21412
3.15204
3.05043
2.95117
2.86434
2.79037
2.7272
2.67359
2.62797
2.59114
2.56193
2.54276
2.52993
2.53298
2.53944
2.55121
2.57157
2.59858
2.64277
2.69879
2.75897
2.81588
2.86588
2.90695
2.93978
2.96507
2.98486
3.00059
3.01317
3.02321
3.03116
3.03636
3.03923
3.04065
3.04172
3.0409
3.03782
3.03099
3.02261
3.01229
3.001
2.98823
2.97458
2.95975
2.94407
2.92738
2.90988
2.89146
2.87238
2.85234
2.83189
2.81056
2.78942
2.7673
2.74573
2.723
2.70106
2.67788
2.65561
2.63216
2.60965
2.58612
2.56347
2.54
2.51731
2.49398
2.47134
2.4482
2.42568
2.40279
2.38045
2.35788
2.33575
2.31359
2.29175
2.27011
2.24874
2.22793
2.2075
2.18856
2.17069
3.95063
3.79155
3.63705
3.48914
3.34751
3.21688
3.09995
2.99954
2.91872
2.87623
2.86744
2.87395
2.90784
3.00184
3.20303
3.37143
3.43135
3.4265
3.40752
3.35787
3.25774
3.15653
3.06669
2.98605
2.91488
2.84969
2.79143
2.73838
2.69197
2.65154
2.61918
2.59319
2.57776
2.56762
2.57334
2.5794
2.59135
2.6122
2.64373
2.69323
2.74833
2.80432
2.85641
2.9011
2.9371
2.96517
2.98631
3.00258
3.01489
3.02435
3.03106
3.03584
3.03722
3.03879
3.03882
3.038
3.0334
3.0264
3.01709
3.00669
2.99446
2.98131
2.96667
2.95126
2.93457
2.91725
2.89872
2.87976
2.85949
2.83923
2.81784
2.79684
2.77467
2.75315
2.73036
2.70842
2.68521
2.66293
2.6395
2.61696
2.59343
2.5707
2.54715
2.52432
2.50087
2.4781
2.45485
2.43227
2.40934
2.38703
2.36452
2.3425
2.32048
2.29881
2.27741
2.25628
2.23582
2.21575
2.19724
2.18009
3.98396
3.83035
3.67995
3.53736
3.40159
3.2769
3.16636
3.07611
3.01816
3.00783
3.0117
3.04117
3.12761
3.3309
3.51689
3.6007
3.5977
3.58277
3.54327
3.45216
3.35173
3.25934
3.17816
3.10291
3.03361
2.96709
2.90525
2.84672
2.7934
2.74495
2.70275
2.66658
2.63784
2.61543
2.60215
2.59726
2.60275
2.60848
2.62133
2.64494
2.68191
2.73118
2.78576
2.83929
2.88771
2.9279
2.95972
2.98318
3.00075
3.013
3.0218
3.02807
3.03097
3.03278
3.03341
3.03363
3.03153
3.02624
3.01819
3.00867
2.99723
2.98463
2.97054
2.95547
2.93909
2.92195
2.90353
2.88455
2.86435
2.84418
2.8228
2.80189
2.77965
2.75817
2.7353
2.71335
2.69007
2.66771
2.64425
2.6216
2.59814
2.57534
2.55198
2.52915
2.50596
2.48322
2.46022
2.43768
2.41496
2.3927
2.37038
2.34848
2.32671
2.30527
2.28425
2.26354
2.24364
2.22432
2.2065
2.19083
4.0264
3.87146
3.72666
3.58764
3.45851
3.34165
3.24385
3.16942
3.15863
3.15936
3.18475
3.26409
3.46484
3.65949
3.76041
3.75778
3.74608
3.71187
3.6301
3.53218
3.44301
3.36236
3.28843
3.21701
3.14755
3.08005
3.01462
2.95278
2.89423
2.84032
2.79109
2.7471
2.70854
2.6757
2.64953
2.63018
2.61948
2.61967
2.62365
2.6296
2.64346
2.67105
2.7138
2.7639
2.81733
2.86803
2.91222
2.94771
2.97448
2.99385
3.00685
3.01574
3.02108
3.02373
3.02495
3.02598
3.02535
3.02283
3.01648
3.0082
2.99778
2.98594
2.97242
2.95777
2.9417
2.92481
2.90652
2.8878
2.86782
2.84791
2.82666
2.80586
2.78364
2.76216
2.73926
2.71728
2.69401
2.67164
2.64822
2.62556
2.60214
2.57928
2.55599
2.53311
2.51005
2.48732
2.46455
2.44207
2.41967
2.39753
2.37557
2.35385
2.33252
2.3114
2.29099
2.27085
2.25185
2.23361
2.21691
2.20358
4.08794
3.92178
3.77685
3.64419
3.52031
3.41712
3.33556
3.31555
3.31406
3.33708
3.41424
3.61333
3.81044
3.9159
3.91885
3.90759
3.87309
3.79153
3.69776
3.61356
3.53746
3.46647
3.39592
3.32638
3.25636
3.18827
3.12069
3.0566
2.99417
2.93654
2.88183
2.83188
2.78592
2.74492
2.70908
2.67912
2.65611
2.63927
2.63465
2.63295
2.6363
2.64406
2.65979
2.69241
2.73751
2.78941
2.84176
2.88958
2.92988
2.96082
2.9832
2.99806
3.00743
3.013
3.01439
3.01581
3.01591
3.01509
3.01099
3.00415
2.99505
2.9843
2.97173
2.95776
2.94228
2.92579
2.90785
2.88946
2.86975
2.85006
2.82898
2.80833
2.78619
2.76479
2.74191
2.71994
2.69664
2.67425
2.65083
2.62816
2.60484
2.58201
2.55891
2.53606
2.51329
2.49057
2.46817
2.44573
2.42374
2.40171
2.38025
2.35877
2.33805
2.3174
2.2978
2.27856
2.26077
2.24428
2.2293
2.21914
4.15273
3.97965
3.83274
3.70556
3.59585
3.50869
3.48114
3.47774
3.49894
3.5765
3.77831
3.97737
4.08319
4.08407
4.07149
4.03458
3.94719
3.85489
3.77227
3.70023
3.63305
3.56713
3.49933
3.43106
3.3612
3.2924
3.22374
3.1576
3.09305
3.03216
2.9733
2.9187
2.86707
2.82003
2.7771
2.73916
2.70621
2.6791
2.65813
2.64729
2.64101
2.63987
2.64367
2.65343
2.67226
2.71157
2.75758
2.80952
2.86023
2.90511
2.94118
2.96763
2.9855
2.99636
3.00179
3.00357
3.00418
3.0043
3.00232
2.99728
2.98957
2.98013
2.9686
2.95556
2.94076
2.92471
2.90721
2.88911
2.8697
2.85021
2.82935
2.80888
2.78689
2.76565
2.74286
2.72099
2.6978
2.67544
2.65222
2.6295
2.60648
2.58358
2.56084
2.53795
2.51548
2.49286
2.4707
2.44852
2.42683
2.40519
2.38418
2.36327
2.34324
2.32348
2.30502
2.28722
2.27134
2.25758
2.24495
2.23796
4.2438
4.0532
3.89904
3.77769
3.6865
3.655
3.65016
3.67093
3.75113
3.96406
4.16493
4.26698
4.26221
4.24496
4.20152
4.10479
4.01036
3.92872
3.85837
3.7938
3.7311
3.66661
3.60035
3.53203
3.46272
3.39307
3.32399
3.2561
3.19025
3.12632
3.06523
3.00692
2.95168
2.89982
2.85154
2.8068
2.76636
2.73035
2.69992
2.67534
2.65773
2.64979
2.64117
2.64237
2.64712
2.65891
2.68271
2.72506
2.77367
2.82492
2.87367
2.91476
2.94625
2.96825
2.98141
2.98827
2.98935
2.99008
2.98946
2.9869
2.98098
2.97282
2.96268
2.95071
2.93688
2.92163
2.90474
2.88717
2.86804
2.84893
2.82822
2.80802
2.78622
2.76508
2.74255
2.72064
2.69777
2.67539
2.65247
2.62988
2.60707
2.58445
2.56188
2.53934
2.51716
2.49478
2.47311
2.45104
2.42995
2.40855
2.38817
2.36788
2.34876
2.3302
2.31335
2.29765
2.28516
2.27403
2.26436
2.26237
4.30183
4.13935
3.98215
3.87045
3.83485
3.82803
3.85251
3.94142
4.17042
4.37421
4.47024
4.46129
4.4361
4.3756
4.26961
4.16912
4.08473
4.01402
3.95125
3.89056
3.8293
3.76511
3.69923
3.6307
3.5616
3.49147
3.42222
3.35328
3.28648
3.22051
3.15773
3.09593
3.03799
2.98158
2.92921
2.87903
2.83334
2.79062
2.75257
2.7188
2.69065
2.6685
2.65478
2.64473
2.63668
2.64067
2.64759
2.66171
2.69041
2.73359
2.78346
2.83395
2.88007
2.91754
2.94487
2.96181
2.97087
2.97256
2.97297
2.97228
2.96917
2.96226
2.953
2.94191
2.92913
2.91479
2.89893
2.88204
2.86372
2.84499
2.82488
2.80496
2.78352
2.76278
2.74036
2.71896
2.69606
2.67408
2.65127
2.62878
2.60646
2.58356
2.56186
2.5388
2.51771
2.49491
2.47432
2.45229
2.43225
2.4113
2.3923
2.37286
2.35558
2.33881
2.32451
2.31275
2.30296
2.29528
2.29193
2.29366
4.32336
4.23309
4.08469
4.02846
4.01689
4.04466
4.14591
4.39887
4.61018
4.69429
4.68145
4.64389
4.55801
4.44262
4.33447
4.24588
4.17339
4.11023
4.05101
3.99079
3.92899
3.86405
3.7976
3.72892
3.65963
3.58942
3.51959
3.4501
3.3818
3.31465
3.2495
3.18564
3.12488
3.06521
3.0095
2.9552
2.90502
2.85691
2.81301
2.77234
2.73616
2.70455
2.67818
2.65966
2.6455
2.63444
2.62911
2.63299
2.64179
2.65892
2.69451
2.73837
2.78882
2.83812
2.88053
2.9133
2.93507
2.94746
2.95102
2.95162
2.95068
2.94755
2.93961
2.92962
2.91778
2.90485
2.89012
2.87448
2.85686
2.8391
2.81926
2.80003
2.77873
2.75839
2.73624
2.71502
2.69254
2.67065
2.64822
2.626
2.60384
2.58162
2.55986
2.53798
2.51663
2.49536
2.47457
2.45399
2.43424
2.41468
2.39659
2.37898
2.36371
2.34991
2.33986
2.33095
2.32626
2.32496
2.32674
2.33721
4.34767
4.3166
4.24957
4.23206
4.26027
4.37512
4.65654
4.87399
4.94307
4.92693
4.87593
4.76093
4.62696
4.51068
4.4159
4.33886
4.27397
4.21322
4.15438
4.09303
4.02981
3.96389
3.89592
3.82658
3.75581
3.68523
3.61402
3.54428
3.47441
3.40678
3.3394
3.27466
3.21075
3.1497
3.09013
3.0334
2.9789
2.92726
2.87818
2.83274
2.78965
2.75143
2.71618
2.68684
2.6623
2.64588
2.63027
2.61803
2.61848
2.6226
2.63255
2.65218
2.69197
2.73787
2.78746
2.83435
2.87301
2.90113
2.918
2.92509
2.92556
2.92452
2.92137
2.91341
2.90284
2.89062
2.87671
2.86213
2.84569
2.82896
2.81017
2.79153
2.77114
2.75114
2.72986
2.70889
2.68716
2.66563
2.6437
2.622
2.60003
2.57853
2.55673
2.53578
2.51449
2.49431
2.47399
2.45479
2.43596
2.41837
2.40193
2.3873
2.37524
2.36644
2.35885
2.35738
2.35758
2.36031
2.37079
2.40508
4.37481
4.4005
4.41994
4.49416
4.68708
4.96184
5.17195
5.2161
5.1916
5.12463
4.97492
4.82409
4.69702
4.59509
4.51392
4.44381
4.38101
4.31977
4.25854
4.19561
4.1298
4.06337
3.99381
3.92488
3.85309
3.78336
3.71089
3.64165
3.5695
3.50168
3.43125
3.36564
3.29854
3.23584
3.17301
3.11393
3.05573
3.00081
2.94757
2.8974
2.84953
2.80538
2.76378
2.72657
2.69334
2.6647
2.64377
2.62413
2.60938
2.59821
2.60095
2.60659
2.61839
2.6428
2.68298
2.72977
2.77823
2.82191
2.85627
2.87869
2.89128
2.89215
2.89173
2.88914
2.88316
2.87183
2.85879
2.8446
2.82955
2.81353
2.79627
2.77808
2.75901
2.73931
2.71921
2.69862
2.6779
2.65693
2.63587
2.61494
2.59377
2.57317
2.55216
2.53215
2.51175
2.49262
2.47344
2.45573
2.43861
2.42335
2.40979
2.39961
2.39186
2.38763
2.38683
2.38758
2.39561
2.41278
2.43592
2.50309
4.37352
4.54875
4.71848
5.01186
5.33058
5.51891
5.5156
5.47885
5.38478
5.20073
5.03257
4.89224
4.78279
4.69605
4.6237
4.55813
4.49447
4.43118
4.36622
4.30051
4.23287
4.16403
4.0936
4.0228
3.95092
3.87931
3.80701
3.73548
3.66386
3.59319
3.52335
3.45428
3.38698
3.32033
3.25621
3.19295
3.13258
3.07345
3.01715
2.96291
2.91147
2.86222
2.81619
2.7724
2.73291
2.69575
2.66433
2.63734
2.61575
2.59507
2.57982
2.57331
2.57539
2.58159
2.59494
2.62494
2.66562
2.71324
2.75973
2.7992
2.82816
2.84545
2.85104
2.85079
2.8489
2.84417
2.83313
2.82029
2.80617
2.79082
2.77505
2.75777
2.74045
2.72149
2.70292
2.68291
2.66367
2.64316
2.6237
2.60325
2.58373
2.56375
2.54439
2.52518
2.50652
2.48864
2.47148
2.4558
2.44167
2.42958
2.42196
2.41568
2.41455
2.41472
2.41905
2.42897
2.45478
2.49679
2.53305
2.61887
4.24854
4.80593
5.29634
5.72421
5.90332
5.88193
5.80697
5.63985
5.43889
5.25343
5.09923
4.98165
4.88902
4.81365
4.74406
4.67752
4.61004
4.54232
4.47376
4.40433
4.33445
4.26324
4.19166
4.11934
4.0469
3.974
3.90141
3.82838
3.75613
3.68376
3.6123
3.54129
3.47157
3.40294
3.33621
3.2709
3.20754
3.1461
3.08643
3.02908
2.97332
2.92035
2.86928
2.82101
2.77548
2.73264
2.69358
2.65763
2.62702
2.60113
2.57655
2.55618
2.54015
2.53903
2.5411
2.54764
2.56232
2.597
2.63877
2.68512
2.72873
2.76396
2.7871
2.80063
2.80089
2.79993
2.79631
2.78838
2.7758
2.76131
2.74649
2.73067
2.71496
2.69756
2.68049
2.66175
2.64387
2.62458
2.60642
2.58732
2.56921
2.55073
2.53306
2.51563
2.499
2.48344
2.46903
2.45678
2.4468
2.44123
2.43849
2.43814
2.44068
2.44804
2.46776
2.4997
2.54351
2.60305
2.6505
2.73559
3.86178
5.33876
6.11868
6.29413
6.26381
6.14684
5.89307
5.67114
5.47625
5.31048
5.18457
5.08813
5.00768
4.93501
4.86451
4.79396
4.72326
4.65163
4.58015
4.50792
4.4355
4.36272
4.28936
4.21616
4.14234
4.06861
3.99451
3.92048
3.84659
3.77269
3.69967
3.62698
3.5554
3.48458
3.41496
3.34665
3.27992
3.21534
3.15226
3.0918
3.03258
2.97608
2.92109
2.8686
2.81836
2.77033
2.72528
2.68272
2.64384
2.60826
2.57852
2.551
2.52523
2.50641
2.49332
2.49315
2.49525
2.50253
2.52201
2.55814
2.60181
2.64722
2.68711
2.7175
2.73593
2.74174
2.74177
2.7403
2.7343
2.72331
2.7092
2.69562
2.68007
2.66544
2.64942
2.63366
2.61712
2.60044
2.58372
2.56679
2.55046
2.53401
2.51852
2.50344
2.48962
2.47721
2.46682
2.45974
2.45682
2.45635
2.4578
2.46321
2.47771
2.504
2.54493
2.59664
2.65505
2.72014
2.76739
2.83464
3.13212
5.80127
6.60335
6.60297
6.45785
6.14404
5.88586
5.67557
5.50922
5.37767
5.28098
5.20109
5.12719
5.05456
4.98096
4.90628
4.8312
4.75588
4.68116
4.60641
4.53201
4.45764
4.38265
4.30744
4.23166
4.15547
4.07938
4.00302
3.92745
3.85188
3.77729
3.70284
3.62931
3.55654
3.48448
3.41434
3.34447
3.27767
3.21099
3.14778
3.08506
3.02539
2.96706
2.91088
2.85703
2.80466
2.75527
2.70742
2.66284
2.62065
2.58179
2.54758
2.51549
2.48579
2.46098
2.44151
2.43468
2.43412
2.43655
2.44764
2.47296
2.51156
2.5557
2.59941
2.63516
2.6591
2.67278
2.67371
2.67365
2.67123
2.66389
2.65189
2.63829
2.62459
2.61074
2.59692
2.58291
2.56857
2.55432
2.53977
2.5258
2.512
2.49925
2.48758
2.47758
2.46982
2.46604
2.46612
2.46741
2.47182
2.4833
2.50466
2.54022
2.58754
2.6459
2.7094
2.77041
2.82626
2.86116
2.90364
2.96383
5.82069
6.43703
6.42861
6.26612
5.99795
5.78137
5.63183
5.51321
5.43049
5.35889
5.28991
5.2187
5.14526
5.06974
4.99303
4.91603
4.83895
4.76258
4.68623
4.6105
4.53456
4.45847
4.38192
4.30506
4.22755
4.15037
4.07252
3.9957
3.9183
3.84198
3.7657
3.6901
3.61552
3.54127
3.46916
3.3971
3.32804
3.25886
3.19311
3.12743
3.06488
3.00326
2.94369
2.88643
2.8301
2.77691
2.72468
2.67533
2.62794
2.58326
2.54138
2.50374
2.46869
2.43625
2.40701
2.38544
2.3685
2.36613
2.36611
2.37025
2.38379
2.41585
2.45678
2.50131
2.54013
2.57104
2.58919
2.59697
2.59801
2.59819
2.59508
2.58519
2.57425
2.56271
2.55081
2.53922
2.52754
2.51624
2.50498
2.49437
2.48443
2.47574
2.46934
2.4644
2.46579
2.4676
2.47193
2.4811
2.49853
2.52927
2.57236
2.6284
2.69111
2.75683
2.81701
2.86589
2.90312
2.92098
2.94386
2.85342
5.71574
6.12835
6.10358
5.92377
5.73672
5.62346
5.53935
5.48732
5.43945
5.38527
5.32454
5.25791
5.1874
5.11332
5.0377
4.96119
4.88487
4.80923
4.73259
4.65708
4.57986
4.50355
4.42603
4.34859
4.27094
4.19275
4.11492
4.03664
3.959
3.881
3.80418
3.72695
3.65163
3.57592
3.50277
3.4291
3.35881
3.28747
3.22042
3.15187
3.08806
3.023
2.96214
2.90129
2.84323
2.78666
2.73196
2.679
2.62858
2.57908
2.53365
2.48885
2.44981
2.41159
2.3778
2.34531
2.32061
2.3003
2.29098
2.28872
2.2885
2.29668
2.31731
2.35263
2.39606
2.43753
2.47249
2.49591
2.51105
2.51447
2.51697
2.51738
2.51343
2.50554
2.49656
2.48785
2.47918
2.47116
2.46368
2.45704
2.45236
2.44854
2.45021
2.45339
2.45829
2.46699
2.48345
2.50842
2.54862
2.60018
2.66319
2.73015
2.79642
2.85274
2.89763
2.92686
2.9464
2.95114
2.96317
2.81904
5.65295
5.90384
5.83323
5.64136
5.52526
5.4621
5.43689
5.41507
5.38696
5.34558
5.29608
5.23734
5.17456
5.10706
5.03656
4.96475
4.8893
4.81551
4.73803
4.66328
4.58526
4.50875
4.43128
4.35364
4.27726
4.1988
4.12198
4.04338
3.96584
3.88798
3.81066
3.73405
3.65808
3.58306
3.50906
3.43576
3.36422
3.29268
3.22426
3.15494
3.09
3.02388
2.96229
2.9002
2.84142
2.78351
2.7271
2.67286
2.61914
2.56813
2.51803
2.47108
2.4253
2.38459
2.34436
2.30907
2.2739
2.24655
2.22319
2.20642
2.20185
2.2008
2.20235
2.21541
2.24489
2.28553
2.32702
2.36544
2.39389
2.41348
2.4244
2.42895
2.43266
2.43444
2.43138
2.42719
2.42302
2.41877
2.41667
2.41467
2.41794
2.42174
2.4284
2.43765
2.45302
2.47481
2.51057
2.55845
2.6192
2.68649
2.75661
2.82011
2.87339
2.91175
2.93744
2.95122
2.95778
2.95887
2.96438
2.80258
5.61023
5.81685
5.70978
5.51098
5.40926
5.37216
5.35638
5.33763
5.31005
5.27195
5.22528
5.17329
5.11365
5.05193
4.98204
4.91194
4.83571
4.76145
4.68442
4.60932
4.53435
4.45875
4.38454
4.30739
4.23235
4.15437
4.07711
3.99997
3.92161
3.8466
3.76919
3.69617
3.62073
3.54919
3.47573
3.40586
3.33458
3.26703
3.19859
3.13389
3.06874
3.00707
2.94483
2.88595
2.82573
2.76905
2.7104
2.65556
2.59899
2.54636
2.49314
2.44338
2.39485
2.34897
2.30629
2.26551
2.22799
2.19186
2.16246
2.1365
2.11654
2.10912
2.10626
2.10525
2.11364
2.13545
2.17258
2.21352
2.25437
2.28646
2.31184
2.32805
2.338
2.34495
2.35015
2.35519
2.35495
2.35767
2.36025
2.36927
2.3762
2.38928
2.4055
2.42616
2.45848
2.50199
2.56048
2.62666
2.69961
2.76833
2.83022
2.87752
2.91184
2.93326
2.945
2.95026
2.95157
2.95229
2.95566
2.78919
5.5759
5.78613
5.66292
5.45273
5.34716
5.31027
5.29163
5.26742
5.23395
5.1921
5.14135
5.08691
5.02448
4.96022
4.8906
4.81998
4.74813
4.67554
4.60372
4.53015
4.45744
4.38149
4.30621
4.22766
4.15018
4.07219
3.99478
3.91923
3.84381
3.77093
3.69867
3.62767
3.55888
3.48939
3.42373
3.35626
3.29307
3.22831
3.16669
3.10476
3.0436
2.98376
2.92233
2.86328
2.80194
2.74304
2.68311
2.62489
2.56807
2.5117
2.45892
2.40579
2.35708
2.30806
2.26383
2.21953
2.18038
2.1409
2.10667
2.07549
2.0496
2.02894
2.01835
2.01535
2.01419
2.02161
2.03877
2.07453
2.11653
2.1598
2.19631
2.22745
2.24879
2.26428
2.27644
2.28555
2.2947
2.30236
2.31354
2.32361
2.34365
2.36332
2.39116
2.43124
2.48431
2.54955
2.62213
2.69649
2.76565
2.82268
2.867
2.89612
2.91583
2.92564
2.93057
2.9314
2.93127
2.93107
2.93254
2.78243
5.54758
5.7737
5.64246
5.42128
5.31278
5.27416
5.25296
5.2211
5.17821
5.12628
5.06894
5.00733
4.94374
4.87669
4.81025
4.73986
4.67089
4.5976
4.5249
4.44877
4.37235
4.29467
4.21633
4.13895
4.06143
3.98705
3.91307
3.8426
3.77264
3.70558
3.6391
3.57453
3.51064
3.44786
3.38581
3.32409
3.26308
3.20141
3.1405
3.07787
3.01633
2.95253
2.89057
2.82662
2.76541
2.70317
2.64409
2.58505
2.52926
2.47374
2.42151
2.36956
2.32046
2.27237
2.22578
2.18263
2.13935
2.10177
2.06227
2.03077
1.99886
1.97538
1.95514
1.9447
1.94466
1.94708
1.95467
1.97223
2.00753
2.05075
2.09551
2.13599
2.17089
2.19796
2.21814
2.23394
2.25005
2.263
2.28255
2.30352
2.3281
2.36134
2.40894
2.46723
2.5371
2.61154
2.68495
2.74995
2.80182
2.84034
2.86464
2.8811
2.88801
2.89228
2.89212
2.89109
2.88862
2.88693
2.88587
2.78261
5.52391
5.7661
5.63083
5.40324
5.29344
5.25899
5.23741
5.20215
5.1504
5.0904
5.02634
4.96285
4.89754
4.83172
4.7623
4.69085
4.61585
4.53919
4.46038
4.38129
4.30178
4.22367
4.14642
4.07162
3.99839
3.92799
3.85986
3.79367
3.72975
3.66645
3.60473
3.54298
3.4818
3.42031
3.35849
3.29616
3.233
3.16935
3.10495
3.04053
2.9759
2.9121
2.84885
2.78709
2.7265
2.6675
2.61002
2.55375
2.49898
2.4451
2.39271
2.34106
2.29076
2.24191
2.19423
2.14947
2.10578
2.0664
2.0279
1.99395
1.96397
1.93689
1.91791
1.90038
1.89452
1.89607
1.90144
1.90979
1.92667
1.95963
2.00352
2.05018
2.09351
2.13264
2.1643
2.1905
2.21412
2.2377
2.26535
2.2963
2.33377
2.38477
2.44503
2.51585
2.58772
2.65754
2.7152
2.76218
2.79326
2.81535
2.82778
2.8347
2.8379
2.8383
2.83595
2.83393
2.82885
2.82599
2.82183
2.79143
5.50302
5.75621
5.61848
5.3871
5.27978
5.25202
5.23396
5.19694
5.14228
5.07954
5.01409
4.94853
4.88234
4.8142
4.74313
4.66763
4.5892
4.50743
4.42514
4.34228
4.26158
4.18245
4.10701
4.03388
3.96427
3.89707
3.83222
3.76957
3.70719
3.6464
3.58409
3.52288
3.45916
3.39651
3.33094
3.26718
3.20051
3.13681
3.07058
3.00803
2.94384
2.88302
2.82159
2.76263
2.70369
2.64643
2.58946
2.53366
2.47848
2.42425
2.37097
2.31905
2.26835
2.2198
2.17276
2.12827
2.08613
2.04644
2.01032
1.97615
1.94633
1.91866
1.89591
1.87695
1.86273
1.85595
1.85882
1.86338
1.87106
1.88648
1.91607
1.95926
2.00651
2.05359
2.09715
2.13618
2.17259
2.20913
2.2465
2.29225
2.34646
2.41144
2.48128
2.5526
2.6171
2.67163
2.71175
2.74102
2.75985
2.77074
2.77764
2.78019
2.78041
2.77882
2.7749
2.77049
2.76629
2.76032
2.75663
2.80084
5.49274
5.73963
5.59945
5.37459
5.27209
5.24892
5.23424
5.19731
5.14177
5.0793
5.01568
4.95081
4.88326
4.81316
4.73976
4.66352
4.58284
4.49991
4.41419
4.32926
4.24578
4.16581
4.09022
4.01819
3.95055
3.88482
3.82202
3.75928
3.69778
3.63499
3.57261
3.50809
3.44443
3.37823
3.31409
3.2475
3.18374
3.11832
3.05557
2.99227
2.93104
2.86998
2.81054
2.75148
2.6937
2.63643
2.58012
2.52436
2.46966
2.41542
2.36272
2.3107
2.26061
2.21174
2.16513
2.12037
2.07811
2.03832
2.00115
1.96679
1.93483
1.90629
1.88032
1.85773
1.84005
1.82486
1.81927
1.8217
1.82511
1.83267
1.848
1.87793
1.92213
1.97306
2.02678
2.07984
2.1315
2.18477
2.24035
2.30327
2.37282
2.44567
2.51659
2.57928
2.62953
2.66765
2.69396
2.7114
2.72224
2.72906
2.73245
2.73248
2.73177
2.72938
2.72467
2.72026
2.71539
2.71177
2.71254
2.81002
5.48773
5.7205
5.57952
5.36428
5.26807
5.24871
5.23497
5.19852
5.1437
5.08175
5.02002
4.95671
4.88949
4.81791
4.74332
4.66619
4.58552
4.50204
4.41508
4.32865
4.24309
4.16239
4.0861
4.01486
3.94816
3.88326
3.82138
3.75813
3.69657
3.63231
3.56925
3.5036
3.43952
3.37309
3.30924
3.24285
3.18003
3.11464
3.05299
2.98955
2.92903
2.86804
2.80872
2.75014
2.69199
2.63551
2.57841
2.52364
2.46778
2.41456
2.36052
2.30935
2.25786
2.20973
2.16173
2.11757
2.07393
2.03436
1.99571
1.96102
1.92755
1.89805
1.86957
1.84637
1.82303
1.80802
1.79205
1.79046
1.79192
1.7963
1.80535
1.82345
1.85801
1.90616
1.96503
2.0305
2.10075
2.17358
2.25068
2.33085
2.41019
2.48397
2.54719
2.59695
2.6339
2.65996
2.67719
2.68871
2.69598
2.70061
2.70177
2.70213
2.70087
2.69767
2.69285
2.68894
2.6856
2.68311
2.6849
2.81707
5.48553
5.70331
5.56287
5.35735
5.26637
5.2489
5.23569
5.19929
5.1455
5.08464
5.02407
4.96175
4.89535
4.82278
4.74769
4.66947
4.5891
4.50502
4.41755
4.3302
4.2435
4.16262
4.0859
4.01553
3.94914
3.88526
3.82364
3.7606
3.69869
3.63404
3.57025
3.50449
3.43977
3.37398
3.30983
3.24441
3.18159
3.11684
3.05535
2.992
2.93166
2.87043
2.81131
2.75235
2.69448
2.63756
2.58072
2.52552
2.46976
2.4161
2.36207
2.3103
2.25887
2.21006
2.16204
2.11727
2.07342
2.03331
1.99429
1.95887
1.92513
1.89406
1.8659
1.83937
1.81706
1.79668
1.78125
1.76985
1.77189
1.77459
1.78077
1.79296
1.81693
1.86027
1.9198
1.99386
2.08033
2.17414
2.27071
2.36354
2.44632
2.51518
2.56837
2.60717
2.6348
2.65392
2.66681
2.67563
2.68153
2.68508
2.68561
2.68593
2.68401
2.68082
2.67602
2.67214
2.66901
2.6664
2.66851
2.82165
5.48483
5.69307
5.55344
5.35442
5.26621
5.24941
5.23644
5.20053
5.14728
5.08719
5.02681
4.96477
4.89894
4.82601
4.75056
4.67161
4.5912
4.50655
4.4188
4.33088
4.24387
4.16306
4.08633
4.01658
3.95035
3.88706
3.82547
3.76271
3.70059
3.63594
3.57176
3.50611
3.44098
3.37567
3.31116
3.24645
3.18334
3.11918
3.05745
2.99435
2.93385
2.87256
2.81341
2.75416
2.69649
2.63903
2.5826
2.52673
2.4714
2.41703
2.36338
2.31086
2.25984
2.2102
2.16258
2.11705
2.07346
2.03274
1.9937
1.95783
1.92383
1.89234
1.8638
1.83645
1.81399
1.79133
1.77683
1.76018
1.76137
1.7632
1.7682
1.77835
1.79828
1.83747
1.89572
1.97446
2.07157
2.17985
2.2892
2.38851
2.47056
2.53383
2.58003
2.61269
2.63586
2.6521
2.6633
2.67102
2.67633
2.67941
2.67986
2.67973
2.67779
2.67455
2.66956
2.66548
2.66223
2.65936
2.66151
)
;

boundaryField
{
    inlet
    {
        type            calculated;
        value           uniform 1.40001;
    }
    outlet
    {
        type            calculated;
        value           nonuniform List<scalar> 
40
(
1.70901
1.78519
1.83856
1.9172
1.95789
1.99725
2.02968
2.06903
2.09785
2.1073
2.13188
2.14278
2.15414
2.16527
2.17461
2.18527
2.19789
2.21333
2.23195
2.25607
2.28709
2.33006
2.3969
2.49414
2.60944
2.72613
2.82546
2.89478
2.93516
2.95447
2.95564
2.94688
2.92379
2.87728
2.81344
2.74846
2.70455
2.67702
2.6607
2.65373
)
;
    }
    top
    {
        type            symmetryPlane;
    }
    bottom
    {
        type            symmetryPlane;
    }
    obstacle
    {
        type            calculated;
        value           nonuniform List<scalar> 
110
(
5.99506
5.99586
5.9839
5.95806
5.92391
5.87528
5.80629
5.70563
5.54662
5.29156
2.22859
1.72834
2.06783
1.9725
1.84246
1.81879
1.80582
1.78336
1.74879
1.71499
1.68703
1.65956
1.62942
1.59958
1.57201
1.54461
1.51951
1.50975
1.5064
1.50593
1.51538
1.54113
1.58199
1.63366
1.69099
1.75007
1.80743
1.86386
1.91572
1.96666
2.01104
2.05481
2.09271
2.12934
2.16265
2.19443
2.22295
2.2487
2.27182
2.29224
2.31019
2.3257
2.34079
2.35331
2.36417
2.37084
2.37765
2.38179
2.38501
2.38552
2.38491
2.38295
2.37976
2.37532
2.36976
2.36322
2.35589
2.3477
2.33879
2.329
2.3187
2.30744
2.29613
2.28368
2.27152
2.25817
2.24504
2.23106
2.21686
2.20235
2.18742
2.17217
2.15694
2.14083
2.12529
2.10855
2.09247
2.07534
2.05877
2.04125
2.02437
2.00649
1.98937
1.97133
1.95384
1.93597
1.91807
1.90049
1.88238
1.86499
1.84708
1.82976
1.81239
1.79534
1.7788
1.76262
1.74754
1.73354
1.72154
1.7133
)
;
    }
    frontAndBack
    {
        type            empty;
    }
}


// ************************************************************************* //
