/*--------------------------------*- C++ -*----------------------------------*\
  =========                 |
  \\      /  F ield         | OpenFOAM: The Open Source CFD Toolbox
   \\    /   O peration     | Website:  https://openfoam.org
    \\  /    A nd           | Version:  13
     \\/     M anipulation  |
\*---------------------------------------------------------------------------*/
FoamFile
{
    format      ascii;
    class       volScalarField;
    location    "9.5";
    object      Ma;
}
// * * * * * * * * * * * * * * * * * * * * * * * * * * * * * * * * * * * * * //

dimensions      [];

internalField   nonuniform List<scalar> 
5250
(
2.99999
2.99996
2.99987
2.99969
2.99913
2.99802
2.99476
2.98772
2.96859
2.92393
2.80867
2.52923
1.91965
0.936176
0.382436
0.334876
0.34679
0.33876
0.304819
0.252139
0.203427
0.162473
0.121197
0.0756118
0.0419983
2.99999
2.99996
2.99987
2.9997
2.99913
2.99806
2.99477
2.98793
2.96879
2.92494
2.81046
2.5341
1.92895
0.947667
0.390176
0.33639
0.348438
0.340885
0.307443
0.255726
0.208221
0.168635
0.129583
0.0892566
0.0652914
2.99999
2.99996
2.99989
2.99966
2.99925
2.99788
2.99535
2.98729
2.97097
2.92454
2.81678
2.54285
1.9491
0.973485
0.40765
0.340362
0.35306
0.34703
0.315076
0.265812
0.221222
0.185074
0.151122
0.119429
0.10384
2.99999
2.99996
2.99988
2.9997
2.99919
2.99816
2.99502
2.98873
2.97019
2.92962
2.82054
2.55971
1.97959
1.01377
0.434298
0.34589
0.360189
0.356942
0.327294
0.281606
0.240937
0.20931
0.18117
0.156799
0.145943
2.99999
2.99996
2.99989
2.99971
2.99926
2.99818
2.99542
2.98901
2.97194
2.93261
2.82945
2.58003
2.0212
1.07017
0.46984
0.352483
0.369476
0.370193
0.343395
0.301961
0.265733
0.238937
0.216405
0.197928
0.190359
3
2.99997
2.99989
2.99974
2.99927
2.99837
2.99558
2.98983
2.97362
2.93683
2.84017
2.60564
2.07471
1.14493
0.514767
0.360245
0.381207
0.386955
0.363308
0.326611
0.295188
0.273533
0.256689
0.243891
0.2398
3
2.99997
2.9999
2.99976
2.99934
2.99846
2.99601
2.99047
2.97605
2.94138
2.85361
2.63641
2.1405
1.24175
0.570078
0.370475
0.396161
0.407688
0.387246
0.355487
0.329155
0.313005
0.302363
0.296105
0.297417
3
2.99997
2.99992
2.99977
2.99942
2.9986
2.9964
2.99155
2.97801
2.94804
2.86745
2.67383
2.21855
1.36486
0.636395
0.385698
0.416256
0.433272
0.415603
0.388809
0.367697
0.357652
0.354353
0.356988
0.36885
3
2.99998
2.99993
2.99979
2.99952
2.99869
2.99704
2.99201
2.98188
2.95232
2.88629
2.71185
2.30923
1.51521
0.714786
0.412731
0.445854
0.465616
0.450055
0.427613
0.411713
0.407789
0.413357
0.430359
0.464695
3
2.99998
2.99994
2.99983
2.99955
2.99895
2.99722
2.99367
2.98321
2.96111
2.90007
2.75658
2.40577
1.69623
0.806159
0.458265
0.489866
0.506531
0.492955
0.473427
0.461933
0.463644
0.482331
0.526312
0.627641
3
2.99998
2.99995
2.99984
2.99965
2.999
2.99782
2.99401
2.98646
2.9646
2.9157
2.78703
2.48209
1.83459
0.892165
0.49981
0.525072
0.54135
0.536293
0.521955
0.515398
0.524859
0.561009
0.641689
0.800687
3
2.99999
2.99995
2.99988
2.99966
2.99923
2.9979
2.99521
2.98749
2.97041
2.92506
2.81625
2.54494
1.95715
1.01446
0.565895
0.549564
0.565728
0.571402
0.566557
0.567842
0.586738
0.636603
0.733182
0.889775
3
2.99999
2.99996
2.9999
2.99971
2.99934
2.99818
2.99598
2.98897
2.97512
2.93476
2.84303
2.6061
2.08263
1.17452
0.650785
0.566427
0.584102
0.598903
0.605025
0.61577
0.643752
0.699044
0.79058
0.918069
3
2.99999
2.99997
2.99991
2.99977
2.9994
2.9986
2.99627
2.99153
2.97748
2.94761
2.86549
2.67059
2.21329
1.36888
0.752115
0.587361
0.603495
0.623508
0.639495
0.65822
0.691465
0.74624
0.826408
0.932023
3
3
2.99998
2.99993
2.99981
2.99952
2.9988
2.99712
2.99266
2.98265
2.95567
2.89311
2.73122
2.35411
1.60278
0.873236
0.627371
0.634816
0.653227
0.674019
0.696482
0.7307
0.782207
0.852724
0.94243
3.00001
3
2.99998
2.99994
2.99986
2.99961
2.99909
2.99758
2.99455
2.98546
2.96667
2.91416
2.79263
2.49164
1.86527
1.0132
0.688246
0.677842
0.691887
0.71232
0.733681
0.765595
0.812089
0.874131
0.951294
3.00001
3
2.99999
2.99996
2.99988
2.9997
2.99924
2.99814
2.99547
2.98865
2.97279
2.93159
2.83296
2.58643
2.04811
1.16797
0.757467
0.71296
0.727082
0.745996
0.767725
0.7972
0.838572
0.892359
0.958542
3.00001
3
2.99999
2.99997
2.9999
2.99978
2.99938
2.99859
2.99628
2.99131
2.97788
2.94666
2.8666
2.67109
2.22065
1.39725
0.866919
0.744461
0.753972
0.772204
0.795818
0.824293
0.861488
0.90806
0.964473
3.00001
3
3
2.99998
2.99993
2.99983
2.99952
2.99892
2.99712
2.99338
2.98291
2.95934
2.89782
2.74925
2.39383
1.68266
1.00434
0.790497
0.783456
0.797171
0.821339
0.848747
0.881573
0.921278
0.968822
3.00001
3
3
2.99999
2.99995
2.99987
2.99964
2.9992
2.99784
2.99508
2.98725
2.96991
2.92449
2.81608
2.55067
1.98307
1.17363
0.856548
0.819703
0.828581
0.848569
0.872939
0.899728
0.932873
0.971277
3.00001
3.00001
3
2.99999
2.99996
2.9999
2.99974
2.99939
2.99838
2.99633
2.9902
2.97779
2.9422
2.86225
2.65573
2.19689
1.38899
0.944272
0.852024
0.856493
0.872174
0.893716
0.916205
0.942719
0.971376
3.00001
3.00001
3
3
2.99998
2.99993
2.99981
2.99954
2.99882
2.99726
2.99283
2.98358
2.95738
2.89901
2.74583
2.39358
1.68796
1.07851
0.896191
0.88391
0.893226
0.911038
0.930538
0.949313
0.967251
3.00001
3.00001
3
3
2.99999
2.99995
2.99987
2.99966
2.99919
2.99797
2.99507
2.98803
2.97027
2.9284
2.82238
2.57087
2.02422
1.25891
0.962229
0.914969
0.916754
0.927377
0.941226
0.950273
0.957045
3.00001
3.00001
3.00001
3
2.99999
2.99996
2.99991
2.99975
2.99944
2.99849
2.99657
2.99112
2.97905
2.94762
2.87257
2.68578
2.26131
1.4992
1.05354
0.943425
0.93448
0.937848
0.943438
0.943906
0.941202
3.00001
3.00001
3.00001
3
3
2.99998
2.99994
2.99983
2.99959
2.99895
2.99759
2.99367
2.98562
2.96251
2.91224
2.779
2.47357
1.83941
1.19557
0.983632
0.951384
0.943304
0.938847
0.931692
0.922374
3.00001
3.00001
3.00001
3
3
2.99999
2.99996
2.99988
2.99973
2.99925
2.99835
2.99553
2.98996
2.9739
2.93877
2.84628
2.62915
2.14252
1.38541
1.04163
0.962337
0.938783
0.925515
0.912261
0.900288
3.00001
3.00001
3.00001
3.00001
3
2.99999
2.99997
2.99993
2.99979
2.99953
2.99872
2.99711
2.99247
2.98243
2.9557
2.8932
2.73554
2.3722
1.6727
1.14117
0.968141
0.921882
0.901716
0.887098
0.875886
3.00001
3.00001
3.00001
3.00001
3
3
2.99998
2.99995
2.99986
2.99967
2.99911
2.998
2.99475
2.9879
2.96926
2.9268
2.81818
2.56334
2.01358
1.2849
0.979599
0.893784
0.868084
0.856787
0.850256
3.00001
3.00001
3.00001
3.00001
3.00001
3
2.99999
2.99997
2.9999
2.99976
2.99937
2.99857
2.99614
2.99142
2.97717
2.94745
2.86588
2.67615
2.2371
1.47301
1.00102
0.84445
0.819207
0.817817
0.824257
3.00001
3.00001
3.00001
3.00001
3.00001
3
3
2.99998
2.99993
2.99982
2.99957
2.99887
2.99741
2.99316
2.98446
2.95954
2.90481
2.76086
2.43192
1.76954
1.04926
0.787191
0.762807
0.776858
0.802076
3.00001
3.00001
3.00001
3.00001
3.00001
3
3
2.99998
2.99995
2.99986
2.99967
2.99909
2.99799
2.9945
2.98767
2.96762
2.92349
2.80675
2.53163
1.94104
1.08226
0.711258
0.68258
0.720103
0.769182
3.00001
3.00001
3.00001
3.00001
3.00001
3.00001
3
2.99999
2.99996
2.99989
2.99971
2.99928
2.99824
2.99554
2.98939
2.97273
2.93476
2.83454
2.59314
2.05241
1.15915
0.655202
0.586469
0.645157
0.71967
3.00001
3.00001
3.00001
3.00001
3.00001
3.00001
3
2.99999
2.99996
2.99991
2.99974
2.99941
2.99842
2.99625
2.99052
2.97669
2.94216
2.85554
2.63963
2.14476
1.26783
0.631416
0.487705
0.566364
0.663801
3.00001
3.00001
3.00001
3.00001
3.00001
3.00001
3
2.99999
2.99997
2.99992
2.99978
2.99945
2.99866
2.99656
2.99183
2.97873
2.94929
2.87003
2.67769
2.22124
1.37502
0.626391
0.40369
0.502954
0.616022
3.00001
3.00001
3.00001
3.00001
3.00001
3.00001
3
2.99999
2.99998
2.99992
2.99981
2.9995
2.99878
2.99697
2.99241
2.98145
2.95325
2.88416
2.70777
2.28947
1.48062
0.640171
0.350187
0.465138
0.579874
3.00001
3.00001
3.00001
3.00001
3.00001
3.00001
3
3
2.99998
2.99993
2.99983
2.99954
2.99893
2.9971
2.99347
2.98223
2.9589
2.89271
2.73593
2.34899
1.58378
0.665565
0.322744
0.444356
0.553896
3.00001
3.00001
3.00001
3.00001
3.00001
3.00001
3
3
2.99998
2.99994
2.99984
2.99958
2.99896
2.99744
2.9935
2.98435
2.9601
2.90252
2.7534
2.39715
1.66519
0.695835
0.308817
0.430542
0.532472
3.00001
3.00001
3.00001
3.00001
3.00001
3.00001
3
3
2.99998
2.99994
2.99985
2.99959
2.99905
2.9975
2.994
2.98486
2.96274
2.90696
2.76716
2.42723
1.7169
0.728897
0.30937
0.42155
0.514203
3.00001
3.00001
3.00001
3.00001
3.00001
3.00001
3
3
2.99998
2.99995
2.99984
2.99965
2.99899
2.99779
2.99388
2.98612
2.96337
2.91213
2.77609
2.45124
1.76023
0.767842
0.322939
0.415159
0.497518
3.00001
3.00001
3.00001
3.00001
3.00001
3.00001
3
3
2.99998
2.99995
2.99986
2.99963
2.99909
2.99775
2.99433
2.98628
2.96506
2.91483
2.7845
2.47016
1.7958
0.804245
0.341478
0.410271
0.482465
3.00001
3.00001
3.00001
3.00001
3.00001
3.00001
3
3
2.99998
2.99995
2.99986
2.99965
2.99912
2.99779
2.99463
2.98626
2.96705
2.91595
2.79254
2.4848
1.82481
0.838285
0.361674
0.406376
0.470852
3.00001
3.00001
3.00001
3.00001
3.00001
3.00001
3
3
2.99999
2.99995
2.99987
2.99964
2.9992
2.99774
2.99497
2.98635
2.96827
2.91783
2.79834
2.49823
1.84918
0.870734
0.380333
0.402711
0.462911
3.00001
3.00001
3.00001
3.00001
3.00001
3.00001
3
3
2.99999
2.99995
2.99987
2.99967
2.99917
2.99788
2.99496
2.98685
2.96891
2.91991
2.80338
2.51014
1.8722
0.901699
0.395981
0.399089
0.457946
3.00001
3.00001
3.00001
3.00001
3.00001
3.00001
3
3
2.99999
2.99995
2.99988
2.99966
2.99922
2.99788
2.9951
2.98718
2.96938
2.92211
2.8074
2.52135
1.89455
0.929595
0.409261
0.396055
0.453897
3.00001
3.00001
3.00001
3.00001
3.00001
3.00001
3
3
2.99999
2.99995
2.99988
2.99966
2.99925
2.99787
2.99533
2.98718
2.97049
2.92312
2.8123
2.53086
1.91892
0.952485
0.420548
0.393513
0.450463
3.00001
3.00001
3.00001
3.00001
3.00001
3.00001
3
3
2.99999
2.99996
2.99987
2.9997
2.99916
2.99814
2.9949
2.98831
2.96942
2.9266
2.8136
2.54061
1.94077
0.970694
0.430315
0.391541
0.44765
3.00001
3.00001
3.00001
3.00001
3.00001
3.00001
3
3
2.99999
2.99996
2.99988
2.99969
2.99919
2.99812
2.99497
2.98853
2.96949
2.92807
2.81547
2.5471
1.95293
0.986393
0.438858
0.390207
0.445512
3.00001
3.00001
3.00001
3.00001
3.00001
3.00001
3
3
2.99999
2.99996
2.99988
2.99969
2.99922
2.99805
2.99529
2.98791
2.9712
2.9265
2.81966
2.54979
1.96284
0.998497
0.445716
0.389377
0.443991
3.00001
3.00001
3.00001
3.00001
3.00001
3.00001
3
3
2.99999
2.99996
2.99988
2.99968
2.99925
2.998
2.99544
2.98775
2.97178
2.92641
2.82138
2.55243
1.96909
1.0066
0.450452
0.388825
0.442876
3.00001
3.00001
3.00001
3.00001
3.00001
3.00001
3
3
2.99999
2.99996
2.99988
2.99969
2.99922
2.99811
2.99516
2.98851
2.97037
2.92886
2.81952
2.5556
1.97173
1.01067
0.452954
0.388565
0.442216
0.972671
0.766309
0.251364
0.241465
0.317609
0.396753
0.424514
0.445983
0.474511
0.502808
0.523035
0.532147
0.532731
0.529035
0.522092
0.510067
0.492998
0.471913
0.448701
0.424056
0.398627
0.372366
0.345643
0.318353
0.290719
0.2628
0.234078
0.205079
0.176314
0.14793
0.120062
0.0927115
0.0657733
0.0396671
0.0184758
0.0229052
0.0466669
0.0712698
0.0958234
0.119634
0.142747
0.164743
0.185775
0.207712
0.230142
0.251976
0.273018
0.293647
0.313726
0.333616
0.353034
0.372238
0.391078
0.409662
0.427924
0.446004
0.463675
0.481286
0.498471
0.515615
0.532339
0.548997
0.565338
0.581505
0.597481
0.61322
0.628777
0.644137
0.659253
0.674226
0.688909
0.703463
0.7177
0.731832
0.745602
0.759321
0.772634
0.785943
0.79884
0.811719
0.824239
0.836653
0.848812
0.860729
0.872494
0.883904
0.89519
0.906058
0.916725
0.926947
0.936838
0.946219
0.955082
0.963268
0.970685
0.977147
0.982494
0.986578
0.988977
0.992566
0.953928
0.830827
0.560869
0.415515
0.27813
0.142738
0.0489815
0.131815
0.201635
0.249146
0.27461
0.279855
0.273627
0.267159
0.259275
0.247723
0.230514
0.210572
0.189285
0.166553
0.143272
0.119619
0.0957927
0.0724404
0.0506299
0.0349956
0.0343322
0.0506594
0.0718185
0.0950061
0.118441
0.142029
0.165201
0.188024
0.210126
0.231287
0.252137
0.273087
0.293891
0.314326
0.334453
0.353716
0.372203
0.391008
0.410494
0.429577
0.448099
0.466038
0.483805
0.501234
0.518401
0.535345
0.551979
0.568456
0.584617
0.600638
0.616376
0.631939
0.647328
0.662454
0.677502
0.692252
0.706921
0.72134
0.735614
0.749714
0.763615
0.777391
0.79093
0.804376
0.817534
0.830638
0.843391
0.856136
0.86848
0.880853
0.892815
0.904804
0.916429
0.928021
0.939342
0.950527
0.961537
0.97231
0.982952
0.99332
1.00352
1.01344
1.02309
1.03246
1.04146
1.0501
1.05819
1.06575
1.07251
1.07845
1.08326
1.08695
1.08893
1.09214
0.968188
0.934859
0.826348
0.732991
0.624707
0.51074
0.401939
0.30605
0.226497
0.163172
0.112447
0.0741054
0.046315
0.0384811
0.0562124
0.0603921
0.0821669
0.0961858
0.11276
0.130218
0.148468
0.16749
0.187049
0.207083
0.227408
0.247636
0.267629
0.287402
0.307148
0.326821
0.346454
0.365776
0.38484
0.403537
0.421698
0.439381
0.456768
0.47405
0.491217
0.508138
0.524937
0.540999
0.55642
0.571891
0.587984
0.604283
0.619883
0.63523
0.65017
0.665082
0.679676
0.694235
0.708541
0.722712
0.736758
0.750552
0.764348
0.777835
0.791373
0.804597
0.817851
0.830813
0.84378
0.856478
0.869179
0.881628
0.894073
0.906281
0.918452
0.930408
0.942273
0.953953
0.965494
0.976866
0.988087
0.99912
1.01005
1.02072
1.03141
1.04169
1.05212
1.06202
1.07221
1.08176
1.09169
1.10096
1.11058
1.1195
1.12867
1.13708
1.14561
1.15327
1.1609
1.16751
1.17386
1.17892
1.18338
1.1862
1.18783
1.19038
0.995634
1.00872
0.97261
0.919496
0.849487
0.769476
0.687239
0.60957
0.541667
0.487729
0.445268
0.415291
0.398128
0.387892
0.390257
0.394827
0.398343
0.403113
0.410158
0.419267
0.430009
0.442022
0.454911
0.468628
0.48262
0.497072
0.511298
0.525652
0.539871
0.55416
0.568375
0.582426
0.596427
0.610033
0.62355
0.636585
0.649601
0.662421
0.675317
0.688123
0.700956
0.713295
0.725142
0.736872
0.749379
0.762245
0.774937
0.787161
0.799377
0.811273
0.823377
0.83512
0.847146
0.858749
0.870665
0.882144
0.893925
0.905295
0.916929
0.92819
0.939672
0.950822
0.962152
0.973194
0.984369
0.995297
1.0063
1.01709
1.0279
1.03853
1.04913
1.05955
1.06993
1.08012
1.09029
1.10022
1.1102
1.11985
1.12966
1.13908
1.1488
1.15807
1.16766
1.17676
1.1861
1.1949
1.20382
1.21225
1.22067
1.22861
1.23637
1.24361
1.25049
1.25672
1.26231
1.26703
1.27075
1.27315
1.27422
1.27682
1.01357
1.04994
1.05107
1.02677
0.987565
0.933736
0.875102
0.816817
0.766801
0.72594
0.696577
0.676635
0.666991
0.664136
0.667421
0.674092
0.6784
0.679406
0.680305
0.68323
0.687334
0.692398
0.698497
0.705128
0.712519
0.719986
0.727951
0.735756
0.743891
0.75191
0.760133
0.768408
0.776695
0.785146
0.793418
0.801875
0.810146
0.818743
0.827236
0.836182
0.844996
0.853946
0.862179
0.870763
0.879669
0.889591
0.899392
0.909233
0.918808
0.928513
0.93816
0.94798
0.957758
0.967705
0.977572
0.987611
0.997533
1.00762
1.01759
1.02769
1.03768
1.04775
1.05773
1.06776
1.07769
1.08766
1.09752
1.10741
1.11715
1.12696
1.13655
1.14623
1.15564
1.16514
1.17439
1.18369
1.19287
1.20207
1.21124
1.22028
1.22933
1.23813
1.24698
1.25551
1.26412
1.27236
1.28062
1.28848
1.29631
1.30366
1.31088
1.31751
1.32383
1.32941
1.3344
1.33839
1.34143
1.34295
1.34351
1.34587
1.02108
1.06871
1.08917
1.0871
1.06693
1.03322
0.990937
0.948368
0.911962
0.885327
0.869616
0.862905
0.863594
0.867542
0.871976
0.877428
0.883094
0.885921
0.884142
0.882134
0.881075
0.881278
0.882189
0.884037
0.886012
0.888545
0.891104
0.893999
0.896912
0.900124
0.903598
0.907384
0.911437
0.915818
0.920309
0.925135
0.930007
0.93532
0.940768
0.946757
0.95296
0.959334
0.965372
0.971584
0.978334
0.985934
0.993985
1.00197
1.01005
1.01803
1.0263
1.0345
1.04303
1.05148
1.06023
1.06889
1.07781
1.08665
1.09568
1.10468
1.1138
1.12296
1.13216
1.14146
1.15069
1.16009
1.16931
1.17873
1.1879
1.19728
1.20636
1.21561
1.22461
1.2337
1.24272
1.25168
1.26067
1.26937
1.27823
1.28666
1.29536
1.30352
1.312
1.31989
1.32808
1.33569
1.34348
1.35076
1.35802
1.36486
1.37144
1.37759
1.38326
1.38828
1.39262
1.39593
1.39821
1.39902
1.39923
1.40172
1.02318
1.07345
1.10383
1.11418
1.10737
1.08649
1.05658
1.02602
1.00089
0.986212
0.981422
0.985127
0.993588
1.00353
1.01181
1.01808
1.02342
1.02787
1.02814
1.02432
1.01976
1.01616
1.0137
1.01201
1.0111
1.01047
1.01011
1.00987
1.00984
1.01014
1.01073
1.01169
1.013
1.0147
1.01673
1.0192
1.02199
1.02526
1.02893
1.03309
1.03776
1.04256
1.0473
1.05208
1.05754
1.06369
1.07055
1.07742
1.08455
1.09159
1.09894
1.10628
1.11394
1.12163
1.12958
1.13756
1.14575
1.15396
1.16233
1.17072
1.17923
1.18775
1.19638
1.20501
1.21372
1.22242
1.23115
1.23986
1.24857
1.25724
1.26595
1.2746
1.28333
1.2919
1.30055
1.30894
1.31752
1.32572
1.3342
1.34222
1.35055
1.35839
1.36649
1.37412
1.38191
1.38924
1.39662
1.40351
1.41034
1.41666
1.42271
1.42822
1.43312
1.43744
1.44072
1.44318
1.44408
1.44428
1.44398
1.44628
1.02181
1.06988
1.103
1.11881
1.1189
1.10567
1.08483
1.06389
1.0494
1.045
1.04992
1.06169
1.07675
1.09219
1.10474
1.11361
1.11908
1.12375
1.12634
1.12502
1.11987
1.11429
1.10974
1.10611
1.10333
1.10091
1.0989
1.09709
1.09557
1.09424
1.09323
1.09256
1.09235
1.09254
1.09318
1.09434
1.09578
1.09779
1.10011
1.10301
1.10634
1.10984
1.11331
1.11684
1.12106
1.12592
1.13158
1.13735
1.14356
1.14968
1.15624
1.1627
1.16962
1.17646
1.18374
1.19093
1.1985
1.206
1.21382
1.22158
1.22961
1.2376
1.24581
1.254
1.26235
1.27068
1.27912
1.28752
1.29605
1.30453
1.3131
1.32152
1.33006
1.3384
1.34689
1.3551
1.36348
1.37154
1.37977
1.38765
1.39568
1.40337
1.41115
1.41863
1.42606
1.43325
1.44021
1.44696
1.45331
1.45942
1.46491
1.47003
1.4743
1.47788
1.48045
1.4817
1.48197
1.48183
1.48089
1.48292
1.01759
1.05973
1.09051
1.10692
1.10924
1.10103
1.08753
1.07614
1.07199
1.07686
1.08956
1.10728
1.12702
1.14592
1.16189
1.17349
1.18128
1.18583
1.18978
1.19149
1.18959
1.1844
1.17899
1.17409
1.16992
1.16615
1.16306
1.16013
1.15764
1.15518
1.15313
1.15122
1.14986
1.14874
1.14825
1.14804
1.14841
1.14919
1.15039
1.15215
1.15444
1.15696
1.15954
1.16224
1.16565
1.16967
1.17449
1.17951
1.18507
1.19065
1.19667
1.20267
1.20908
1.21549
1.22227
1.22908
1.2362
1.24336
1.25076
1.25823
1.26589
1.27363
1.2815
1.28948
1.29752
1.30567
1.31385
1.32212
1.33038
1.3386
1.34688
1.35505
1.36335
1.37147
1.37973
1.38777
1.39589
1.40381
1.41174
1.4195
1.42719
1.43475
1.44215
1.44945
1.45647
1.46338
1.46993
1.47627
1.48221
1.48767
1.49269
1.49691
1.50049
1.50301
1.50441
1.50469
1.50449
1.50379
1.50165
1.50306
1.01017
1.04447
1.06922
1.08263
1.08506
1.08095
1.07536
1.07379
1.07931
1.09212
1.11052
1.13213
1.15427
1.17543
1.19342
1.20791
1.21827
1.22538
1.22973
1.23334
1.23497
1.2337
1.22956
1.22479
1.2199
1.2155
1.21142
1.20799
1.2047
1.20183
1.19909
1.19674
1.19468
1.19307
1.19187
1.19117
1.19094
1.19117
1.19189
1.19309
1.19493
1.19694
1.19915
1.20142
1.20446
1.20798
1.2123
1.21681
1.22193
1.22712
1.2328
1.2385
1.24461
1.25077
1.25727
1.26385
1.2707
1.27766
1.28484
1.29212
1.2996
1.30716
1.31491
1.32268
1.33065
1.33861
1.34665
1.35469
1.36269
1.37079
1.37877
1.38691
1.39489
1.40296
1.411
1.4189
1.42693
1.43464
1.44254
1.45007
1.45771
1.46506
1.47232
1.47942
1.48618
1.49285
1.49898
1.50501
1.51034
1.51528
1.51947
1.52285
1.52537
1.52661
1.52687
1.52656
1.52567
1.52383
1.51969
1.51948
0.999065
1.02343
1.04063
1.05015
1.05315
1.05416
1.057
1.06471
1.07835
1.09688
1.11886
1.14229
1.1656
1.18729
1.20686
1.22313
1.23639
1.24612
1.2535
1.25811
1.26164
1.26377
1.26386
1.26106
1.25688
1.25254
1.24807
1.24406
1.2403
1.23703
1.23408
1.23143
1.22922
1.22725
1.22583
1.22469
1.22413
1.22393
1.22425
1.22506
1.22649
1.22807
1.22991
1.2318
1.23447
1.23753
1.24145
1.24549
1.25024
1.25506
1.26045
1.26586
1.27175
1.27764
1.28393
1.29024
1.29688
1.30358
1.31052
1.31759
1.32481
1.33223
1.3397
1.34741
1.35513
1.36292
1.37076
1.37858
1.38652
1.39436
1.40233
1.4102
1.41815
1.42603
1.43391
1.44176
1.44951
1.45726
1.46481
1.47237
1.47969
1.48695
1.49396
1.50077
1.50734
1.51352
1.51948
1.52482
1.52973
1.53387
1.53722
1.53965
1.54083
1.54104
1.54068
1.5397
1.5377
1.53401
1.52832
1.52696
0.983737
0.99763
1.00768
1.01455
1.02011
1.02742
1.0385
1.054
1.07326
1.09526
1.11893
1.14278
1.16619
1.18797
1.20813
1.22585
1.24117
1.25374
1.26395
1.27174
1.27757
1.28146
1.28422
1.28528
1.28404
1.28102
1.27761
1.2735
1.26956
1.26602
1.26285
1.26022
1.25786
1.25595
1.25434
1.25314
1.25235
1.25202
1.25214
1.25277
1.254
1.25546
1.25713
1.25888
1.26137
1.2643
1.26793
1.27177
1.27618
1.28082
1.28589
1.29119
1.29676
1.30257
1.30857
1.31476
1.32118
1.3277
1.33449
1.34136
1.34849
1.35571
1.36311
1.37062
1.37811
1.38577
1.39333
1.40108
1.40873
1.41649
1.42421
1.43195
1.43974
1.44741
1.4552
1.4628
1.47049
1.47798
1.48544
1.49276
1.49986
1.5069
1.51353
1.5201
1.52612
1.53199
1.53724
1.542
1.54606
1.54923
1.55154
1.55257
1.5527
1.55228
1.55125
1.54883
1.54491
1.53961
1.53336
1.53173
0.963112
0.968661
0.973835
0.980406
0.990311
1.00441
1.02258
1.04355
1.06648
1.09011
1.11398
1.13745
1.1601
1.18167
1.20188
1.22072
1.23765
1.25269
1.2656
1.27647
1.2852
1.29214
1.2968
1.30004
1.30189
1.30221
1.30093
1.29827
1.29507
1.2914
1.28825
1.28547
1.28315
1.28129
1.2797
1.27858
1.27773
1.27738
1.27738
1.27787
1.27894
1.28035
1.2818
1.28353
1.28574
1.28858
1.2919
1.29556
1.2997
1.30411
1.309
1.3141
1.31956
1.32525
1.33113
1.33728
1.34352
1.35001
1.35662
1.36339
1.37038
1.37744
1.38472
1.39193
1.39934
1.40672
1.4142
1.42173
1.42924
1.43688
1.44441
1.45208
1.45963
1.46726
1.47478
1.4823
1.48974
1.49703
1.50428
1.51124
1.51816
1.52467
1.53104
1.53694
1.54257
1.54773
1.55223
1.55617
1.55907
1.56123
1.56196
1.56196
1.56143
1.56009
1.5576
1.55303
1.54753
1.54186
1.53596
1.53468
0.939242
0.939396
0.943218
0.952487
0.968064
0.988184
1.01104
1.03502
1.05899
1.08278
1.10581
1.12851
1.15027
1.17159
1.1919
1.21157
1.22978
1.24675
1.2619
1.27539
1.28682
1.29649
1.30408
1.31009
1.31391
1.31656
1.31805
1.31823
1.31699
1.3146
1.31181
1.30918
1.30688
1.30506
1.3035
1.30246
1.30166
1.30132
1.30133
1.30177
1.3028
1.30416
1.30562
1.30728
1.30937
1.31207
1.31514
1.31868
1.32253
1.3268
1.33144
1.33637
1.34165
1.34714
1.3529
1.35884
1.36495
1.37129
1.37771
1.38441
1.39116
1.39811
1.40509
1.41216
1.41935
1.42652
1.43386
1.44112
1.44855
1.45588
1.46331
1.47069
1.47806
1.48545
1.49271
1.50003
1.50712
1.51426
1.52109
1.52787
1.53431
1.5405
1.54634
1.55173
1.5568
1.56105
1.56481
1.56745
1.56936
1.56985
1.56967
1.56897
1.56752
1.56437
1.55977
1.55392
1.54815
1.54298
1.53801
1.53731
0.915396
0.912647
0.917512
0.931581
0.952969
0.977625
1.00296
1.02808
1.05181
1.0748
1.09661
1.11823
1.1391
1.16
1.18017
1.20027
1.21945
1.2379
1.25483
1.27048
1.28438
1.29667
1.30712
1.31586
1.3227
1.32786
1.33129
1.33366
1.33502
1.33518
1.33409
1.33238
1.33044
1.32876
1.32725
1.32626
1.32548
1.32519
1.32521
1.32564
1.32657
1.32789
1.32939
1.33095
1.33299
1.33545
1.33843
1.34178
1.34548
1.34958
1.35399
1.35874
1.36382
1.36911
1.37474
1.38048
1.38652
1.39265
1.39901
1.40553
1.41211
1.41888
1.42559
1.43255
1.43943
1.44651
1.45355
1.46069
1.46786
1.475
1.48225
1.48934
1.49658
1.50359
1.51071
1.51761
1.52447
1.53118
1.53765
1.54399
1.54987
1.55559
1.56069
1.56558
1.56962
1.57306
1.57552
1.57707
1.57735
1.57691
1.57609
1.57423
1.57078
1.56552
1.55974
1.55385
1.54854
1.54452
1.54059
1.54066
0.892475
0.890377
0.899336
0.920253
0.946704
0.973376
0.998762
1.02292
1.04539
1.06694
1.08761
1.1082
1.12848
1.14902
1.16925
1.18961
1.20946
1.22885
1.24713
1.26444
1.28025
1.29471
1.30752
1.31875
1.3283
1.33617
1.3424
1.34707
1.35034
1.35269
1.35425
1.3545
1.35373
1.35259
1.3513
1.35035
1.34956
1.34927
1.34929
1.34971
1.35056
1.3519
1.35334
1.35491
1.35676
1.35907
1.36189
1.36506
1.36859
1.37249
1.37667
1.38126
1.38608
1.39124
1.39664
1.40224
1.40812
1.41405
1.42034
1.42656
1.43303
1.43947
1.44607
1.45273
1.45944
1.46628
1.47307
1.48004
1.48689
1.4939
1.50078
1.50775
1.51462
1.52145
1.52823
1.53481
1.54137
1.54758
1.55372
1.5594
1.56481
1.56975
1.57425
1.57814
1.58115
1.58336
1.5844
1.58449
1.58388
1.58272
1.58032
1.57644
1.57082
1.56503
1.55899
1.55407
1.54974
1.54716
1.54443
1.54519
0.869955
0.873755
0.891343
0.918367
0.946231
0.972633
0.996705
1.01912
1.03993
1.06008
1.07978
1.09961
1.11953
1.13977
1.16007
1.18052
1.20073
1.22066
1.23981
1.25824
1.27545
1.29166
1.30639
1.31989
1.33182
1.34227
1.35116
1.35844
1.36427
1.36861
1.37191
1.37419
1.37583
1.37623
1.37582
1.37514
1.37441
1.37407
1.37397
1.37432
1.37505
1.37628
1.37771
1.37923
1.38095
1.38306
1.3857
1.38862
1.39196
1.39559
1.39957
1.40391
1.40848
1.41347
1.41857
1.42408
1.42966
1.43558
1.44157
1.44767
1.45391
1.46016
1.46658
1.47298
1.47955
1.48607
1.49274
1.49938
1.50606
1.51278
1.51941
1.52612
1.53265
1.53921
1.54556
1.55182
1.55789
1.56365
1.56921
1.57421
1.57898
1.58308
1.58674
1.58933
1.59128
1.59182
1.59169
1.59093
1.5893
1.5866
1.58187
1.57626
1.57004
1.56437
1.55925
1.5555
1.55256
1.55119
1.54962
1.55095
0.852746
0.868217
0.893887
0.921979
0.948881
0.973629
0.995859
1.01648
1.03584
1.05483
1.07375
1.09297
1.11257
1.13252
1.15278
1.17315
1.19357
1.21374
1.23357
1.2527
1.27114
1.28861
1.30504
1.32038
1.33435
1.34709
1.35826
1.36809
1.3763
1.38304
1.38837
1.39271
1.39596
1.39803
1.39961
1.40003
1.3999
1.39964
1.39943
1.3996
1.40007
1.40099
1.40229
1.40373
1.40525
1.40716
1.40952
1.41221
1.41533
1.41866
1.42244
1.42645
1.43084
1.43551
1.44042
1.44569
1.45108
1.45683
1.46255
1.46853
1.47448
1.48062
1.48678
1.49301
1.49934
1.50566
1.5121
1.51847
1.52494
1.53135
1.53774
1.54413
1.55033
1.55659
1.56247
1.56841
1.57382
1.57916
1.58383
1.58828
1.59206
1.59533
1.59763
1.59909
1.59934
1.59886
1.59786
1.59599
1.59242
1.58736
1.58132
1.57525
1.56941
1.56463
1.56079
1.55838
1.55684
1.5564
1.55583
1.55775
0.842806
0.869839
0.898834
0.926685
0.951993
0.974768
0.995312
1.01455
1.03307
1.05139
1.06996
1.08885
1.10824
1.12798
1.14808
1.16834
1.18874
1.20902
1.22913
1.24872
1.2679
1.28626
1.30394
1.32057
1.3362
1.35063
1.36381
1.37571
1.38617
1.39524
1.40272
1.40897
1.4143
1.4183
1.42101
1.42282
1.42416
1.42457
1.42461
1.42464
1.42484
1.4254
1.42642
1.4277
1.429
1.43061
1.43259
1.43505
1.43788
1.44094
1.44449
1.44814
1.45237
1.45665
1.46147
1.46638
1.4717
1.47713
1.48271
1.48848
1.49427
1.50026
1.50622
1.51233
1.51843
1.52459
1.53081
1.53696
1.54324
1.54931
1.55554
1.56149
1.5675
1.57322
1.57881
1.58411
1.58903
1.59359
1.59755
1.60115
1.60394
1.60599
1.60685
1.60687
1.60614
1.60483
1.6023
1.59812
1.59253
1.58644
1.58023
1.57463
1.56983
1.56638
1.5639
1.56282
1.56237
1.56261
1.56286
1.56514
0.837413
0.871647
0.902228
0.929187
0.952754
0.973998
0.993554
1.01212
1.03043
1.04868
1.06726
1.08613
1.10543
1.12506
1.14499
1.16512
1.18537
1.20562
1.22575
1.24559
1.26516
1.28412
1.3026
1.32016
1.33703
1.35276
1.36759
1.38114
1.39348
1.40452
1.41417
1.4224
1.42932
1.43541
1.44004
1.44334
1.44553
1.44702
1.44807
1.44842
1.44853
1.44876
1.44929
1.45018
1.45118
1.45246
1.45394
1.4561
1.45845
1.4614
1.46448
1.46805
1.47187
1.47606
1.48056
1.48533
1.4904
1.49561
1.50105
1.5066
1.51228
1.5181
1.52393
1.52994
1.53586
1.54195
1.54795
1.554
1.56004
1.56595
1.57192
1.57757
1.58328
1.58852
1.59372
1.59833
1.60269
1.6063
1.60964
1.61205
1.61376
1.61418
1.61392
1.61308
1.61124
1.60809
1.6032
1.59731
1.59111
1.58487
1.57951
1.57482
1.57164
1.56934
1.56846
1.56824
1.56874
1.56937
1.57
1.5724
0.821973
0.864205
0.897016
0.923919
0.947021
0.967931
0.987744
1.00683
1.02578
1.04463
1.06365
1.08285
1.10232
1.12202
1.14194
1.16201
1.18217
1.20237
1.22254
1.24252
1.26228
1.28165
1.30058
1.31886
1.3365
1.35324
1.36922
1.38404
1.39803
1.41067
1.42219
1.43223
1.44087
1.44827
1.45471
1.45985
1.46336
1.46596
1.46747
1.46847
1.46907
1.46932
1.46947
1.46993
1.47065
1.47143
1.47254
1.47406
1.47614
1.47874
1.48161
1.48492
1.48846
1.49243
1.49665
1.50124
1.50608
1.51113
1.51643
1.52183
1.52746
1.53313
1.53892
1.54482
1.55064
1.55667
1.56246
1.56852
1.57424
1.58016
1.58569
1.59129
1.59643
1.60146
1.60592
1.61004
1.61346
1.61643
1.61865
1.6199
1.62012
1.61969
1.61857
1.61636
1.61225
1.60702
1.60085
1.59469
1.58854
1.58336
1.57891
1.57588
1.57387
1.57305
1.57312
1.5736
1.57446
1.57586
1.57703
1.5794
0.789031
0.839056
0.875428
0.904219
0.929295
0.952161
0.973969
0.99496
1.01549
1.03571
1.05576
1.07578
1.0958
1.11591
1.13611
1.15637
1.17673
1.19711
1.21751
1.23767
1.25766
1.27727
1.29653
1.31525
1.33343
1.35087
1.36763
1.38345
1.39844
1.41226
1.42508
1.43658
1.44684
1.45573
1.46349
1.47025
1.47554
1.47942
1.48201
1.48372
1.48472
1.48526
1.48563
1.48595
1.48636
1.48688
1.48763
1.48865
1.49029
1.4924
1.49502
1.49797
1.50132
1.50503
1.50904
1.51343
1.51804
1.52295
1.52807
1.53336
1.53892
1.54445
1.55033
1.55603
1.56204
1.56782
1.57378
1.57954
1.58532
1.59088
1.59634
1.6015
1.60637
1.61085
1.61477
1.61813
1.62083
1.62294
1.62381
1.6239
1.62346
1.62204
1.61904
1.61436
1.60884
1.60248
1.59634
1.59041
1.58542
1.58133
1.57839
1.57671
1.57596
1.57617
1.57668
1.57754
1.57905
1.58127
1.58293
1.58532
0.7428
0.797218
0.836952
0.869389
0.898297
0.925144
0.950449
0.974535
0.997616
1.01993
1.0417
1.06306
1.08416
1.10505
1.12584
1.14655
1.1672
1.18786
1.20844
1.22885
1.24896
1.26882
1.28826
1.30733
1.32583
1.34379
1.36107
1.37759
1.39333
1.40811
1.42195
1.43464
1.44621
1.45643
1.46535
1.47314
1.48007
1.48548
1.4896
1.49261
1.49461
1.49582
1.49653
1.4969
1.49715
1.49745
1.4979
1.49858
1.49965
1.50128
1.50339
1.50601
1.50907
1.51249
1.51635
1.52049
1.52493
1.52971
1.53466
1.54
1.54536
1.5511
1.55679
1.56272
1.56859
1.57449
1.58035
1.5861
1.59174
1.59716
1.60237
1.60721
1.61168
1.61551
1.61883
1.62135
1.62329
1.62405
1.62418
1.62364
1.62176
1.61817
1.61313
1.60732
1.60112
1.595
1.58943
1.58453
1.58089
1.5781
1.57675
1.5762
1.57652
1.57706
1.57803
1.57962
1.58185
1.58447
1.58643
1.58891
0.69422
0.747486
0.788576
0.824253
0.857241
0.888112
0.9172
0.944595
0.970617
0.995418
1.01927
1.04233
1.06478
1.08675
1.10837
1.12971
1.15088
1.1719
1.19284
1.21364
1.23411
1.25422
1.27394
1.29322
1.31203
1.33028
1.34799
1.36499
1.38134
1.3968
1.41148
1.4251
1.43775
1.44926
1.45958
1.46864
1.47668
1.48383
1.48951
1.49387
1.49705
1.49925
1.50062
1.50142
1.50181
1.50208
1.50237
1.5028
1.5035
1.50463
1.50626
1.50848
1.51115
1.51434
1.51791
1.52184
1.52617
1.53075
1.53572
1.54087
1.54635
1.55197
1.55778
1.56369
1.56963
1.5756
1.58148
1.58729
1.59284
1.59824
1.60316
1.60776
1.61164
1.61487
1.61743
1.61912
1.61995
1.62019
1.61946
1.61688
1.61274
1.60765
1.60168
1.59577
1.5897
1.58463
1.57997
1.57672
1.57424
1.57308
1.57278
1.57324
1.57387
1.57492
1.57667
1.57899
1.5816
1.58443
1.58657
1.58912
0.650171
0.698304
0.738525
0.775896
0.811319
0.84487
0.876463
0.906266
0.934448
0.961217
0.986832
1.01146
1.03537
1.0586
1.08139
1.1037
1.12578
1.14749
1.16905
1.19036
1.21125
1.23166
1.25166
1.27125
1.29037
1.30904
1.32716
1.3447
1.36158
1.37773
1.39315
1.40768
1.42138
1.43402
1.44568
1.45617
1.46549
1.47393
1.48131
1.4874
1.49213
1.49576
1.49825
1.4999
1.50086
1.50137
1.50171
1.50198
1.50244
1.50316
1.50428
1.50596
1.50814
1.51092
1.51413
1.5178
1.5219
1.5263
1.53114
1.53617
1.54159
1.54716
1.55296
1.55886
1.5648
1.57076
1.5766
1.58234
1.58774
1.59292
1.59747
1.60162
1.60481
1.60745
1.60925
1.61038
1.61059
1.60933
1.60641
1.60193
1.59698
1.59099
1.58542
1.57963
1.57488
1.57066
1.56772
1.56562
1.5647
1.56472
1.56526
1.56603
1.56718
1.56902
1.57145
1.57414
1.57703
1.58004
1.58235
1.58495
0.613677
0.654257
0.691411
0.728092
0.76387
0.798019
0.830615
0.86147
0.890913
0.918992
0.945986
0.972006
0.997206
1.02169
1.0455
1.0688
1.09156
1.11398
1.13597
1.15769
1.17912
1.2001
1.22064
1.24074
1.26039
1.27959
1.29823
1.31639
1.33389
1.35086
1.36711
1.38262
1.39738
1.41116
1.42412
1.43597
1.44684
1.45653
1.46544
1.47312
1.47952
1.48458
1.4885
1.49127
1.49317
1.49433
1.49501
1.49547
1.4958
1.49632
1.49708
1.49824
1.4999
1.50221
1.50497
1.50829
1.51213
1.51629
1.52106
1.52592
1.53141
1.53686
1.54278
1.54859
1.55463
1.56048
1.56631
1.57183
1.577
1.58176
1.58578
1.58921
1.59169
1.59376
1.5949
1.59488
1.59304
1.59001
1.5854
1.58049
1.5747
1.56934
1.56393
1.55953
1.55571
1.55305
1.55139
1.5506
1.55092
1.55165
1.55248
1.55375
1.55557
1.55803
1.56074
1.56371
1.56676
1.57001
1.57244
1.57519
0.583516
0.618251
0.651681
0.685693
0.719354
0.752267
0.784007
0.814844
0.844384
0.873059
0.900596
0.927321
0.953117
0.978234
1.00264
1.02653
1.04992
1.07291
1.09556
1.11775
1.13988
1.16131
1.18254
1.20312
1.22346
1.24331
1.26275
1.28177
1.30021
1.31813
1.33536
1.3519
1.36771
1.38269
1.39684
1.41012
1.42232
1.4336
1.44366
1.45297
1.46094
1.46775
1.47324
1.47762
1.4809
1.48318
1.48476
1.48566
1.48627
1.48675
1.4872
1.48793
1.48899
1.49055
1.49257
1.49536
1.49848
1.50239
1.5065
1.51132
1.51634
1.52183
1.52752
1.53334
1.53928
1.54501
1.55068
1.55585
1.5607
1.56473
1.56828
1.57085
1.57316
1.57401
1.5735
1.57133
1.56819
1.56361
1.55877
1.55323
1.54806
1.54307
1.53887
1.53557
1.53305
1.53175
1.53111
1.53163
1.53246
1.53353
1.53483
1.53686
1.53931
1.54212
1.54513
1.54831
1.55161
1.55499
1.55758
1.56037
0.560829
0.592713
0.622379
0.652234
0.682258
0.71239
0.742135
0.771449
0.800101
0.827893
0.855118
0.88139
0.907212
0.932268
0.956944
0.981013
1.00479
1.02802
1.05108
1.07364
1.09619
1.11831
1.14023
1.16177
1.18296
1.20383
1.22417
1.24408
1.26344
1.28213
1.30035
1.31775
1.33465
1.35072
1.36613
1.38065
1.39435
1.40706
1.4188
1.42956
1.43953
1.44816
1.45574
1.4619
1.46696
1.47063
1.47338
1.47505
1.47607
1.47666
1.4769
1.47706
1.47766
1.47862
1.48007
1.4822
1.48507
1.48856
1.49257
1.49702
1.50178
1.50689
1.51207
1.51746
1.52264
1.52784
1.53254
1.53698
1.54068
1.54384
1.54649
1.5482
1.54847
1.54741
1.54489
1.54133
1.53665
1.53166
1.52608
1.5209
1.51599
1.51186
1.50872
1.50636
1.50517
1.50469
1.50532
1.50637
1.50742
1.50893
1.51075
1.5134
1.51591
1.5191
1.52203
1.52553
1.52874
1.5324
1.53492
1.53795
0.545191
0.577368
0.603813
0.629291
0.655346
0.682054
0.708969
0.735706
0.76226
0.788296
0.814
0.839326
0.864122
0.888751
0.912811
0.936793
0.960324
0.983828
1.00702
1.0302
1.05314
1.07607
1.09867
1.12101
1.1429
1.16446
1.18547
1.20612
1.22625
1.24584
1.26506
1.28354
1.30163
1.31894
1.33564
1.35159
1.3667
1.38101
1.39435
1.4067
1.41815
1.42854
1.43763
1.44548
1.4519
1.45706
1.46096
1.46369
1.46539
1.46651
1.4673
1.46791
1.46863
1.46953
1.47099
1.47277
1.47531
1.47813
1.4817
1.48543
1.48962
1.49384
1.49813
1.50246
1.50637
1.51027
1.51348
1.51643
1.51888
1.52054
1.52111
1.52067
1.51868
1.51553
1.51134
1.50634
1.50096
1.49522
1.49008
1.4851
1.48125
1.47811
1.47591
1.47482
1.47416
1.47474
1.47565
1.47661
1.47777
1.47944
1.48147
1.48412
1.48668
1.48991
1.49287
1.49664
1.49987
1.50395
1.50652
1.51005
0.535924
0.569339
0.593387
0.615276
0.637937
0.661472
0.68541
0.70945
0.733423
0.757269
0.780942
0.804509
0.827921
0.851302
0.874701
0.898071
0.921598
0.945007
0.968572
0.991928
1.01529
1.0385
1.06149
1.0843
1.10665
1.12887
1.15053
1.17203
1.19301
1.21357
1.23376
1.25324
1.27233
1.2907
1.3084
1.3255
1.34173
1.35725
1.37186
1.3855
1.39815
1.40983
1.42035
1.42958
1.43763
1.44432
1.4497
1.45403
1.45754
1.46017
1.46202
1.46335
1.46431
1.4653
1.4664
1.46786
1.46949
1.47152
1.47366
1.47641
1.4791
1.48209
1.48494
1.48764
1.49017
1.49248
1.49455
1.49563
1.49606
1.49579
1.49428
1.49154
1.48751
1.48283
1.4773
1.47145
1.46563
1.46004
1.45503
1.45101
1.44746
1.44531
1.44351
1.44271
1.44268
1.44316
1.44381
1.44475
1.44603
1.44782
1.4502
1.45294
1.45593
1.45948
1.46283
1.46717
1.47078
1.47562
1.47857
1.48295
0.529946
0.56472
0.587055
0.606638
0.626791
0.648127
0.669805
0.691668
0.713478
0.735153
0.756898
0.778733
0.800773
0.823151
0.845809
0.868769
0.891977
0.915288
0.938674
0.962118
0.985417
1.00884
1.03203
1.0552
1.07809
1.10074
1.12311
1.14509
1.16672
1.18783
1.20854
1.22867
1.24828
1.26739
1.28577
1.30373
1.32077
1.33726
1.35281
1.36746
1.38118
1.39387
1.40569
1.4164
1.42596
1.43455
1.44209
1.44856
1.45378
1.45788
1.46095
1.46313
1.46444
1.46523
1.46595
1.46657
1.46714
1.46776
1.46874
1.46988
1.47139
1.4729
1.47449
1.47579
1.47684
1.47746
1.47757
1.47696
1.47535
1.47285
1.46914
1.46442
1.4588
1.45244
1.44597
1.43933
1.43321
1.4277
1.42284
1.41903
1.4161
1.41373
1.41269
1.41167
1.41204
1.41268
1.41348
1.41457
1.41638
1.41863
1.42168
1.42467
1.42856
1.43228
1.43669
1.44101
1.44547
1.45009
1.45329
1.45738
0.52505
0.560527
0.58201
0.600201
0.619047
0.639011
0.659495
0.679907
0.700274
0.720562
0.741077
0.761953
0.783276
0.805082
0.827326
0.849894
0.872787
0.895793
0.919001
0.942263
0.96557
0.988945
1.01229
1.03549
1.05857
1.08128
1.10378
1.12582
1.14756
1.16884
1.18972
1.21025
1.23018
1.24985
1.26872
1.28725
1.30489
1.32194
1.33815
1.35351
1.36818
1.38187
1.39492
1.40715
1.41848
1.42904
1.43838
1.44657
1.45346
1.45908
1.4633
1.46633
1.46803
1.46884
1.46939
1.4696
1.46956
1.46932
1.46901
1.46894
1.46898
1.46906
1.46902
1.46879
1.46798
1.46673
1.46457
1.46181
1.45792
1.45297
1.44699
1.44027
1.43288
1.42537
1.41779
1.41084
1.40443
1.39899
1.39456
1.39087
1.38836
1.3866
1.38546
1.3854
1.38599
1.38678
1.38798
1.38951
1.39204
1.39454
1.3981
1.40125
1.40535
1.40899
1.41334
1.4173
1.4216
1.42555
1.42859
1.43188
0.520383
0.555974
0.577021
0.594493
0.612704
0.632089
0.651964
0.671807
0.691602
0.711498
0.731731
0.752405
0.773655
0.79529
0.817436
0.839784
0.862475
0.885277
0.908233
0.931338
0.954413
0.977578
1.00065
1.02357
1.04633
1.06875
1.09095
1.1128
1.13443
1.15568
1.17672
1.19731
1.21759
1.23734
1.25661
1.27523
1.29333
1.31064
1.32751
1.34352
1.35919
1.37393
1.3883
1.40188
1.41477
1.42673
1.43756
1.4473
1.45568
1.46273
1.46826
1.47245
1.47509
1.47638
1.47697
1.47716
1.47691
1.47605
1.47459
1.47325
1.47153
1.46996
1.46797
1.46585
1.46295
1.45939
1.45506
1.4498
1.44357
1.43624
1.42823
1.41968
1.41105
1.40252
1.39466
1.38744
1.38126
1.37614
1.37191
1.36891
1.36667
1.36525
1.36488
1.36514
1.36594
1.3668
1.36831
1.37008
1.37282
1.37537
1.37872
1.38161
1.38545
1.38864
1.39277
1.39625
1.40035
1.40399
1.40684
1.40994
0.51598
0.551208
0.571724
0.58874
0.606631
0.625833
0.645666
0.665607
0.68563
0.705895
0.726534
0.747571
0.769059
0.790833
0.812923
0.835234
0.857719
0.880408
0.903091
0.925936
0.948658
0.971372
0.993946
1.01635
1.03854
1.0606
1.08235
1.10409
1.12543
1.14676
1.16768
1.18837
1.20864
1.22844
1.24785
1.26659
1.28507
1.30273
1.32028
1.33697
1.35356
1.36931
1.38476
1.39948
1.41346
1.42663
1.43874
1.44983
1.45956
1.46806
1.47495
1.48043
1.48425
1.48626
1.48709
1.48736
1.48715
1.4859
1.48348
1.48085
1.47758
1.47416
1.47024
1.46578
1.46076
1.45477
1.44815
1.44035
1.43189
1.42257
1.41296
1.40324
1.39386
1.38507
1.3772
1.37023
1.3645
1.35968
1.35608
1.35339
1.35149
1.35063
1.35041
1.35077
1.35161
1.35263
1.35414
1.35594
1.35839
1.36087
1.36381
1.36669
1.37014
1.37321
1.37718
1.38045
1.38458
1.38794
1.39087
1.39387
0.511925
0.546393
0.566207
0.582725
0.600434
0.619683
0.639855
0.660412
0.681169
0.702212
0.723464
0.745004
0.766724
0.788724
0.81079
0.833129
0.855455
0.877995
0.900412
0.922888
0.945202
0.967375
0.989446
1.01134
1.0331
1.05482
1.07627
1.09784
1.11899
1.14023
1.16095
1.18161
1.20171
1.22161
1.24101
1.26007
1.27881
1.29706
1.31518
1.33267
1.35002
1.36671
1.38299
1.39865
1.41349
1.42775
1.4408
1.45313
1.46396
1.47379
1.48195
1.48868
1.49373
1.49672
1.4981
1.49846
1.49829
1.49695
1.49399
1.4902
1.48535
1.48007
1.47406
1.4673
1.45993
1.45154
1.4426
1.43259
1.42222
1.41143
1.4008
1.39052
1.38097
1.37239
1.36483
1.35845
1.35316
1.3489
1.34576
1.34333
1.34188
1.34118
1.34107
1.34152
1.3424
1.34335
1.34478
1.34659
1.3489
1.35128
1.3541
1.35695
1.36021
1.36342
1.36716
1.3705
1.37463
1.37776
1.38084
1.38354
0.508318
0.541701
0.560553
0.576397
0.59397
0.613571
0.634387
0.655772
0.677356
0.699085
0.720918
0.742871
0.764845
0.787035
0.809177
0.831542
0.853797
0.876158
0.898347
0.920448
0.942441
0.964182
0.985945
1.00746
1.02898
1.05038
1.07164
1.09285
1.11383
1.13468
1.15526
1.17569
1.19571
1.21572
1.23521
1.25475
1.27379
1.29279
1.31136
1.32969
1.34761
1.3651
1.38201
1.39843
1.41396
1.42908
1.44287
1.45622
1.46798
1.47891
1.48824
1.49609
1.50235
1.50645
1.50851
1.50906
1.50901
1.50779
1.50458
1.49987
1.49349
1.48643
1.47814
1.46912
1.45925
1.44855
1.43734
1.42549
1.41368
1.40195
1.39084
1.38055
1.37126
1.36321
1.3562
1.35051
1.34573
1.3421
1.33934
1.33732
1.33622
1.33561
1.33564
1.33624
1.33706
1.33798
1.33937
1.34124
1.34348
1.34592
1.34872
1.35159
1.35486
1.35809
1.36174
1.36524
1.36912
1.37221
1.37532
1.37764
0.505179
0.53719
0.554864
0.570114
0.587712
0.607792
0.629264
0.651322
0.673626
0.695864
0.718289
0.740575
0.762981
0.785322
0.807662
0.829947
0.852169
0.874296
0.896356
0.918198
0.940072
0.961598
0.983219
1.00449
1.02579
1.0468
1.06779
1.08848
1.10921
1.12957
1.15005
1.17023
1.19038
1.21049
1.23031
1.25027
1.26977
1.28936
1.30841
1.32739
1.34575
1.36387
1.38121
1.39829
1.41428
1.43008
1.44448
1.45857
1.47117
1.48289
1.49331
1.50206
1.5094
1.51463
1.51733
1.51823
1.51836
1.5174
1.51423
1.50875
1.50105
1.49215
1.48168
1.4704
1.45812
1.44529
1.43214
1.41888
1.40609
1.39395
1.3828
1.37283
1.36405
1.35658
1.35027
1.34516
1.341
1.33789
1.33545
1.33386
1.33292
1.33247
1.33268
1.33336
1.33419
1.33515
1.33659
1.33851
1.34077
1.34329
1.3461
1.34905
1.35231
1.35559
1.35927
1.3628
1.36649
1.36968
1.37257
1.37464
0.502442
0.533172
0.549753
0.564592
0.58228
0.602782
0.624686
0.647245
0.67009
0.692905
0.715889
0.738583
0.761349
0.783763
0.806276
0.828479
0.850721
0.872692
0.894684
0.916371
0.938165
0.959592
0.981074
1.00221
1.02322
1.04393
1.06451
1.08478
1.10515
1.12516
1.14548
1.16553
1.18583
1.20606
1.22627
1.24655
1.2665
1.28655
1.30599
1.32546
1.34415
1.36273
1.38041
1.39794
1.4143
1.43062
1.4455
1.46014
1.47343
1.48575
1.49702
1.50648
1.51476
1.52082
1.52433
1.5256
1.52584
1.52498
1.52192
1.51598
1.50721
1.49668
1.4843
1.47091
1.4565
1.44178
1.42708
1.41284
1.39952
1.3873
1.37639
1.36687
1.35871
1.35183
1.3462
1.3416
1.33796
1.33521
1.33312
1.33182
1.33098
1.33065
1.33098
1.33174
1.33258
1.33362
1.3351
1.33706
1.33937
1.34198
1.34487
1.34792
1.35122
1.3546
1.3583
1.36179
1.36541
1.3686
1.37119
1.37314
0.500328
0.530095
0.545976
0.560548
0.578314
0.599037
0.621274
0.644294
0.6676
0.690942
0.714271
0.737296
0.760196
0.782644
0.80519
0.827368
0.84968
0.871638
0.8936
0.915189
0.936839
0.958159
0.979461
1.00047
1.02123
1.04168
1.06193
1.08184
1.10193
1.1217
1.14193
1.16196
1.18239
1.20276
1.22328
1.24379
1.26409
1.28442
1.30416
1.32393
1.34286
1.36174
1.37964
1.39747
1.41409
1.43074
1.44598
1.46098
1.47478
1.48751
1.4994
1.50937
1.51832
1.52494
1.52909
1.53068
1.53096
1.53016
1.52715
1.52092
1.51148
1.49975
1.48592
1.47085
1.45485
1.43879
1.42309
1.40823
1.3947
1.38249
1.37191
1.36272
1.35508
1.3486
1.34344
1.33919
1.33595
1.33343
1.33163
1.33044
1.32971
1.32954
1.32989
1.33074
1.33162
1.33271
1.33425
1.33625
1.33862
1.34129
1.34424
1.34735
1.35069
1.35415
1.35783
1.36132
1.36493
1.36804
1.37045
1.37233
0.499091
0.528262
0.543788
0.558244
0.576025
0.596898
0.61941
0.64277
0.666398
0.690044
0.713531
0.736723
0.759672
0.782146
0.804668
0.826827
0.849173
0.871143
0.893098
0.914616
0.936134
0.957341
0.978498
0.999412
1.02001
1.04032
1.06037
1.08008
1.1
1.11963
1.1398
1.15982
1.18034
1.20081
1.22149
1.24213
1.26262
1.28308
1.303
1.32292
1.342
1.36105
1.37909
1.39711
1.4139
1.43072
1.44618
1.46135
1.47545
1.48838
1.50059
1.51082
1.5201
1.52701
1.53151
1.53329
1.53359
1.5328
1.52979
1.5234
1.51356
1.50119
1.48657
1.4706
1.45377
1.43701
1.42083
1.40571
1.39212
1.37998
1.36957
1.36059
1.35314
1.34688
1.34191
1.33782
1.33475
1.33233
1.33068
1.32955
1.32889
1.32882
1.32917
1.33009
1.33102
1.33216
1.33374
1.33579
1.3382
1.34091
1.34388
1.34703
1.35038
1.35386
1.35754
1.36104
1.36463
1.3677
1.37005
1.3719
)
;

boundaryField
{
    inlet
    {
        type            calculated;
        value           uniform 3.00001;
    }
    outlet
    {
        type            calculated;
        value           nonuniform List<scalar> 
40
(
0.992566
1.09214
1.19038
1.27682
1.34587
1.40172
1.44628
1.48292
1.50306
1.51948
1.52696
1.53173
1.53468
1.53731
1.54066
1.54519
1.55095
1.55775
1.56514
1.5724
1.5794
1.58532
1.58891
1.58912
1.58495
1.57519
1.56037
1.53795
1.51005
1.48295
1.45738
1.43188
1.40994
1.39387
1.38354
1.37764
1.37464
1.37314
1.37233
1.3719
)
;
    }
    top
    {
        type            symmetryPlane;
    }
    bottom
    {
        type            symmetryPlane;
    }
    obstacle
    {
        type            calculated;
        value           nonuniform List<scalar> 
110
(
0.0278922
0.0583009
0.0996492
0.14275
0.18754
0.237015
0.294317
0.364856
0.458496
0.616334
0.724447
0.622423
0.0342589
0.241271
0.317541
0.396507
0.424452
0.445948
0.474402
0.502725
0.523012
0.532145
0.53273
0.529028
0.522083
0.510056
0.492982
0.471889
0.448671
0.424021
0.398585
0.372318
0.345585
0.318284
0.290635
0.262695
0.233929
0.204874
0.176041
0.147567
0.119556
0.0919742
0.0646236
0.037535
0.011757
0.0179242
0.0447234
0.0701421
0.0950353
0.119038
0.142285
0.164375
0.185467
0.207436
0.229888
0.251757
0.272833
0.293487
0.313586
0.333493
0.352925
0.372141
0.390992
0.409585
0.427856
0.445944
0.463621
0.481238
0.498428
0.515577
0.532305
0.548966
0.565311
0.58148
0.597459
0.6132
0.62876
0.644122
0.65924
0.674214
0.688898
0.703453
0.717692
0.731825
0.745596
0.759315
0.77263
0.785939
0.798836
0.811716
0.824237
0.83665
0.84881
0.860728
0.872493
0.883903
0.895189
0.906058
0.916724
0.926946
0.936838
0.946219
0.955082
0.963268
0.970685
0.977146
0.982493
0.986578
0.988977
0.992565
)
;
    }
    frontAndBack
    {
        type            empty;
    }
}


// ************************************************************************* //
