/*--------------------------------*- C++ -*----------------------------------*\
  =========                 |
  \\      /  F ield         | OpenFOAM: The Open Source CFD Toolbox
   \\    /   O peration     | Website:  https://openfoam.org
    \\  /    A nd           | Version:  13
     \\/     M anipulation  |
\*---------------------------------------------------------------------------*/
FoamFile
{
    format      ascii;
    class       volScalarField;
    location    "9.5";
    object      rho;
}
// * * * * * * * * * * * * * * * * * * * * * * * * * * * * * * * * * * * * * //

dimensions      [1 -3 0 0 0 0 0];

internalField   nonuniform List<scalar> 
5250
(
1.40001
1.40003
1.40008
1.40022
1.40048
1.40137
1.40291
1.40818
1.41789
1.44673
1.50524
1.64301
1.92128
2.65158
5.40586
5.73314
5.67749
5.66647
5.68952
5.77171
5.85498
5.90796
5.94874
5.98159
6.00871
1.40001
1.40003
1.40008
1.40022
1.40048
1.40134
1.4029
1.40806
1.41773
1.4462
1.50426
1.64065
1.91684
2.6359
5.36853
5.73103
5.67593
5.66379
5.68694
5.76923
5.85253
5.90587
5.94758
5.98132
6.00951
1.40001
1.40003
1.40008
1.4002
1.40051
1.4012
1.40314
1.4072
1.41867
1.4432
1.50449
1.63382
1.90913
2.60248
5.28543
5.72645
5.6714
5.6546
5.67698
5.7575
5.84009
5.89263
5.93428
5.96745
5.99559
1.40001
1.40003
1.40008
1.40019
1.4005
1.40118
1.40295
1.40719
1.41756
1.4425
1.50039
1.62736
1.89419
2.55451
5.15415
5.72173
5.66545
5.63886
5.65934
5.73671
5.81691
5.86856
5.90944
5.94247
5.97107
1.40001
1.40003
1.40008
1.40017
1.4005
1.40105
1.40296
1.40649
1.41743
1.43945
1.49726
1.61657
1.8756
2.49158
4.97125
5.71925
5.65913
5.61714
5.63525
5.70773
5.78518
5.83395
5.87312
5.90463
5.93456
1.40001
1.40003
1.40007
1.40018
1.40041
1.40113
1.40246
1.4068
1.415
1.43923
1.48885
1.6072
1.84876
2.4172
4.73006
5.72341
5.65433
5.58941
5.60378
5.67004
5.74345
5.78819
5.82391
5.85433
5.88531
1.40001
1.40003
1.40006
1.40017
1.40037
1.40105
1.40225
1.40629
1.41377
1.43632
1.48194
1.5928
1.8181
2.33121
4.42487
5.73694
5.65336
5.55696
5.56704
5.62329
5.69168
5.72946
5.75786
5.78194
5.81389
1.40001
1.40002
1.40006
1.40013
1.40038
1.40083
1.40228
1.40513
1.41346
1.43108
1.47651
1.57313
1.7841
2.2359
4.05058
5.76411
5.65882
5.5208
5.52493
5.56817
5.62617
5.65507
5.67225
5.68421
5.71145
1.40001
1.40002
1.40005
1.40013
1.40031
1.4008
1.4019
1.40472
1.41152
1.42797
1.46694
1.55508
1.74326
2.13862
3.61973
5.79858
5.67302
5.48751
5.48169
5.50767
5.55024
5.56126
5.5594
5.5457
5.55094
1.40001
1.40002
1.40005
1.40011
1.40029
1.40065
1.4017
1.40398
1.4101
1.42393
1.45834
1.53454
1.70167
2.04516
3.13782
5.80297
5.68133
5.46544
5.43726
5.44286
5.46205
5.45203
5.42117
5.35229
5.29755
1.40001
1.40002
1.40004
1.4001
1.40025
1.40057
1.4015
1.40338
1.409
1.42032
1.45158
1.51714
1.66677
1.97079
2.82969
5.62728
5.60508
5.4486
5.38019
5.3717
5.36041
5.32708
5.23723
5.02783
4.43379
1.40001
1.40002
1.40003
1.40009
1.4002
1.40054
1.40117
1.40328
1.40703
1.41922
1.4427
1.50565
1.63339
1.91024
2.60232
5.21617
5.47378
5.40539
5.31481
5.29306
5.25968
5.19185
5.04696
4.75129
4.12835
1.40001
1.40001
1.40003
1.40007
1.40018
1.40044
1.40106
1.40269
1.40629
1.41612
1.43751
1.49096
1.60495
1.84924
2.41174
4.69058
5.39607
5.3587
5.25582
5.20844
5.15849
5.06292
4.87528
4.57315
4.09508
1.40001
1.40001
1.40003
1.40007
1.40015
1.40039
1.40088
1.40227
1.40534
1.41344
1.43195
1.47699
1.5757
1.7874
2.2441
4.0926
5.36324
5.32738
5.21176
5.13056
5.05971
4.94442
4.75678
4.47596
4.11038
1.40001
1.40001
1.40002
1.40005
1.40013
1.40028
1.40079
1.40172
1.40464
1.41048
1.42706
1.462
1.54742
1.72324
2.09234
3.43598
5.34519
5.3127
5.1918
5.06202
4.97174
4.84825
4.6684
4.4216
4.11439
1.40001
1.40001
1.40002
1.40005
1.4001
1.40025
1.40057
1.40148
1.40349
1.40868
1.42089
1.45028
1.51729
1.66352
1.95958
2.78948
5.23124
5.27834
5.18981
5.01651
4.90094
4.77658
4.60341
4.38297
4.11809
1.40001
1.40001
1.40002
1.40004
1.40008
1.40021
1.40044
1.40124
1.40266
1.40727
1.41617
1.44168
1.49424
1.61847
1.86924
2.4782
4.78616
5.18737
5.13292
4.98206
4.84379
4.71876
4.55711
4.35501
4.1255
1.40001
1.40001
1.40001
1.40003
1.40006
1.40016
1.40036
1.40098
1.40209
1.40583
1.41265
1.43364
1.47508
1.57829
1.78523
2.24139
4.05819
5.08991
5.06415
4.96283
4.80362
4.67109
4.52198
4.33906
4.13539
1.40001
1.40001
1.40001
1.40002
1.40005
1.40013
1.40028
1.40075
1.40162
1.40451
1.40971
1.42612
1.4581
1.54051
1.70627
2.05034
3.26962
5.01632
5.02919
4.96102
4.7987
4.64192
4.49881
4.33482
4.15166
1.40001
1.40001
1.40001
1.40002
1.40004
1.4001
1.40021
1.40057
1.40121
1.40339
1.40723
1.41968
1.44342
1.50705
1.63532
1.90223
2.58629
4.77419
5.02246
4.96004
4.8077
4.635
4.48995
4.34833
4.17937
1.40001
1.40001
1.40001
1.40002
1.40003
1.40007
1.40018
1.40039
1.401
1.40236
1.40585
1.41414
1.43415
1.48072
1.58466
1.80166
2.27812
4.13568
4.94721
4.91763
4.81843
4.64736
4.50367
4.36772
4.22729
1.40001
1.40001
1.40001
1.40001
1.40003
1.40005
1.40013
1.40028
1.40075
1.40171
1.40441
1.41028
1.42569
1.4599
1.54062
1.70943
2.04939
3.29244
4.83931
4.88519
4.82617
4.68061
4.5331
4.40133
4.29231
1.40001
1.40001
1.40001
1.40001
1.40002
1.40004
1.4001
1.4002
1.40056
1.40117
1.4033
1.40702
1.41906
1.44197
1.50359
1.62728
1.88011
2.52141
4.55397
4.88823
4.84254
4.72648
4.58214
4.46233
4.38599
1.40001
1.40001
1.40001
1.40001
1.40002
1.40003
1.40007
1.40015
1.4004
1.40085
1.40239
1.40503
1.4139
1.43031
1.47663
1.56951
1.7746
2.19861
3.85056
4.83696
4.84079
4.78824
4.66364
4.57044
4.51517
1.40001
1.40001
1.40001
1.40001
1.40001
1.40002
1.40005
1.40012
1.40025
1.40067
1.40152
1.4039
1.40912
1.42263
1.45312
1.5245
1.67587
1.97086
2.9257
4.68055
4.88375
4.84896
4.78764
4.71875
4.68414
1.40001
1.40001
1.40001
1.40001
1.40001
1.40002
1.40004
1.40008
1.40019
1.40045
1.40114
1.40258
1.40677
1.41522
1.43875
1.48764
1.60269
1.82663
2.3594
4.23356
4.88694
4.95473
4.92808
4.89674
4.87487
1.40001
1.40001
1.40001
1.40001
1.40001
1.40001
1.40003
1.40006
1.40013
1.40034
1.40073
1.40202
1.40428
1.4118
1.42569
1.46554
1.54529
1.7254
2.07869
3.38117
4.81501
5.10381
5.12284
5.11251
5.09038
1.40001
1.40001
1.40001
1.40001
1.40001
1.40001
1.40002
1.40004
1.40009
1.40024
1.40052
1.4014
1.40301
1.40822
1.41789
1.44634
1.50299
1.63744
1.8881
2.56161
4.57294
5.26524
5.36494
5.34852
5.32244
1.40001
1.40001
1.40001
1.40001
1.40001
1.40001
1.40002
1.40003
1.40007
1.40016
1.4004
1.40095
1.40231
1.40571
1.41352
1.43338
1.47759
1.57952
1.78911
2.25315
3.97003
5.38839
5.61919
5.59666
5.55271
1.40001
1.40001
1.40001
1.40001
1.40001
1.40001
1.40001
1.40003
1.40005
1.40013
1.40028
1.40073
1.40166
1.40423
1.40998
1.42465
1.45806
1.536
1.7019
2.03848
3.05688
5.4812
5.8678
5.83942
5.74508
1.40001
1.40001
1.40001
1.40001
1.40001
1.40001
1.40001
1.40002
1.40004
1.4001
1.40023
1.40054
1.40139
1.4032
1.40831
1.4191
1.44787
1.50995
1.65129
1.93871
2.71083
5.26138
5.97081
5.96276
5.85559
1.40001
1.40001
1.40001
1.40001
1.40001
1.40001
1.40001
1.40002
1.40003
1.40009
1.40018
1.40049
1.40106
1.40292
1.40648
1.4172
1.43931
1.49665
1.61705
1.87931
2.52568
4.88302
5.97157
5.97911
5.86237
1.40001
1.40001
1.40001
1.40001
1.40001
1.40001
1.40001
1.40002
1.40003
1.40007
1.40015
1.40043
1.4009
1.40259
1.4055
1.41537
1.43399
1.48632
1.59313
1.83155
2.39613
4.4638
5.99601
5.97192
5.78153
1.40001
1.40001
1.40001
1.40001
1.40001
1.40001
1.40001
1.40002
1.40003
1.40007
1.40014
1.40038
1.40081
1.40225
1.40503
1.41341
1.43093
1.47704
1.57567
1.79278
2.30312
4.10512
6.06339
5.97114
5.68049
1.40001
1.40001
1.40001
1.40001
1.40001
1.40001
1.40001
1.40001
1.40003
1.40005
1.40014
1.40029
1.40084
1.40179
1.40504
1.41109
1.42968
1.46754
1.56311
1.75865
2.22792
3.78535
6.13892
5.95403
5.5889
1.40001
1.40001
1.40001
1.40001
1.40001
1.40001
1.40001
1.40001
1.40002
1.40005
1.40012
1.4003
1.40069
1.40176
1.4043
1.41063
1.42618
1.46294
1.5484
1.73181
2.15547
3.4762
6.20745
5.95339
5.55105
1.40001
1.40001
1.40001
1.40001
1.40001
1.40001
1.40001
1.40001
1.40002
1.40005
1.40012
1.40025
1.40071
1.40153
1.40423
1.40944
1.42506
1.45726
1.53908
1.7076
2.0775
3.22226
6.22318
5.93681
5.52016
1.40001
1.40001
1.40001
1.40001
1.40001
1.40001
1.40001
1.40001
1.40002
1.40004
1.40011
1.40024
1.40067
1.40143
1.40407
1.40878
1.42402
1.4538
1.53239
1.69222
2.03394
3.09229
6.14332
5.89892
5.50856
1.40001
1.40001
1.40001
1.40001
1.40001
1.40001
1.40001
1.40001
1.40002
1.40004
1.4001
1.40025
1.40058
1.40154
1.40349
1.40932
1.42133
1.45401
1.52426
1.68315
2.00399
2.99357
6.0186
5.85772
5.52315
1.40001
1.40001
1.40001
1.40001
1.40001
1.40001
1.40001
1.40001
1.40002
1.40004
1.40011
1.40022
1.40062
1.40133
1.40373
1.40818
1.4221
1.44984
1.5227
1.67179
1.98262
2.91325
5.90225
5.80916
5.55419
1.40001
1.40001
1.40001
1.40001
1.40001
1.40001
1.40001
1.40001
1.40002
1.40005
1.40009
1.40025
1.40052
1.40147
1.40321
1.40878
1.41985
1.45094
1.5161
1.66733
1.96011
2.85078
5.79399
5.76052
5.57761
1.40001
1.40001
1.40001
1.40001
1.40001
1.40001
1.40001
1.40001
1.40002
1.40004
1.4001
1.40022
1.40056
1.4013
1.40345
1.40788
1.42063
1.44766
1.5156
1.65912
1.94257
2.80195
5.69511
5.71095
5.59124
1.40001
1.40001
1.40001
1.40001
1.40001
1.40001
1.40001
1.40001
1.40002
1.40004
1.40009
1.40023
1.4005
1.40138
1.40309
1.40828
1.41901
1.44827
1.5109
1.65544
1.92681
2.76048
5.59876
5.69166
5.58622
1.40001
1.40001
1.40001
1.40001
1.40001
1.40001
1.40001
1.40001
1.40002
1.40004
1.40009
1.4002
1.40056
1.40119
1.4034
1.40731
1.42006
1.44496
1.51123
1.64786
1.91928
2.72373
5.50918
5.68148
5.57851
1.40001
1.40001
1.40001
1.40001
1.40001
1.40001
1.40001
1.40001
1.40002
1.40004
1.40009
1.40021
1.40053
1.40121
1.40323
1.40732
1.41935
1.4444
1.50838
1.64304
1.91955
2.68796
5.42952
5.67468
5.57215
1.40001
1.40001
1.40001
1.40001
1.40001
1.40001
1.40001
1.40001
1.40002
1.40004
1.40009
1.40022
1.40048
1.40131
1.40289
1.40789
1.41768
1.44563
1.50412
1.6402
1.91983
2.65485
5.36235
5.67127
5.56855
1.40001
1.40001
1.40001
1.40001
1.40001
1.40001
1.40001
1.40001
1.40002
1.40004
1.40009
1.4002
1.40052
1.40119
1.40308
1.40729
1.41835
1.44364
1.50443
1.63553
1.91442
2.62815
5.30996
5.67174
5.56872
1.40001
1.40001
1.40001
1.40001
1.40001
1.40001
1.40001
1.40001
1.40002
1.40004
1.40008
1.40022
1.40046
1.40129
1.40283
1.40767
1.41739
1.44448
1.50184
1.63491
1.90881
2.60763
5.27049
5.67382
5.57186
1.40001
1.40001
1.40001
1.40001
1.40001
1.40001
1.40001
1.40001
1.40002
1.40004
1.40008
1.40021
1.40048
1.40124
1.40292
1.40738
1.41775
1.44346
1.50203
1.63263
1.90624
2.59283
5.24449
5.67604
5.57392
1.40001
1.40001
1.40001
1.40001
1.40001
1.40001
1.40001
1.40001
1.40002
1.40004
1.40009
1.40019
1.40052
1.40114
1.40311
1.40699
1.41838
1.44223
1.5032
1.63044
1.9056
2.58511
5.23163
5.67763
5.57451
2.26257
1.8697
2.1594
1.9716
1.8804
1.85994
1.84816
1.82355
1.79429
1.76889
1.75488
1.74924
1.74683
1.74695
1.75432
1.76855
1.78948
1.81465
1.84267
1.87175
1.90276
1.93302
1.96516
1.99641
2.02829
2.06039
2.09154
2.12313
2.15284
2.18126
2.20767
2.23339
2.25725
2.27875
2.29615
2.31389
2.32946
2.34263
2.35388
2.36392
2.36983
2.37622
2.37944
2.38312
2.38243
2.3821
2.3793
2.37667
2.37048
2.36528
2.35742
2.34971
2.34041
2.33054
2.31933
2.30829
2.29497
2.2828
2.26836
2.25502
2.23952
2.22476
2.20876
2.1926
2.17618
2.15917
2.14198
2.12456
2.10664
2.08893
2.07057
2.05259
2.03395
2.0159
1.99705
1.97911
1.96023
1.9425
1.92388
1.90633
1.88823
1.87081
1.85344
1.83623
1.81965
1.80291
1.78709
1.77115
1.75614
1.74131
1.72733
1.71384
1.70126
1.68953
1.67896
1.66965
1.66192
1.656
1.65187
1.65254
2.79018
2.43216
2.35147
2.1011
1.89548
1.8498
1.78604
1.7277
1.68007
1.64301
1.62673
1.61959
1.61773
1.62069
1.63032
1.64688
1.67148
1.70231
1.73704
1.77283
1.81133
1.85158
1.89201
1.93029
1.96739
2.00447
2.04312
2.08191
2.11817
2.1544
2.18783
2.22035
2.24909
2.27717
2.30296
2.32796
2.35022
2.37072
2.38904
2.40418
2.41753
2.42846
2.4382
2.44593
2.45146
2.45395
2.45617
2.45549
2.45449
2.45128
2.44669
2.44117
2.43391
2.4262
2.41667
2.40678
2.39539
2.38333
2.37065
2.35669
2.34281
2.32746
2.31215
2.29578
2.27905
2.26183
2.24402
2.22609
2.20748
2.18906
2.16981
2.15107
2.13134
2.11242
2.09241
2.07344
2.05342
2.03445
2.01474
1.99582
1.97666
1.9579
1.93942
1.92103
1.90323
1.88552
1.86841
1.8516
1.83531
1.81972
1.80462
1.79046
1.77692
1.76461
1.75325
1.74351
1.73524
1.72911
1.72474
1.72604
3.29371
2.84179
2.59721
2.39543
2.16238
2.03044
1.88927
1.77924
1.69649
1.64853
1.62713
1.61407
1.58846
1.57705
1.58601
1.60634
1.6369
1.67337
1.71328
1.75533
1.79927
1.84471
1.88985
1.93637
1.98402
2.03116
2.07973
2.12696
2.17338
2.21715
2.25996
2.29959
2.33751
2.37326
2.4065
2.43808
2.46698
2.49281
2.5158
2.53533
2.55288
2.56678
2.57995
2.59101
2.59839
2.60315
2.60531
2.60732
2.60622
2.6045
2.59996
2.59488
2.58775
2.57949
2.57022
2.55911
2.54794
2.53468
2.52173
2.5068
2.49209
2.47565
2.45933
2.44157
2.42397
2.40517
2.38659
2.36703
2.34763
2.32754
2.30746
2.28701
2.26646
2.24574
2.22499
2.20406
2.1834
2.1623
2.14199
2.12077
2.10101
2.07988
2.06072
2.03991
2.02144
2.00139
1.98366
1.96457
1.94774
1.92978
1.9141
1.89767
1.88366
1.86926
1.85757
1.84599
1.83764
1.83007
1.82616
1.82677
3.54758
3.09733
2.79369
2.59171
2.40373
2.26181
2.14338
2.02622
1.9044
1.81188
1.74222
1.70387
1.68053
1.67385
1.68056
1.69812
1.72831
1.76715
1.81099
1.85883
1.90998
1.96357
2.01764
2.07314
2.12681
2.18217
2.23556
2.28949
2.34063
2.38976
2.43584
2.4785
2.51911
2.55525
2.58996
2.6202
2.64863
2.67271
2.69421
2.71193
2.72695
2.73839
2.7491
2.75733
2.76346
2.76405
2.76379
2.76115
2.75824
2.75211
2.7461
2.73649
2.72765
2.71518
2.70387
2.68915
2.67563
2.6591
2.64365
2.62562
2.6085
2.58924
2.57071
2.55046
2.53077
2.50975
2.48911
2.46749
2.44612
2.42408
2.40223
2.37995
2.35792
2.33555
2.31364
2.29125
2.26969
2.24737
2.2263
2.20416
2.18374
2.16214
2.14239
2.12152
2.10233
2.08224
2.0637
2.04466
2.02698
2.00922
1.99274
1.97666
1.9619
1.94806
1.93579
1.92508
1.91651
1.91012
1.90725
1.90894
3.68797
3.28561
2.98403
2.7631
2.59936
2.45719
2.35179
2.25524
2.16555
2.08007
2.01743
1.96936
1.94237
1.92552
1.92744
1.93678
1.95663
1.99372
2.03586
2.08309
2.13212
2.1823
2.23453
2.286
2.33854
2.38841
2.43922
2.48692
2.53389
2.5766
2.61692
2.65398
2.68765
2.71926
2.74675
2.77272
2.79431
2.81434
2.8295
2.84337
2.8521
2.86006
2.86476
2.87024
2.87145
2.87019
2.86483
2.85957
2.85231
2.84468
2.83503
2.82465
2.81236
2.79959
2.78505
2.77033
2.75392
2.7375
2.71955
2.7016
2.68237
2.66301
2.64263
2.62206
2.60065
2.57912
2.55686
2.53467
2.51175
2.48921
2.46589
2.4432
2.41972
2.39701
2.37367
2.35089
2.32789
2.3053
2.28298
2.26067
2.23899
2.21706
2.19609
2.17478
2.15459
2.13413
2.11488
2.09552
2.07745
2.05944
2.04283
2.02654
2.01183
1.99792
1.98591
1.97534
1.96736
1.96148
1.96011
1.96155
3.77501
3.43551
3.1515
2.93668
2.77277
2.64718
2.54964
2.47079
2.39717
2.32649
2.2653
2.21312
2.17637
2.15356
2.14631
2.15161
2.16263
2.18655
2.22309
2.26623
2.31082
2.35677
2.40117
2.44686
2.48972
2.53277
2.57363
2.61397
2.65173
2.68777
2.72138
2.75269
2.78139
2.80792
2.83113
2.85253
2.87028
2.88645
2.89884
2.90966
2.91681
2.92215
2.92608
2.92942
2.9306
2.92814
2.92263
2.91515
2.90745
2.8979
2.88826
2.87624
2.86411
2.84965
2.83526
2.81886
2.80253
2.78457
2.76655
2.74738
2.72801
2.70799
2.68748
2.66682
2.64529
2.62408
2.60171
2.58001
2.55704
2.53493
2.51164
2.48912
2.46578
2.44302
2.42008
2.39718
2.37468
2.35153
2.32948
2.30633
2.28476
2.26187
2.24087
2.21858
2.19825
2.17694
2.15741
2.1375
2.11904
2.10094
2.08399
2.06802
2.05338
2.04012
2.02883
2.01939
2.01276
2.00907
2.00919
2.012
3.84196
3.55319
3.30013
3.09733
2.94404
2.83155
2.74728
2.6838
2.62155
2.55934
2.49382
2.4343
2.38449
2.34861
2.327
2.3212
2.3265
2.33762
2.35676
2.39255
2.43538
2.47828
2.51975
2.55932
2.59802
2.63494
2.67107
2.70583
2.7393
2.77159
2.80182
2.83004
2.85591
2.87949
2.90041
2.91954
2.93619
2.95109
2.96359
2.97387
2.98175
2.98678
2.99156
2.99486
2.99714
2.99525
2.99077
2.98337
2.97577
2.96616
2.95644
2.9447
2.93253
2.91849
2.90391
2.88783
2.87122
2.85338
2.83505
2.81565
2.79582
2.7751
2.75402
2.73218
2.71001
2.68725
2.6642
2.64074
2.61711
2.59318
2.56934
2.54534
2.52173
2.4976
2.47415
2.44998
2.42691
2.40281
2.38017
2.35641
2.33432
2.31117
2.28967
2.26738
2.24659
2.22534
2.20549
2.1855
2.16694
2.14858
2.13163
2.11568
2.10102
2.08839
2.07722
2.06918
2.06326
2.0622
2.06167
2.0654
3.89753
3.65392
3.43479
3.25284
3.11646
3.01929
2.95213
2.90006
2.84613
2.78404
2.71322
2.64152
2.57641
2.52476
2.48767
2.46735
2.46298
2.46926
2.47872
2.49785
2.53388
2.57491
2.61569
2.65382
2.69011
2.72439
2.75812
2.79027
2.82146
2.8512
2.87976
2.90654
2.93171
2.95464
2.97529
2.99432
3.01038
3.02508
3.03676
3.04662
3.05349
3.05719
3.06042
3.06218
3.06307
3.05995
3.05463
3.04602
3.03724
3.02592
3.01496
3.00154
2.9884
2.97281
2.95744
2.93985
2.92248
2.90323
2.88419
2.86362
2.84318
2.82155
2.79996
2.77743
2.75491
2.73164
2.70843
2.68462
2.66112
2.63731
2.61388
2.58999
2.56668
2.5427
2.51946
2.49543
2.47233
2.44841
2.42556
2.40195
2.3795
2.3565
2.33463
2.31261
2.29147
2.27074
2.25066
2.23149
2.21287
2.19562
2.17904
2.16442
2.15096
2.13982
2.13098
2.12478
2.12281
2.12292
2.12325
2.13005
3.95271
3.74742
3.56295
3.41107
3.29695
3.22011
3.16641
3.12033
3.06586
2.99674
2.91609
2.83223
2.75436
2.68829
2.63834
2.60371
2.58742
2.58527
2.59104
2.59939
2.61693
2.64992
2.68667
2.72217
2.75666
2.78887
2.82023
2.84891
2.8772
2.90353
2.9295
2.95322
2.97616
2.99617
3.01501
3.03082
3.04505
3.05713
3.06684
3.07457
3.07985
3.08203
3.0841
3.08483
3.085
3.08138
3.0759
3.06725
3.0581
3.04641
3.03474
3.02092
3.00713
2.99136
2.97546
2.95784
2.93999
2.92076
2.90127
2.88073
2.85987
2.8383
2.81627
2.79382
2.77084
2.74764
2.72412
2.7007
2.6771
2.65338
2.62991
2.60601
2.58267
2.55873
2.53544
2.5116
2.48837
2.46477
2.44171
2.41853
2.39578
2.3733
2.35113
2.32963
2.3084
2.28816
2.26836
2.24968
2.2318
2.21508
2.20001
2.18618
2.17479
2.16543
2.15893
2.15617
2.15617
2.1571
2.15941
2.17143
4.0133
3.84975
3.70046
3.5805
3.4907
3.42967
3.38243
3.33264
3.269
3.18938
3.09895
3.00667
2.91911
2.84465
2.78333
2.73978
2.71041
2.69682
2.69376
2.6987
2.70515
2.71936
2.74633
2.77731
2.80833
2.83967
2.86856
2.8964
2.92168
2.94641
2.96937
2.99162
3.01212
3.03126
3.04837
3.06374
3.0772
3.08868
3.0982
3.10548
3.11093
3.11285
3.11521
3.11592
3.11641
3.11283
3.10782
3.09948
3.09053
3.07877
3.06683
3.05277
3.03866
3.02281
3.00674
2.98922
2.97128
2.95221
2.93266
2.91224
2.89142
2.86978
2.84794
2.82522
2.80252
2.77928
2.75602
2.73257
2.70884
2.68542
2.66137
2.63795
2.61399
2.59041
2.56688
2.54307
2.52006
2.49627
2.47366
2.45032
2.42807
2.40564
2.38388
2.36273
2.34182
2.32227
2.30282
2.28504
2.26769
2.25226
2.23824
2.22617
2.21675
2.20966
2.20632
2.20603
2.20639
2.20901
2.21448
2.23373
4.08823
3.96219
3.85018
3.76244
3.69374
3.64005
3.58758
3.5245
3.44668
3.35559
3.25846
3.16116
3.07048
2.98974
2.92362
2.87028
2.83225
2.80547
2.79185
2.78444
2.78795
2.79181
2.80119
2.81871
2.84513
2.87129
2.89812
2.92446
2.94865
2.9718
2.99343
3.01354
3.0328
3.0499
3.06618
3.08005
3.09281
3.10331
3.11209
3.11869
3.12362
3.12479
3.12661
3.12669
3.12664
3.12247
3.11763
3.10929
3.10057
3.08872
3.07674
3.06236
3.04806
3.03185
3.01567
2.99785
2.97987
2.9606
2.94092
2.92043
2.89925
2.87772
2.85534
2.833
2.81015
2.78727
2.76426
2.74091
2.7178
2.69417
2.67095
2.6473
2.62403
2.60057
2.57732
2.55417
2.53102
2.50829
2.48544
2.46323
2.441
2.41949
2.3983
2.37779
2.35813
2.33914
2.32136
2.30432
2.28913
2.27527
2.26349
2.2542
2.24734
2.24415
2.24388
2.24429
2.24723
2.25365
2.26359
2.28996
4.18959
4.09745
4.01907
3.95605
3.89889
3.83965
3.77126
3.69063
3.59786
3.49816
3.39794
3.29992
3.20991
3.12795
3.05844
2.99896
2.95202
2.91524
2.88917
2.87114
2.86167
2.85827
2.86184
2.86662
2.8771
2.89758
2.91807
2.94125
2.96495
2.98779
3.00863
3.02832
3.04582
3.06217
3.07679
3.09009
3.10187
3.11212
3.12061
3.12715
3.1319
3.13327
3.13499
3.13515
3.13519
3.13155
3.12687
3.11926
3.11064
3.09952
3.08727
3.07338
3.05845
3.04254
3.02575
3.00812
2.98988
2.97061
2.95107
2.93039
2.90954
2.8878
2.86581
2.84365
2.82088
2.79847
2.77523
2.75247
2.72904
2.70592
2.68256
2.6592
2.63612
2.61273
2.58999
2.56683
2.54437
2.5217
2.49953
2.47765
2.45597
2.43519
2.41442
2.39509
2.37596
2.35838
2.34143
2.32623
2.3127
2.30102
2.29209
2.28555
2.28278
2.28253
2.2833
2.28554
2.29312
2.30678
2.31894
2.34689
4.31894
4.25932
4.2039
4.14983
4.08872
4.01413
3.92746
3.83008
3.72872
3.62525
3.52486
3.42951
3.34068
3.25998
3.18749
3.12425
3.06983
3.02464
2.98772
2.95932
2.93817
2.92501
2.9165
2.91678
2.91938
2.92543
2.93813
2.95377
2.9736
2.99455
3.01567
3.03467
3.05188
3.06772
3.08159
3.09463
3.10576
3.1159
3.12399
3.13034
3.13486
3.1364
3.13741
3.13801
3.13741
3.13438
3.12932
3.12219
3.11375
3.10301
3.09124
3.07757
3.06302
3.0474
3.03077
3.01365
2.99537
2.97669
2.95705
2.93671
2.91594
2.89431
2.87288
2.85059
2.82858
2.80598
2.7834
2.76071
2.73772
2.71502
2.69188
2.66922
2.64618
2.62361
2.60089
2.57847
2.55625
2.53407
2.51252
2.49086
2.47019
2.44954
2.43011
2.4112
2.39353
2.37687
2.36158
2.34848
2.33688
2.32844
2.32209
2.32005
2.31981
2.32035
2.3239
2.33139
2.34497
2.36157
2.3742
2.40079
4.47758
4.44065
4.3995
4.34276
4.26641
4.17021
4.06339
3.95328
3.8439
3.74057
3.64173
3.55119
3.46499
3.38665
3.31295
3.24669
3.18651
3.13406
3.08786
3.0498
3.01816
2.99423
2.97596
2.96546
2.95858
2.96139
2.96405
2.97042
2.98242
2.99711
3.0156
3.03378
3.05074
3.06671
3.0806
3.09365
3.10466
3.11467
3.1228
3.12923
3.13416
3.1356
3.13693
3.1376
3.13711
3.13445
3.12921
3.1227
3.11417
3.1042
3.09261
3.0794
3.06517
3.04954
3.03319
3.0159
2.99775
2.97913
2.95935
2.93941
2.91845
2.89752
2.876
2.85425
2.83243
2.81006
2.78801
2.76531
2.74303
2.72025
2.69777
2.67514
2.65255
2.63025
2.60778
2.58598
2.56392
2.54274
2.52143
2.50105
2.48094
2.46168
2.44338
2.42592
2.40983
2.39469
2.3821
2.37092
2.36298
2.35707
2.35598
2.35569
2.3569
2.36022
2.37013
2.3838
2.39975
2.4166
2.42797
2.45125
4.66101
4.62961
4.58953
4.516
4.41315
4.29618
4.17593
4.06212
3.95204
3.85195
3.75627
3.66945
3.58519
3.50769
3.4322
3.36382
3.29778
3.23933
3.18579
3.1398
3.09972
3.06677
3.03984
3.01957
3.00463
2.99621
2.99192
2.9946
2.99782
3.0042
3.01606
3.03048
3.04592
3.06177
3.07583
3.08922
3.10039
3.11061
3.11878
3.12538
3.1304
3.13232
3.13387
3.13434
3.13425
3.13163
3.12718
3.12098
3.11307
3.10367
3.09249
3.07985
3.06594
3.05061
3.03466
3.01734
2.99968
2.98088
2.96154
2.94166
2.92112
2.90061
2.87921
2.85816
2.83624
2.8147
2.79255
2.77057
2.74844
2.72612
2.70412
2.68164
2.65984
2.63752
2.61596
2.59418
2.57301
2.55217
2.53169
2.51218
2.49288
2.47521
2.458
2.44243
2.42779
2.41555
2.40523
2.39782
2.39272
2.39211
2.39223
2.39364
2.39833
2.40909
2.42375
2.43973
2.45522
2.47056
2.47882
2.49812
4.85901
4.82776
4.779
4.67944
4.54372
4.40845
4.2805
4.16545
4.05842
3.9617
3.87043
3.78599
3.70359
3.62591
3.54939
3.47791
3.40866
3.34531
3.28605
3.23333
3.18559
3.1445
3.10903
3.07968
3.05601
3.03813
3.02583
3.01878
3.01622
3.01894
3.02257
3.02856
3.04001
3.05339
3.06657
3.08
3.09151
3.10218
3.11075
3.11774
3.12301
3.12596
3.12725
3.12806
3.12796
3.12601
3.12212
3.1164
3.10907
3.10026
3.0896
3.07778
3.06421
3.04964
3.03389
3.017
2.99959
2.98073
2.96192
2.9419
2.92212
2.90146
2.88084
2.8598
2.83847
2.8172
2.79539
2.77398
2.75194
2.73044
2.70843
2.68691
2.66523
2.64381
2.62275
2.60169
2.5815
2.56124
2.54219
2.52339
2.50594
2.48959
2.47413
2.46041
2.44837
2.43902
2.43197
2.42823
2.42763
2.42797
2.42989
2.43653
2.4483
2.46408
2.47961
2.49592
2.50882
2.52147
2.52645
2.5417
5.0649
5.02428
4.94255
4.80024
4.64976
4.51007
4.38204
4.26943
4.16621
4.07294
3.98482
3.90167
3.82029
3.74164
3.66427
3.59006
3.51787
3.45027
3.38604
3.32739
3.27303
3.22512
3.1819
3.14505
3.11334
3.08745
3.0669
3.05139
3.04125
3.03607
3.03417
3.03644
3.04008
3.04535
3.0556
3.06727
3.07869
3.08964
3.09874
3.10636
3.11223
3.11612
3.11753
3.11857
3.11885
3.11762
3.11431
3.10897
3.1024
3.09402
3.08417
3.07298
3.05997
3.04621
3.03058
3.01457
2.99696
2.979
2.96021
2.94094
2.92142
2.90126
2.88117
2.8604
2.83982
2.81865
2.79767
2.77638
2.7551
2.73393
2.71252
2.69161
2.6704
2.64984
2.62926
2.60929
2.5898
2.5708
2.55299
2.53562
2.52027
2.50521
2.49231
2.48087
2.47254
2.46608
2.46396
2.46355
2.46379
2.46753
2.47535
2.48906
2.50457
2.52144
2.53651
2.5503
2.56006
2.56872
2.57113
2.58216
5.28148
5.20072
5.05813
4.90027
4.74736
4.60996
4.48621
4.37749
4.27775
4.18608
4.09878
4.01483
3.93288
3.85246
3.77398
3.69725
3.62335
3.55198
3.48478
3.42125
3.36277
3.30892
3.26006
3.21672
3.17794
3.14493
3.11613
3.093
3.0742
3.06065
3.05213
3.04711
3.04411
3.04643
3.05038
3.05537
3.06505
3.07445
3.0836
3.09166
3.0981
3.10281
3.10451
3.10586
3.10626
3.10575
3.10307
3.09845
3.09263
3.0848
3.07596
3.06518
3.05322
3.03984
3.02501
3.00944
2.9923
2.97507
2.95655
2.93815
2.9188
2.89945
2.87959
2.8595
2.83933
2.81871
2.7983
2.77744
2.75687
2.73613
2.7155
2.69524
2.67477
2.65527
2.63537
2.61688
2.59814
2.58112
2.56428
2.54964
2.53545
2.52314
2.51278
2.50534
2.49975
2.49914
2.49889
2.50031
2.50441
2.51557
2.52973
2.5464
2.56278
2.57835
2.59086
2.60109
2.60738
2.61205
2.61307
2.61996
5.462
5.31416
5.1501
4.99122
4.84406
4.71303
4.59549
4.49063
4.39403
4.30251
4.21509
4.12945
4.04615
3.96396
3.88388
3.80535
3.72948
3.65548
3.5853
3.51803
3.45558
3.39663
3.34294
3.29321
3.24837
3.20784
3.17185
3.14077
3.11424
3.09263
3.07543
3.06405
3.05504
3.0485
3.0472
3.04931
3.05259
3.05681
3.0647
3.07177
3.07844
3.08388
3.08702
3.08836
3.08886
3.08884
3.08703
3.08328
3.0781
3.07104
3.06318
3.05291
3.04226
3.02917
3.0158
3.00043
2.98464
2.96777
2.95027
2.93242
2.91378
2.89521
2.87587
2.85663
2.83692
2.81711
2.79733
2.77715
2.75749
2.73724
2.71787
2.698
2.67908
2.66011
2.64196
2.62444
2.60764
2.59219
2.57786
2.56515
2.55337
2.54441
2.53759
2.53418
2.53347
2.53387
2.53637
2.54333
2.55578
2.57156
2.58836
2.60527
2.62006
2.63287
2.6417
2.64824
2.65103
2.65235
2.65287
2.65663
5.57198
5.39166
5.2225
5.07156
4.93501
4.81445
4.7053
4.60384
4.50892
4.41694
4.32832
4.24117
4.15617
4.0726
3.99079
3.9107
3.83267
3.75651
3.68349
3.61329
3.54719
3.48417
3.42592
3.37071
3.32048
3.27341
3.2314
3.19304
3.15923
3.12984
3.10495
3.08498
3.06998
3.05759
3.04747
3.04294
3.04142
3.0433
3.04574
3.04883
3.05436
3.05914
3.06306
3.06466
3.06518
3.06563
3.06444
3.06209
3.05698
3.05133
3.04345
3.03486
3.02462
3.01322
3.00059
2.98659
2.97184
2.95598
2.93963
2.92248
2.90488
2.88698
2.86849
2.85017
2.83112
2.81246
2.79331
2.77439
2.75553
2.73654
2.71825
2.69957
2.68212
2.66436
2.64813
2.63201
2.61777
2.60434
2.59299
2.58221
2.57473
2.56874
2.56767
2.56739
2.56803
2.5724
2.58249
2.59646
2.61342
2.63054
2.64789
2.66224
2.67486
2.68313
2.68901
2.69113
2.69141
2.69101
2.68969
2.69228
5.62547
5.4311
5.27201
5.13921
5.0203
4.9108
4.80904
4.71085
4.61671
4.52422
4.43432
4.34607
4.25981
4.17526
4.09247
4.01119
3.93161
3.85401
3.77876
3.70634
3.6372
3.57117
3.50874
3.44943
3.39402
3.34163
3.2937
3.2487
3.20881
3.17221
3.1405
3.11245
3.08903
3.07053
3.05363
3.04035
3.03165
3.02737
3.0247
3.02574
3.02654
3.02801
3.03106
3.03331
3.03385
3.03397
3.03383
3.03249
3.02893
3.02387
3.01706
3.00942
3.00013
2.99002
2.97846
2.96599
2.95249
2.93804
2.92299
2.90697
2.89068
2.87366
2.85639
2.83897
2.82091
2.80346
2.78505
2.76776
2.74956
2.73258
2.71505
2.69872
2.68221
2.66711
2.65225
2.63911
2.62717
2.61697
2.60791
2.60154
2.59797
2.59763
2.59803
2.60095
2.60731
2.62041
2.63601
2.65419
2.6717
2.68909
2.70347
2.71541
2.72348
2.72845
2.73003
2.73001
2.72949
2.72769
2.72263
2.72468
5.61255
5.42708
5.29447
5.18644
5.0893
4.99254
4.89723
4.80182
4.7079
4.61563
4.52518
4.43701
4.35056
4.26603
4.18312
4.10164
4.02201
3.94399
3.86812
3.79432
3.72336
3.65462
3.58895
3.52581
3.46596
3.4089
3.35552
3.30514
3.25881
3.21551
3.17652
3.14103
3.10975
3.08275
3.06105
3.04079
3.02363
3.01188
3.00322
2.99802
2.99487
2.99408
2.99444
2.99509
2.99583
2.99604
2.99615
2.99539
2.99371
2.98932
2.98395
2.9771
2.96921
2.96025
2.95011
2.93918
2.92707
2.9142
2.90046
2.88578
2.87088
2.85484
2.83928
2.82253
2.80654
2.78963
2.77339
2.75674
2.74071
2.7247
2.70941
2.69454
2.68055
2.66752
2.65566
2.64564
2.63696
2.63014
2.62488
2.62431
2.62453
2.62606
2.63061
2.64138
2.6564
2.67339
2.69248
2.71062
2.72781
2.7422
2.75328
2.76147
2.76563
2.76669
2.76656
2.76573
2.76358
2.75906
2.75103
2.75218
5.55335
5.40003
5.29891
5.21703
5.13734
5.05383
4.96585
4.87562
4.78474
4.69463
4.60621
4.51921
4.43399
4.34984
4.26703
4.18538
4.10496
4.02617
3.94877
3.87371
3.80046
3.72976
3.66097
3.59495
3.53116
3.47026
3.41215
3.35697
3.30509
3.25623
3.21101
3.16903
3.131
3.09643
3.06597
3.04019
3.01609
2.99548
2.98007
2.96898
2.96127
2.95631
2.95351
2.95202
2.95139
2.95098
2.95048
2.94966
2.94807
2.94538
2.94122
2.93583
2.92927
2.92148
2.91293
2.90334
2.89291
2.88178
2.86946
2.85695
2.8431
2.82947
2.8148
2.80036
2.78539
2.7705
2.75562
2.74087
2.72654
2.71261
2.69941
2.68692
2.67566
2.66534
2.65742
2.65043
2.64568
2.64322
2.64355
2.64514
2.64888
2.65732
2.67094
2.68804
2.7069
2.72636
2.74533
2.76194
2.77663
2.78715
2.79521
2.79901
2.79948
2.79934
2.79855
2.796
2.79056
2.78463
2.77523
2.77536
5.47499
5.35788
5.28439
5.22029
5.15375
5.08007
5.00162
4.91929
4.83581
4.7515
4.66752
4.58377
4.50047
4.41764
4.33533
4.25373
4.17321
4.09385
4.01618
3.94
3.86585
3.79339
3.72265
3.65375
3.58691
3.52223
3.4603
3.40068
3.34432
3.29032
3.23986
3.19208
3.14792
3.10712
3.06995
3.03671
3.00798
2.98098
2.95804
2.93977
2.92543
2.91473
2.90714
2.90208
2.89876
2.89675
2.89537
2.89426
2.89298
2.89112
2.88821
2.88444
2.87924
2.87314
2.86599
2.85806
2.8495
2.83989
2.82983
2.81873
2.80729
2.79515
2.78272
2.77001
2.75712
2.74432
2.73158
2.71936
2.70736
2.69638
2.68581
2.67673
2.66861
2.66244
2.65818
2.65478
2.65546
2.65674
2.66006
2.66628
2.67928
2.69559
2.71398
2.73479
2.75449
2.77451
2.79083
2.80558
2.81586
2.82348
2.8272
2.82758
2.82743
2.82652
2.82409
2.81849
2.81148
2.80457
2.79449
2.79372
5.40697
5.32147
5.26616
5.21099
5.14882
5.08139
5.00892
4.93317
4.85499
4.77529
4.69521
4.6149
4.53527
4.45557
4.37676
4.29774
4.21996
4.1421
4.06547
3.98917
3.91437
3.84047
3.76791
3.69701
3.62774
3.56069
3.49569
3.43307
3.37284
3.3151
3.26022
3.20789
3.15892
3.1127
3.07009
3.0308
2.99538
2.9641
2.9346
2.90997
2.88917
2.87273
2.85967
2.85008
2.84316
2.83834
2.83519
2.83284
2.83121
2.8296
2.82747
2.82476
2.82086
2.81631
2.81071
2.80444
2.79754
2.78968
2.78149
2.77226
2.76289
2.75277
2.74251
2.73195
2.72131
2.71087
2.70058
2.69101
2.68179
2.67391
2.66659
2.66127
2.65718
2.65547
2.6558
2.65764
2.66073
2.6667
2.67857
2.69322
2.71284
2.73267
2.75514
2.77551
2.79586
2.81256
2.82709
2.83747
2.84494
2.84862
2.8489
2.84893
2.84799
2.8455
2.84021
2.83337
2.82559
2.81796
2.8075
2.80603
5.36582
5.29086
5.2395
5.18464
5.12548
5.06055
4.99324
4.9211
4.84746
4.77205
4.69675
4.62141
4.54622
4.47096
4.3951
4.31918
4.24255
4.16642
4.08978
4.01398
3.93862
3.8646
3.79181
3.72024
3.65004
3.58155
3.51455
3.44993
3.38702
3.32691
3.26892
3.21346
3.16081
3.11037
3.0634
3.01905
2.97852
2.94138
2.90801
2.87645
2.84985
2.82692
2.80819
2.793
2.78149
2.77296
2.76685
2.76291
2.75996
2.75806
2.75641
2.75454
2.75197
2.74908
2.74509
2.74059
2.73554
2.72952
2.72369
2.71644
2.70998
2.70212
2.69504
2.68697
2.67957
2.67184
2.66488
2.65831
2.65258
2.64817
2.64474
2.64355
2.64416
2.64698
2.65017
2.65596
2.66583
2.68159
2.69906
2.72063
2.74216
2.76565
2.78693
2.8076
2.82456
2.83896
2.84977
2.85675
2.86079
2.86131
2.86119
2.86044
2.85771
2.8526
2.84586
2.83843
2.82997
2.82209
2.81124
2.80962
5.33951
5.26864
5.21646
5.16057
5.09963
5.0369
4.96954
4.90216
4.83065
4.76022
4.68744
4.61511
4.54118
4.46724
4.39224
4.3174
4.24221
4.16712
4.09236
4.01686
3.94305
3.86837
3.79638
3.72395
3.65401
3.5851
3.51806
3.45311
3.38963
3.32836
3.26861
3.21087
3.15527
3.10182
3.05101
3.00313
2.95778
2.91624
2.87761
2.84228
2.80949
2.78149
2.75717
2.73718
2.72113
2.70862
2.69956
2.6929
2.68825
2.68532
2.68299
2.68136
2.67952
2.67748
2.67437
2.67144
2.66708
2.66325
2.65808
2.65371
2.64866
2.64411
2.63948
2.63488
2.63078
2.6266
2.6235
2.62057
2.61927
2.6186
2.62069
2.62361
2.62846
2.6339
2.6436
2.6575
2.67576
2.69574
2.71932
2.74269
2.76709
2.78955
2.81024
2.82809
2.84195
2.85326
2.86004
2.86444
2.86488
2.86532
2.86458
2.86278
2.85787
2.85179
2.84467
2.83678
2.82819
2.81985
2.80892
2.80695
5.34027
5.26046
5.19928
5.13983
5.07805
5.01594
4.95025
4.88361
4.81523
4.74386
4.67328
4.59918
4.5266
4.45187
4.37831
4.30336
4.22957
4.1543
4.08057
4.00546
3.93242
3.85925
3.78827
3.71828
3.64948
3.58236
3.51572
3.45047
3.3863
3.32281
3.26155
3.20107
3.14336
3.08722
3.03393
2.98284
2.93481
2.88954
2.84771
2.80943
2.77398
2.74173
2.7141
2.68977
2.66982
2.65293
2.64011
2.62986
2.62217
2.61696
2.61302
2.61001
2.60843
2.60736
2.60596
2.60447
2.6029
2.60109
2.59908
2.59697
2.59459
2.59242
2.58992
2.588
2.58589
2.58493
2.5841
2.58483
2.58655
2.59049
2.59511
2.6011
2.60968
2.62273
2.63891
2.65893
2.68073
2.70532
2.72952
2.75433
2.77699
2.79746
2.81522
2.82902
2.84032
2.84747
2.85209
2.85314
2.85345
2.85367
2.85169
2.84813
2.84135
2.83539
2.82689
2.81927
2.80951
2.80147
2.78993
2.78847
5.34758
5.24931
5.18103
5.12249
5.06369
5.00252
4.93819
4.87038
4.80198
4.73017
4.65793
4.58506
4.50998
4.43656
4.36061
4.28688
4.2117
4.13876
4.06545
3.99392
3.92229
3.85203
3.782
3.71299
3.64397
3.57604
3.50807
3.44154
3.3759
3.31141
3.24934
3.18805
3.12976
3.07278
3.01838
2.9663
2.9165
2.86967
2.82545
2.78436
2.74646
2.71071
2.67849
2.64987
2.62447
2.60293
2.58508
2.57076
2.5594
2.55147
2.54684
2.54463
2.54462
2.54537
2.5471
2.54819
2.54949
2.54957
2.55035
2.54987
2.54963
2.54874
2.54784
2.54744
2.54684
2.54762
2.54884
2.55197
2.55554
2.56068
2.56849
2.57928
2.59384
2.61175
2.63256
2.65562
2.68065
2.70543
2.731
2.75359
2.77501
2.79257
2.8068
2.81858
2.82548
2.8304
2.83147
2.83142
2.83065
2.82893
2.82419
2.81891
2.81116
2.80457
2.7953
2.78815
2.77784
2.77091
2.7593
2.75971
5.3535
5.23504
5.16745
5.11281
5.05777
4.99765
4.93317
4.86589
4.79617
4.72428
4.65014
4.575
4.49861
4.42264
4.34772
4.27345
4.20159
4.12955
4.05971
3.9888
3.91865
3.84786
3.7769
3.70689
3.63636
3.56805
3.49937
3.43324
3.36776
3.30382
3.24203
3.1808
3.12215
3.0647
3.00909
2.95593
2.90432
2.85547
2.80886
2.76474
2.72346
2.68453
2.64836
2.6152
2.58589
2.56009
2.53809
2.52055
2.50797
2.49954
2.49449
2.49239
2.49233
2.49446
2.49662
2.49934
2.50169
2.50418
2.5053
2.50632
2.50595
2.50614
2.50599
2.50645
2.50868
2.51087
2.51434
2.51857
2.5267
2.53645
2.54878
2.56501
2.58368
2.60617
2.63028
2.65601
2.68224
2.70738
2.73057
2.75182
2.76829
2.78321
2.79284
2.80046
2.80434
2.80499
2.80392
2.80295
2.80102
2.79724
2.7922
2.78622
2.77951
2.77351
2.7653
2.75981
2.75063
2.74635
2.73606
2.73967
5.35738
5.22785
5.15826
5.10859
5.05489
4.99859
4.93529
4.86913
4.79907
4.72454
4.64838
4.5709
4.49369
4.41841
4.3445
4.27232
4.20142
4.13059
4.0598
3.98911
3.91709
3.84612
3.77427
3.70402
3.63429
3.56584
3.49868
3.43237
3.36757
3.30341
3.2409
3.17932
3.11928
3.06113
3.00401
2.94976
2.89633
2.84573
2.79669
2.74976
2.70543
2.6635
2.6241
2.58811
2.5555
2.5273
2.50371
2.4849
2.47026
2.45967
2.45271
2.44904
2.44775
2.44913
2.45068
2.45229
2.45443
2.45676
2.45931
2.46103
2.46302
2.46469
2.46706
2.46976
2.47418
2.4797
2.48668
2.4964
2.50781
2.52203
2.53943
2.56008
2.58326
2.60802
2.63461
2.66041
2.68559
2.70851
2.72786
2.74447
2.75756
2.76629
2.77432
2.7771
2.77905
2.77853
2.77806
2.77707
2.77568
2.77158
2.76852
2.76323
2.75977
2.75415
2.74982
2.74401
2.73793
2.73271
2.72375
2.72578
5.35824
5.22236
5.15226
5.10481
5.05621
5.00236
4.94285
4.87588
4.80451
4.72852
4.6516
4.57513
4.49994
4.42646
4.35427
4.28242
4.2113
4.13926
4.06768
3.99567
3.92364
3.85219
3.78108
3.71055
3.64136
3.57232
3.50486
3.43761
3.3719
3.30697
3.24336
3.18157
3.1205
3.0621
3.00393
2.94846
2.89341
2.84057
2.78915
2.73952
2.69283
2.64834
2.60742
2.5698
2.53581
2.50652
2.48089
2.45947
2.44185
2.42818
2.41791
2.41128
2.40726
2.4069
2.40803
2.40908
2.41116
2.41478
2.4184
2.42251
2.42676
2.43128
2.43617
2.44219
2.44922
2.45855
2.46928
2.48296
2.49819
2.51675
2.53805
2.56201
2.58734
2.61384
2.63938
2.66415
2.68595
2.70509
2.72122
2.73325
2.74336
2.75056
2.75496
2.75864
2.75982
2.76024
2.76117
2.76093
2.76091
2.75744
2.75635
2.75178
2.74924
2.7433
2.73874
2.73148
2.72486
2.7171
2.70788
2.70675
5.35383
5.21654
5.14738
5.10317
5.05923
5.00833
4.94932
4.88245
4.81056
4.73591
4.66107
4.58686
4.51469
4.44234
4.37154
4.29936
4.22787
4.15536
4.0829
4.01097
3.93848
3.86691
3.79527
3.72389
3.65336
3.58299
3.51394
3.44558
3.37893
3.31325
3.24965
3.18692
3.12598
3.06591
3.00712
2.94919
2.89288
2.83742
2.78472
2.73326
2.68568
2.63989
2.59853
2.55967
2.52477
2.49341
2.46521
2.44089
2.41995
2.40293
2.38935
2.37981
2.3734
2.37084
2.37188
2.37286
2.37492
2.37893
2.38406
2.39075
2.39694
2.40445
2.41199
2.42142
2.43172
2.44436
2.45969
2.47627
2.49632
2.5185
2.54306
2.56882
2.59532
2.62084
2.64524
2.66674
2.68566
2.70158
2.71401
2.72468
2.73246
2.73834
2.74373
2.74714
2.74863
2.74977
2.75201
2.75225
2.75228
2.7493
2.74757
2.74219
2.73884
2.73127
2.72598
2.71693
2.70967
2.70089
2.69122
2.68939
5.34701
5.21049
5.14322
5.10218
5.06039
5.01031
4.95187
4.88627
4.8167
4.74579
4.67483
4.60382
4.53347
4.46216
4.3908
4.31895
4.24677
4.17511
4.10244
4.03079
3.95796
3.88536
3.81234
3.73927
3.66655
3.59508
3.52401
3.45567
3.38762
3.32235
3.25758
3.19454
3.13231
3.07082
3.01078
2.95098
2.89382
2.8369
2.78383
2.73149
2.68357
2.63722
2.59502
2.55534
2.51875
2.48539
2.45482
2.42784
2.4039
2.38393
2.3672
2.35465
2.34574
2.34024
2.3409
2.34164
2.34356
2.34711
2.35357
2.36256
2.37163
2.38221
2.3936
2.40617
2.4208
2.4371
2.45601
2.47687
2.50079
2.52601
2.55274
2.57948
2.60556
2.62981
2.65184
2.67057
2.68696
2.6999
2.71104
2.7199
2.72667
2.73306
2.73809
2.74072
2.74283
2.74476
2.74675
2.74667
2.74578
2.7428
2.73966
2.73439
2.72969
2.7218
2.71607
2.70633
2.6994
2.68964
2.68059
2.67834
5.33946
5.2045
5.13937
5.09926
5.05807
5.00786
4.95106
4.88966
4.825
4.75916
4.69114
4.6222
4.55156
4.48111
4.40903
4.33823
4.26609
4.19532
4.12287
4.05078
3.97729
3.90297
3.82852
3.75379
3.6797
3.60736
3.53532
3.46652
3.39748
3.33154
3.26517
3.20117
3.13685
3.07451
3.01266
2.95255
2.89444
2.83775
2.78447
2.73251
2.68433
2.638
2.59482
2.55437
2.51599
2.48115
2.44808
2.41918
2.39224
2.36974
2.35002
2.33452
2.32297
2.31486
2.31341
2.31416
2.31606
2.31961
2.32634
2.33732
2.34923
2.36332
2.37872
2.39551
2.41465
2.43514
2.45822
2.48284
2.50975
2.53708
2.56478
2.59136
2.61617
2.63863
2.65808
2.67489
2.68889
2.70041
2.71042
2.71804
2.72497
2.73094
2.73561
2.73778
2.74039
2.74219
2.74374
2.74344
2.74207
2.73874
2.73527
2.73
2.72466
2.71745
2.71095
2.70161
2.69482
2.68437
2.67609
2.6727
5.33424
5.19794
5.13252
5.09087
5.05047
5.00379
4.95167
4.89569
4.83547
4.77197
4.70547
4.63702
4.56625
4.49634
4.42479
4.35503
4.28369
4.21315
4.14078
4.06763
3.99368
3.91797
3.8431
3.7673
3.69287
3.61929
3.5467
3.47581
3.40575
3.33715
3.26938
3.20333
3.13771
3.07482
3.01226
2.95302
2.89469
2.83956
2.78609
2.73534
2.68674
2.64054
2.59641
2.55508
2.51517
2.47909
2.44381
2.41323
2.38383
2.35899
2.33682
2.31852
2.30454
2.29407
2.28965
2.29055
2.29236
2.29582
2.30217
2.3148
2.32927
2.34727
2.36651
2.38813
2.41162
2.43636
2.46352
2.49127
2.52017
2.54844
2.57588
2.60144
2.62445
2.64508
2.66243
2.67784
2.69032
2.70138
2.71066
2.71828
2.72534
2.73106
2.73549
2.73767
2.74016
2.74188
2.74322
2.74291
2.74106
2.73791
2.73431
2.72919
2.72392
2.71686
2.71007
2.70149
2.69384
2.68343
2.67533
2.67042
5.33027
5.18853
5.12041
5.08005
5.04374
5.00255
4.95475
4.90126
4.84364
4.78013
4.71575
4.64722
4.57884
4.50904
4.43906
4.36856
4.29755
4.22582
4.15365
4.07971
4.0064
3.93052
3.85607
3.77967
3.70465
3.62903
3.55494
3.4808
3.40911
3.33735
3.26871
3.20084
3.13542
3.07247
3.01081
2.95273
2.89537
2.84164
2.78863
2.73874
2.68981
2.64367
2.59847
2.55659
2.51517
2.47799
2.44106
2.40887
2.3778
2.35074
2.32693
2.30609
2.29005
2.27768
2.26993
2.27127
2.27278
2.27605
2.28195
2.29509
2.31208
2.33341
2.35665
2.38295
2.41076
2.44001
2.47026
2.5004
2.53025
2.55857
2.58494
2.60897
2.63013
2.64887
2.66497
2.67921
2.69126
2.70224
2.71116
2.71929
2.72634
2.73201
2.73647
2.73873
2.74113
2.7429
2.74426
2.74388
2.74197
2.73898
2.73534
2.73049
2.72515
2.71831
2.71169
2.70329
2.69495
2.68513
2.67623
2.67
5.32443
5.17807
5.10811
5.07245
5.04063
5.00372
4.95657
4.90325
4.84637
4.7848
4.72298
4.65597
4.58936
4.51869
4.4497
4.37798
4.30738
4.23467
4.16277
4.08859
4.01593
3.94059
3.86632
3.79
3.71378
3.63661
3.56018
3.48347
3.40954
3.33567
3.26605
3.19732
3.13251
3.06985
3.0097
2.95256
2.8965
2.84382
2.79122
2.74197
2.69267
2.64647
2.60043
2.55794
2.51533
2.47733
2.43919
2.40574
2.37361
2.34485
2.31986
2.29707
2.27955
2.26539
2.25544
2.25585
2.2572
2.26033
2.26633
2.27896
2.29777
2.32172
2.3486
2.3789
2.41045
2.44337
2.47615
2.50789
2.53808
2.56586
2.59097
2.61339
2.63323
2.65061
2.6662
2.67984
2.69197
2.70289
2.7121
2.72059
2.72764
2.73338
2.73781
2.74024
2.74252
2.74436
2.74566
2.74518
2.74336
2.7406
2.73716
2.73263
2.72736
2.72091
2.71431
2.70577
2.6972
2.68752
2.67766
2.67026
5.31879
5.1693
5.10043
5.06882
5.03958
5.00325
4.9559
4.90353
4.84786
4.78911
4.72834
4.6629
4.596
4.52445
4.45517
4.38302
4.31338
4.24106
4.16962
4.09542
4.02248
3.94727
3.87255
3.79617
3.71872
3.64033
3.56203
3.48329
3.40788
3.33268
3.26268
3.1939
3.12985
3.06784
3.00899
2.95256
2.89759
2.8454
2.79325
2.74421
2.69466
2.64834
2.60167
2.55873
2.51539
2.47673
2.43789
2.40357
2.3709
2.34103
2.31539
2.29137
2.27288
2.25737
2.24618
2.24512
2.24636
2.24945
2.25543
2.26761
2.28757
2.31329
2.34283
2.37603
2.41068
2.44619
2.48076
2.51328
2.54347
2.57023
2.59439
2.61532
2.63429
2.65071
2.66599
2.67936
2.6918
2.7027
2.71247
2.72112
2.72824
2.73432
2.73863
2.74127
2.74353
2.74546
2.74679
2.74633
2.74461
2.74199
2.73867
2.73429
2.72913
2.72291
2.71624
2.70766
2.69903
2.68914
2.67873
2.67062
5.3162
5.16464
5.09709
5.06784
5.03921
5.00273
4.95576
4.90446
4.8499
4.79255
4.73173
4.66682
4.59941
4.52746
4.45755
4.38515
4.31612
4.24437
4.17344
4.09924
4.02585
3.95041
3.87523
3.79879
3.72079
3.64186
3.56259
3.48286
3.40662
3.33079
3.26064
3.19192
3.12834
3.06672
3.00855
2.95243
2.89801
2.84591
2.79399
2.74493
2.69527
2.64888
2.6019
2.55878
2.51511
2.47612
2.43704
2.40222
2.36939
2.33891
2.31297
2.28832
2.26934
2.2531
2.2413
2.23927
2.24045
2.2435
2.24946
2.26149
2.28199
2.30873
2.33987
2.37484
2.41136
2.44837
2.48391
2.51682
2.54687
2.57309
2.59653
2.61672
2.63493
2.65088
2.6658
2.67898
2.69148
2.70231
2.71231
2.7211
2.72822
2.73455
2.73875
2.74152
2.74385
2.74587
2.74725
2.74683
2.74516
2.7426
2.73932
2.73498
2.72986
2.72371
2.71702
2.70842
2.69975
2.68973
2.67914
2.67077
)
;

boundaryField
{
    inlet
    {
        type            calculated;
        value           uniform 1.40001;
    }
    outlet
    {
        type            calculated;
        value           nonuniform List<scalar> 
40
(
1.6476
1.72088
1.82131
1.9032
1.9556
2.00584
2.05901
2.12333
2.1644
2.22631
2.28246
2.33933
2.39322
2.4437
2.49058
2.53411
2.57449
2.61217
2.6487
2.68422
2.7166
2.74408
2.76722
2.78554
2.79783
2.80141
2.79875
2.78032
2.75164
2.73165
2.71782
2.69886
2.68156
2.67056
2.66495
2.66269
2.66225
2.66253
2.66291
2.66306
)
;
    }
    top
    {
        type            symmetryPlane;
    }
    bottom
    {
        type            symmetryPlane;
    }
    obstacle
    {
        type            calculated;
        value           nonuniform List<scalar> 
110
(
6.00871
6.00951
5.99559
5.97107
5.93456
5.88531
5.81389
5.71145
5.55094
5.29755
2.26257
1.8697
2.1594
1.9716
1.8804
1.85994
1.84816
1.82355
1.79429
1.76889
1.75488
1.74924
1.74683
1.74695
1.75432
1.76855
1.78948
1.81465
1.84267
1.87175
1.90276
1.93302
1.96516
1.99641
2.02829
2.06039
2.09154
2.12313
2.15284
2.18126
2.20767
2.23339
2.25725
2.27875
2.29615
2.31389
2.32946
2.34263
2.35388
2.36392
2.36983
2.37622
2.37944
2.38312
2.38243
2.3821
2.3793
2.37667
2.37048
2.36528
2.35742
2.34971
2.34041
2.33054
2.31933
2.30829
2.29497
2.2828
2.26836
2.25502
2.23952
2.22476
2.20876
2.1926
2.17618
2.15917
2.14198
2.12456
2.10664
2.08893
2.07057
2.05259
2.03395
2.0159
1.99705
1.97911
1.96023
1.9425
1.92388
1.90633
1.88823
1.87081
1.85344
1.83623
1.81965
1.80291
1.78709
1.77115
1.75614
1.74131
1.72733
1.71384
1.70126
1.68953
1.67896
1.66965
1.66192
1.656
1.65187
1.65254
)
;
    }
    frontAndBack
    {
        type            empty;
    }
}


// ************************************************************************* //
