/*--------------------------------*- C++ -*----------------------------------*\
  =========                 |
  \\      /  F ield         | OpenFOAM: The Open Source CFD Toolbox
   \\    /   O peration     | Website:  https://openfoam.org
    \\  /    A nd           | Version:  13
     \\/     M anipulation  |
\*---------------------------------------------------------------------------*/
FoamFile
{
    format      ascii;
    class       volScalarField;
    location    "9.5";
    object      T;
}
// * * * * * * * * * * * * * * * * * * * * * * * * * * * * * * * * * * * * * //

dimensions      [0 0 0 1 0 0 0];

internalField   nonuniform List<scalar> 
5250
(
1.00001
1.00002
1.00006
1.00013
1.00038
1.00084
1.00228
1.00523
1.01366
1.03313
1.08641
1.22827
1.61208
2.38217
2.72175
2.73974
2.73532
2.73824
2.75001
2.76575
2.77814
2.78631
2.79314
2.79815
2.80116
1.00001
1.00002
1.00006
1.00013
1.00039
1.00081
1.00228
1.00512
1.0136
1.03263
1.08562
1.22555
1.60552
2.37338
2.7186
2.7392
2.7347
2.73747
2.74914
2.76475
2.77705
2.78518
2.79197
2.79689
2.79977
1.00001
1.00002
1.00005
1.00015
1.00032
1.00094
1.00193
1.00559
1.01231
1.03332
1.082
1.2214
1.59085
2.3538
2.71123
2.73777
2.73297
2.73521
2.74655
2.76195
2.7739
2.78201
2.78869
2.79369
2.79655
1.00001
1.00002
1.00006
1.00013
1.00036
1.00077
1.00219
1.00473
1.01309
1.03041
1.08102
1.21153
1.57011
2.32211
2.69962
2.73574
2.73026
2.73149
2.74239
2.75717
2.76905
2.77657
2.78285
2.78737
2.79011
1.00001
1.00002
1.00005
1.00013
1.00032
1.00078
1.00198
1.00467
1.01225
1.02918
1.07672
1.20076
1.54134
2.27761
2.68306
2.7333
2.72668
2.72634
2.73653
2.75069
2.76218
2.76952
2.77533
2.77975
2.78221
1.00001
1.00002
1.00005
1.00011
1.00033
1.00069
1.00193
1.00431
1.0115
1.02735
1.07168
1.18729
1.50489
2.21792
2.66061
2.73035
2.722
2.71963
2.72923
2.7423
2.75316
2.75985
2.7649
2.76803
2.77012
1.00001
1.00002
1.00005
1.0001
1.00029
1.00065
1.00173
1.00408
1.01035
1.02549
1.06525
1.17147
1.46116
2.13962
2.63072
2.7264
2.7159
2.71091
2.71952
2.73194
2.74129
2.74707
2.75119
2.75328
2.75356
1
1.00001
1.00004
1.0001
1.00025
1.0006
1.00157
1.00357
1.00963
1.02233
1.05916
1.15198
1.41142
2.03925
2.59188
2.72037
2.70736
2.69981
2.70758
2.71907
2.7276
2.73087
2.73255
2.73152
2.72776
1
1.00001
1.00003
1.00009
1.00021
1.00058
1.00124
1.00352
1.00763
1.021
1.04979
1.13371
1.35458
1.91861
2.54209
2.70897
2.69397
2.68456
2.69191
2.70192
2.70949
2.71104
2.70879
2.70156
2.68601
1
1.00001
1.00003
1.00007
1.0002
1.00044
1.00122
1.00265
1.00737
1.01658
1.04434
1.11081
1.29821
1.77649
2.47957
2.68866
2.67321
2.6645
2.67152
2.68067
2.68632
2.6855
2.67648
2.65411
2.59747
1
1.00001
1.00002
1.00007
1.00015
1.00044
1.00091
1.00263
1.00571
1.0155
1.03667
1.09688
1.25411
1.67365
2.41596
2.66798
2.65506
2.64617
2.64889
2.65638
2.65991
2.65497
2.63543
2.58839
2.48341
1
1.00001
1.00003
1.00005
1.00016
1.00032
1.00092
1.00203
1.00544
1.01268
1.03292
1.08245
1.22007
1.58542
2.32212
2.6327
2.64191
2.63286
2.62972
2.63215
2.63132
2.62058
2.59103
2.52913
2.41892
1
1.00001
1.00002
1.00005
1.00013
1.00028
1.00081
1.00167
1.00487
1.0105
1.0288
1.06966
1.18775
1.49903
2.19466
2.58245
2.63254
2.62269
2.61373
2.61063
2.6042
2.58686
2.5521
2.48989
2.39723
1
1.00001
1.00002
1.00004
1.0001
1.00027
1.00059
1.00164
1.00355
1.00991
1.02244
1.06015
1.15353
1.4148
2.03617
2.51668
2.62045
2.61107
2.59941
2.58902
2.57817
2.55782
2.51994
2.46511
2.38642
1
1.00001
1.00001
1.00003
1.00008
1.00021
1.00052
1.00123
1.0032
1.00737
1.01942
1.04684
1.12396
1.3278
1.84951
2.43063
2.59707
2.59255
2.58122
2.56831
2.55304
2.53225
2.49673
2.44538
2.3802
1
1
1.00001
1.00003
1.00006
1.00017
1.00038
1.00106
1.00228
1.00639
1.01416
1.038
1.09342
1.24952
1.65082
2.32361
2.55884
2.56567
2.55684
2.54368
2.52853
2.50707
2.47648
2.43012
2.37284
1
1
1.00001
1.00002
1.00006
1.00013
1.00033
1.0008
1.00193
1.00493
1.01165
1.03003
1.07458
1.19793
1.52239
2.2001
2.51291
2.54305
2.53333
2.52182
2.50695
2.48479
2.4567
2.41759
2.36715
1
1
1.00001
1.00002
1.00005
1.0001
1.00028
1.0006
1.00162
1.0037
1.00958
1.02311
1.05933
1.15361
1.40982
2.01346
2.43542
2.52192
2.5155
2.50228
2.48806
2.46666
2.43965
2.406
2.36314
1
1
1.00001
1.00001
1.00004
1.00007
1.00021
1.00045
1.00126
1.00281
1.00742
1.01751
1.04515
1.11461
1.30493
1.78732
2.33112
2.49064
2.49553
2.48547
2.46873
2.45003
2.42508
2.39613
2.36011
1
1
1
1.00001
1.00003
1.00006
1.00016
1.00034
1.00095
1.00208
1.00554
1.01291
1.03315
1.08255
1.21699
1.5672
2.19579
2.44294
2.47
2.46366
2.44927
2.43219
2.41265
2.38757
2.35917
1
1
1
1.00001
1.00002
1.00004
1.00012
1.00026
1.00071
1.00154
1.00431
1.00938
1.02549
1.06077
1.16207
1.42439
2.02062
2.37771
2.44678
2.44357
2.43189
2.41668
2.40068
2.38109
2.35921
1
1
1
1.00001
1.00001
1.00003
1.00008
1.0002
1.00052
1.00115
1.00314
1.00693
1.01874
1.04406
1.11694
1.30451
1.78382
2.27263
2.41486
2.42405
2.41706
2.40387
2.38959
2.37693
2.36293
1
1
1
1
1.00001
1.00003
1.00006
1.00015
1.00035
1.00087
1.00212
1.00511
1.01293
1.03113
1.07995
1.20581
1.53902
2.12684
2.364
2.40133
2.40004
2.39277
2.38133
2.37671
2.37184
1
1
1
1
1.00001
1.00002
1.00004
1.00011
1.00024
1.00066
1.00145
1.00385
1.00898
1.02284
1.05639
1.14642
1.38439
1.93191
2.29343
2.3792
2.38752
2.385
2.38153
2.38217
2.386
1
1
1
1
1.00001
1.00001
1.00003
1.00008
1.00018
1.00046
1.00102
1.00278
1.00605
1.0165
1.03809
1.10092
1.2588
1.66968
2.17997
2.34926
2.37495
2.38282
2.38602
2.39229
2.40066
1
1
1
1
1
1.00001
1.00002
1.00006
1.00012
1.00034
1.00069
1.00197
1.00423
1.01142
1.02645
1.06895
1.17498
1.46046
2.02404
2.30445
2.36657
2.38652
2.39781
2.40933
2.41971
1
1
1
1
1
1.00001
1.00002
1.00003
1.0001
1.0002
1.00056
1.00122
1.00327
1.00751
1.01932
1.04695
1.12178
1.31744
1.79451
2.2262
2.36326
2.40059
2.41674
2.42901
2.4391
1
1
1
1
1
1
1.00001
1.00002
1.00007
1.00014
1.00039
1.00084
1.00229
1.00515
1.01339
1.03185
1.08202
1.20989
1.54673
2.10689
2.35584
2.42279
2.44472
2.454
2.46037
1
1
1
1
1
1
1.00001
1.00002
1.00005
1.0001
1.00028
1.0006
1.0017
1.00359
1.01005
1.02253
1.06006
1.15083
1.40042
1.953
2.34089
2.46254
2.48064
2.48365
2.47927
1
1
1
1
1
1
1.00001
1.00001
1.00003
1.00008
1.00019
1.0005
1.00109
1.00301
1.00656
1.01782
1.04149
1.10981
1.28287
1.72236
2.30486
2.51065
2.5262
2.51628
2.49867
1
1
1
1
1
1
1
1.00001
1.00002
1.00007
1.00014
1.00041
1.00084
1.00243
1.00519
1.01422
1.03322
1.08767
1.22721
1.60077
2.27201
2.56622
2.58272
2.55772
2.5225
1
1
1
1
1
1
1
1.00001
1.00002
1.00005
1.00013
1.00031
1.00075
1.00194
1.00451
1.01194
1.02827
1.07453
1.19429
1.52179
2.20219
2.61236
2.64644
2.60909
2.55715
1
1
1
1
1
1
1
1.00001
1.00002
1.00004
1.00012
1.00025
1.00069
1.00161
1.00409
1.01009
1.02521
1.06451
1.17031
1.46021
2.1078
2.63775
2.70423
2.65883
2.59558
1
1
1
1
1
1
1
1.00001
1.00002
1.00004
1.0001
1.00024
1.00057
1.0015
1.00346
1.00933
1.02186
1.05812
1.15057
1.41141
2.01675
2.64882
2.74645
2.69483
2.62837
1
1
1
1
1
1
1
1.00001
1.00001
1.00004
1.00008
1.00022
1.00053
1.0013
1.00329
1.00796
1.02044
1.05124
1.13589
1.36856
1.93154
2.6424
2.77247
2.71886
2.6552
1
1
1
1
1
1
1
1.00001
1.00001
1.00003
1.00008
1.00021
1.00045
1.00128
1.00273
1.00785
1.01756
1.04787
1.12131
1.33299
1.85339
2.6256
2.78339
2.72931
2.67034
1
1
1
1
1
1
1
1.00001
1.00001
1.00003
1.00007
1.00018
1.00045
1.0011
1.00283
1.00668
1.01747
1.04276
1.11332
1.30356
1.80137
2.57674
2.78539
2.738
2.68758
1
1
1
1
1
1
1
1.00001
1.00001
1.00003
1.00006
1.00018
1.00041
1.00109
1.00257
1.00653
1.01617
1.04095
1.10634
1.28624
1.76635
2.54133
2.78725
2.74891
2.70081
1
1
1
1
1
1
1
1
1.00001
1.00002
1.00007
1.00015
1.00045
1.00092
1.0027
1.00586
1.01609
1.03833
1.10236
1.27214
1.73538
2.50889
2.78284
2.7553
2.70541
1
1
1
1
1
1
1
1
1.00001
1.00003
1.00006
1.00016
1.0004
1.00096
1.00246
1.00585
1.01528
1.03721
1.09817
1.26151
1.71005
2.48082
2.77411
2.75376
2.71158
1
1
1
1
1
1
1
1
1.00001
1.00002
1.00006
1.00015
1.00038
1.00096
1.00228
1.00599
1.01413
1.03713
1.09381
1.25371
1.69095
2.45317
2.76365
2.74994
2.71804
1
1
1
1
1
1
1
1
1.00001
1.00003
1.00006
1.00016
1.00034
1.001
1.00211
1.006
1.01355
1.03635
1.09097
1.24629
1.67589
2.42521
2.75415
2.74702
2.72115
1
1
1
1
1
1
1
1
1.00001
1.00002
1.00006
1.00015
1.00036
1.00093
1.00213
1.00576
1.01328
1.03542
1.08855
1.23968
1.66048
2.39856
2.74312
2.74727
2.72224
1
1
1
1
1
1
1
1
1.00001
1.00003
1.00005
1.00015
1.00033
1.00093
1.00208
1.00558
1.01316
1.03429
1.0868
1.23338
1.64305
2.37499
2.73327
2.7474
2.72304
1
1
1
1
1
1
1
1
1.00001
1.00002
1.00005
1.00015
1.00031
1.00095
1.00195
1.00565
1.01256
1.03401
1.08426
1.22834
1.61964
2.35908
2.72481
2.74671
2.72369
1
1
1
1
1
1
1
1
1.00001
1.00002
1.00006
1.00013
1.00038
1.00078
1.00224
1.00495
1.01338
1.0319
1.0843
1.22231
1.59839
2.34918
2.7167
2.74505
2.72346
1
1
1
1
1
1
1
1
1.00001
1.00002
1.00006
1.00013
1.00036
1.00079
1.00221
1.00482
1.01344
1.03108
1.08359
1.21855
1.58988
2.3397
2.70757
2.74232
2.72198
1
1
1
1
1
1
1
1
1.00001
1.00002
1.00006
1.00014
1.00033
1.00085
1.002
1.00527
1.01232
1.03238
1.08085
1.21784
1.58207
2.3339
2.69941
2.73955
2.71958
1
1
1
1
1
1
1
1
1.00001
1.00002
1.00005
1.00014
1.00032
1.00088
1.00191
1.00539
1.01198
1.03255
1.07987
1.21654
1.57752
2.33026
2.69336
2.73741
2.71808
1
1
1
1
1
1
1
1
1.00001
1.00002
1.00005
1.00014
1.00034
1.00081
1.00211
1.00488
1.01297
1.03086
1.08149
1.21405
1.57634
2.3281
2.69017
2.73624
2.71765
2.35665
2.4945
2.80488
3.06783
3.04556
3.01075
2.99743
2.9866
2.97104
2.95479
2.94092
2.93293
2.9307
2.92954
2.92931
2.93249
2.93746
2.94498
2.95281
2.96171
2.96914
2.97872
2.98564
2.99369
2.99996
3.00477
3.01018
3.01282
3.01525
3.01605
3.01621
3.0139
3.01104
3.00836
3.00746
3.00434
3.00134
2.99709
2.99161
2.98452
2.9798
2.97166
2.96602
2.95706
2.95001
2.94043
2.93219
2.92189
2.9143
2.90374
2.89499
2.88457
2.87483
2.86454
2.85477
2.8437
2.8345
2.82289
2.8133
2.80149
2.79168
2.78021
2.76966
2.75873
2.74758
2.73668
2.72556
2.71434
2.70343
2.69197
2.68113
2.66964
2.65893
2.64742
2.63698
2.62543
2.61526
2.60378
2.59374
2.58256
2.57247
2.56187
2.55167
2.54177
2.53158
2.52226
2.51237
2.50347
2.49418
2.4857
2.4772
2.46935
2.46182
2.45499
2.44877
2.44344
2.43906
2.43585
2.43403
2.43147
2.37126
2.46439
2.62934
2.85432
3.00366
3.04733
3.14174
3.16761
3.16904
3.16521
3.15831
3.15725
3.15787
3.15636
3.15097
3.14562
3.14046
3.13538
3.12871
3.12323
3.11518
3.10564
3.09678
3.09166
3.08786
3.08254
3.07602
3.06701
3.05933
3.04851
3.03873
3.02702
3.01754
3.00602
2.99485
2.98234
2.97076
2.95774
2.94399
2.93116
2.91768
2.90449
2.89172
2.87896
2.86484
2.85176
2.83775
2.82568
2.81227
2.79976
2.78732
2.77456
2.76251
2.74977
2.738
2.72561
2.71397
2.70218
2.69027
2.67904
2.66701
2.65599
2.64429
2.63324
2.62208
2.611
2.60019
2.58913
2.57855
2.56749
2.55719
2.54614
2.5362
2.52525
2.51566
2.50491
2.49556
2.48514
2.47586
2.46591
2.45658
2.44716
2.43784
2.42889
2.41977
2.41115
2.40246
2.39416
2.38607
2.37812
2.37068
2.36335
2.35674
2.35036
2.34491
2.33997
2.3362
2.33326
2.33189
2.32955
2.36041
2.38833
2.46976
2.53148
2.66644
2.78404
2.93749
3.05587
3.13034
3.15802
3.16456
3.17762
3.21954
3.23677
3.22863
3.2181
3.20008
3.18422
3.16664
3.14916
3.13114
3.11255
3.0959
3.07775
3.05814
3.03927
3.01845
2.99851
2.97796
2.95868
2.93816
2.91923
2.89994
2.88089
2.86259
2.84414
2.82643
2.80919
2.79207
2.776
2.75941
2.74439
2.7295
2.71496
2.7008
2.68565
2.6723
2.65809
2.64564
2.63227
2.62032
2.60758
2.59569
2.58382
2.57191
2.56088
2.54899
2.53836
2.52664
2.51618
2.50482
2.49457
2.48362
2.47359
2.46291
2.45301
2.44248
2.43261
2.42228
2.41243
2.40238
2.3926
2.38285
2.37327
2.36377
2.35455
2.34519
2.33649
2.32715
2.31908
2.30976
2.3023
2.2931
2.28615
2.2772
2.27061
2.26209
2.25583
2.24785
2.24207
2.23479
2.22967
2.22324
2.21903
2.21376
2.21092
2.20734
2.20644
2.20536
2.20484
2.33779
2.33061
2.36445
2.39509
2.45838
2.53113
2.61377
2.70945
2.81763
2.9013
2.97418
3.0159
3.04539
3.05843
3.05536
3.04762
3.03475
3.0169
2.99674
2.97396
2.94915
2.92328
2.89868
2.87323
2.85093
2.8264
2.80446
2.78133
2.76038
2.73988
2.72069
2.70304
2.68528
2.66998
2.65392
2.64033
2.6262
2.6137
2.6009
2.58905
2.57712
2.56628
2.55559
2.54575
2.535
2.5248
2.51415
2.50485
2.49469
2.48613
2.47609
2.46801
2.45804
2.45025
2.44042
2.43273
2.4231
2.4154
2.40598
2.39822
2.38899
2.38113
2.37206
2.36407
2.35511
2.34697
2.33811
2.32985
2.32109
2.31277
2.3041
2.29576
2.28713
2.27886
2.27019
2.26209
2.25333
2.2455
2.23663
2.22907
2.22015
2.21276
2.20393
2.19669
2.1882
2.18118
2.17323
2.16652
2.15921
2.15291
2.14635
2.14063
2.13498
2.13011
2.12568
2.1221
2.11933
2.11782
2.11727
2.11585
2.3233
2.29653
2.2977
2.31939
2.34597
2.39498
2.44271
2.49838
2.54983
2.60244
2.63986
2.67299
2.68967
2.70223
2.70011
2.6943
2.68741
2.67861
2.67175
2.65971
2.64708
2.63452
2.62041
2.60769
2.59366
2.58211
2.56871
2.55777
2.54603
2.5366
2.52722
2.5186
2.51077
2.50248
2.49566
2.48794
2.48186
2.47463
2.46906
2.46197
2.45668
2.44977
2.44515
2.43866
2.43344
2.42601
2.41977
2.41256
2.40622
2.39911
2.39247
2.38521
2.37836
2.37085
2.36384
2.35608
2.34892
2.34098
2.33364
2.32564
2.31812
2.31014
2.30252
2.29459
2.28695
2.27903
2.27139
2.26341
2.25583
2.24774
2.24023
2.23207
2.22462
2.21652
2.20907
2.20117
2.19362
2.1859
2.17818
2.17071
2.16293
2.15573
2.14802
2.14105
2.1335
2.12676
2.11949
2.11306
2.1062
2.10024
2.09398
2.08868
2.08332
2.079
2.07496
2.07212
2.06987
2.06932
2.06934
2.06852
2.31941
2.28068
2.26663
2.26896
2.28585
2.31322
2.34895
2.38454
2.41674
2.44295
2.45936
2.47056
2.47288
2.47164
2.46894
2.46418
2.45934
2.45264
2.4528
2.45235
2.45113
2.44822
2.44585
2.44168
2.43951
2.4361
2.43378
2.43067
2.42854
2.42612
2.42375
2.42113
2.41846
2.41531
2.4127
2.40937
2.40689
2.40336
2.40054
2.3965
2.39292
2.38847
2.38473
2.38045
2.37591
2.37055
2.36465
2.35912
2.35296
2.34738
2.34081
2.33501
2.32814
2.32208
2.31499
2.30862
2.30136
2.29469
2.28735
2.28031
2.27285
2.26535
2.25775
2.24981
2.24216
2.23387
2.22621
2.2177
2.21005
2.20151
2.19387
2.18551
2.17786
2.16979
2.16199
2.15429
2.14636
2.13916
2.13121
2.12448
2.1166
2.11025
2.10256
2.09649
2.08913
2.08325
2.07638
2.07063
2.06439
2.05883
2.05331
2.04823
2.04351
2.03945
2.03584
2.03333
2.03148
2.03127
2.03134
2.0298
2.31791
2.27827
2.2545
2.24775
2.25368
2.27085
2.29669
2.32101
2.34292
2.35458
2.36027
2.3578
2.35177
2.34435
2.33825
2.33335
2.32959
2.32598
2.32617
2.32963
2.33381
2.33723
2.33958
2.34179
2.34289
2.34414
2.34494
2.34592
2.34675
2.34707
2.3473
2.34722
2.34693
2.3463
2.34558
2.34414
2.34256
2.34018
2.33747
2.33418
2.3303
2.32631
2.32211
2.31816
2.31324
2.30824
2.30211
2.29665
2.29033
2.28468
2.27814
2.27212
2.26536
2.259
2.25208
2.24543
2.23836
2.2315
2.22435
2.21738
2.21016
2.20311
2.19584
2.18872
2.18144
2.17427
2.16703
2.15986
2.15266
2.14555
2.13834
2.13129
2.12399
2.11713
2.10979
2.10317
2.09577
2.08937
2.08193
2.07569
2.06831
2.06217
2.055
2.04897
2.04214
2.03633
2.02999
2.02458
2.01884
2.01396
2.00909
2.00484
2.00122
1.99789
1.99586
1.99412
1.99419
1.9946
1.99575
1.99449
2.31913
2.28157
2.25525
2.24452
2.24525
2.25713
2.27495
2.29246
2.30485
2.30788
2.30381
2.29403
2.28175
2.26918
2.25925
2.25206
2.24885
2.24515
2.24441
2.24589
2.2509
2.25648
2.26076
2.26455
2.26713
2.26957
2.27121
2.27296
2.27426
2.27552
2.2763
2.27686
2.27682
2.27655
2.27589
2.27451
2.2733
2.27113
2.26917
2.26641
2.26363
2.26084
2.25802
2.25546
2.25195
2.24841
2.24359
2.23939
2.23407
2.22959
2.22391
2.21909
2.21309
2.20793
2.20167
2.19618
2.18973
2.18394
2.17732
2.17122
2.16445
2.15805
2.15114
2.14449
2.13744
2.1306
2.12345
2.11651
2.10923
2.10218
2.09481
2.08781
2.08037
2.07348
2.06605
2.05933
2.052
2.0455
2.03834
2.03203
2.02507
2.01891
2.01223
2.00615
1.99988
1.99393
1.98818
1.98256
1.97746
1.97235
1.96812
1.96388
1.96069
1.95791
1.95607
1.95546
1.95565
1.95613
1.95774
1.95663
2.32234
2.29076
2.26654
2.25431
2.25397
2.26118
2.27345
2.28342
2.28707
2.28304
2.27243
2.25767
2.24096
2.22567
2.21229
2.20385
2.19745
2.19528
2.19235
2.19248
2.19458
2.19984
2.20523
2.21017
2.21393
2.21773
2.22035
2.22336
2.22538
2.22783
2.22942
2.23138
2.23237
2.23377
2.23412
2.23483
2.23466
2.23426
2.23365
2.23245
2.23092
2.2293
2.2274
2.2257
2.22292
2.22012
2.21603
2.21238
2.20762
2.20349
2.19833
2.19378
2.18829
2.18331
2.17756
2.1722
2.16623
2.16052
2.15435
2.14831
2.14195
2.13559
2.12908
2.12243
2.1158
2.10896
2.1022
2.09528
2.08839
2.08156
2.07451
2.06776
2.06059
2.0539
2.04676
2.04014
2.03317
2.02668
2.01997
2.01362
2.00724
2.001
1.99497
1.98891
1.98325
1.97748
1.97224
1.96701
1.96223
1.95791
1.95382
1.95069
1.94782
1.94609
1.94523
1.94537
1.94582
1.94671
1.9492
1.94851
2.32905
2.30223
2.28383
2.27408
2.27436
2.2785
2.28381
2.28553
2.28103
2.27035
2.25499
2.23672
2.21859
2.20072
2.18638
2.17441
2.16685
2.16123
2.1591
2.1564
2.15648
2.15796
2.1622
2.16667
2.17149
2.17536
2.17938
2.18226
2.1855
2.18789
2.1905
2.19244
2.19432
2.19566
2.19676
2.19736
2.19751
2.19732
2.1967
2.19577
2.19417
2.19277
2.19073
2.18912
2.18626
2.18366
2.17974
2.17637
2.17187
2.16798
2.16307
2.15867
2.1534
2.14848
2.1429
2.13754
2.13172
2.12598
2.11993
2.11388
2.10755
2.10126
2.09465
2.08823
2.08144
2.07487
2.06813
2.06144
2.05489
2.04803
2.0416
2.03467
2.02816
2.02139
2.01465
2.00822
2.00133
1.99523
1.98843
1.9825
1.97604
1.97015
1.96421
1.95837
1.95305
1.94747
1.94282
1.93782
1.93385
1.92995
1.92685
1.92449
1.92271
1.92229
1.92255
1.9232
1.92448
1.92642
1.93052
1.93194
2.33966
2.32063
2.30832
2.30129
2.30096
2.30081
2.29905
2.29321
2.28183
2.2666
2.24812
2.22868
2.20924
2.19174
2.17553
2.16273
2.15182
2.14488
2.13905
2.13664
2.13415
2.13364
2.13404
2.13705
2.14111
2.14525
2.14966
2.15326
2.15696
2.15989
2.16254
2.165
2.16676
2.16868
2.16972
2.1709
2.17124
2.17151
2.17128
2.17072
2.16952
2.16865
2.16701
2.16585
2.16346
2.16143
2.15783
2.15494
2.15074
2.14724
2.14259
2.13851
2.13344
2.12885
2.12343
2.1184
2.11276
2.10734
2.10155
2.09571
2.08979
2.08357
2.07746
2.07097
2.06461
2.05811
2.05155
2.04512
2.03841
2.03202
2.02527
2.01883
2.01213
2.00561
1.99902
1.99246
1.98607
1.97955
1.97339
1.96703
1.96109
1.95505
1.94931
1.94374
1.9383
1.93335
1.92839
1.92423
1.92022
1.91709
1.91459
1.91283
1.91236
1.91259
1.91324
1.91454
1.91649
1.92049
1.92525
1.92747
2.35163
2.34229
2.33575
2.33069
2.3274
2.3224
2.31395
2.30147
2.28603
2.26821
2.24838
2.22881
2.20905
2.19146
2.17477
2.16076
2.14835
2.13876
2.1309
2.12545
2.12118
2.11888
2.11697
2.11708
2.11846
2.12179
2.12497
2.12901
2.13265
2.13581
2.13881
2.14102
2.14327
2.14491
2.14643
2.1475
2.14821
2.14846
2.14835
2.14782
2.14674
2.14575
2.1442
2.14302
2.14065
2.13843
2.13506
2.13209
2.12825
2.12465
2.12049
2.11628
2.11179
2.10708
2.10219
2.09715
2.09183
2.08657
2.08085
2.07532
2.06931
2.06339
2.05726
2.05096
2.04489
2.03838
2.03231
2.02576
2.01961
2.01316
2.00685
2.00054
1.99405
1.98786
1.98127
1.97514
1.96865
1.96256
1.95637
1.95033
1.94459
1.93869
1.93347
1.92792
1.92324
1.91835
1.91425
1.91045
1.90728
1.90497
1.90323
1.90284
1.90307
1.90373
1.90492
1.90764
1.91089
1.9162
1.92143
1.92387
2.36854
2.36561
2.36355
2.35982
2.35286
2.3422
2.32729
2.31036
2.29112
2.27192
2.25224
2.23291
2.21443
2.1968
2.18064
2.16536
2.1519
2.13987
2.12982
2.12134
2.11481
2.10937
2.1064
2.10411
2.10345
2.1037
2.10513
2.10809
2.11087
2.11453
2.11725
2.11989
2.12208
2.12368
2.12529
2.12615
2.12703
2.12722
2.1273
2.12696
2.12614
2.12505
2.12401
2.12259
2.12079
2.11839
2.11557
2.11263
2.10909
2.10566
2.10157
2.09753
2.09302
2.08831
2.08347
2.07823
2.0731
2.06761
2.06214
2.05654
2.05067
2.04495
2.03878
2.03296
2.02671
2.02069
2.01449
2.00826
2.00214
1.99575
1.98967
1.98323
1.97712
1.97074
1.9646
1.95839
1.95224
1.94634
1.94031
1.9348
1.92907
1.92399
1.91878
1.91418
1.9097
1.90563
1.90221
1.89907
1.89712
1.89542
1.89539
1.89565
1.89642
1.89803
1.90031
1.9049
1.90961
1.91514
1.9201
1.92203
2.38828
2.38922
2.38686
2.38063
2.36852
2.35315
2.33523
2.31617
2.29743
2.27802
2.25973
2.24064
2.22318
2.20527
2.18906
2.17271
2.15821
2.14437
2.13254
2.12172
2.11305
2.10554
2.10009
2.09543
2.09309
2.09113
2.09074
2.09099
2.09238
2.0949
2.09756
2.10009
2.10231
2.10388
2.10547
2.10626
2.10711
2.10733
2.10739
2.10707
2.10624
2.10525
2.10406
2.10272
2.10104
2.09873
2.09634
2.09335
2.09029
2.08679
2.08302
2.07908
2.07471
2.07029
2.06549
2.06058
2.05556
2.05022
2.04503
2.03936
2.03392
2.02811
2.0224
2.0166
2.01061
2.00482
1.99864
1.99281
1.9866
1.98069
1.97456
1.96856
1.96259
1.95651
1.95071
1.94462
1.93898
1.93302
1.92757
1.92196
1.9168
1.91181
1.90709
1.90291
1.89877
1.89565
1.89259
1.89086
1.88939
1.88947
1.88983
1.89077
1.89227
1.89548
1.89944
1.905
1.90998
1.91494
1.91912
1.92039
2.4072
2.41207
2.40883
2.39855
2.38192
2.36245
2.34258
2.32163
2.3032
2.28423
2.2674
2.24933
2.23301
2.21557
2.19982
2.18309
2.16804
2.15274
2.13933
2.12649
2.11547
2.10554
2.09732
2.0904
2.08527
2.08139
2.07918
2.07755
2.07711
2.07732
2.07855
2.08023
2.08216
2.08358
2.08516
2.0859
2.08678
2.08698
2.08708
2.08681
2.08616
2.08519
2.08391
2.08282
2.08108
2.07918
2.07669
2.07393
2.0709
2.0675
2.06395
2.06012
2.05598
2.05174
2.04701
2.04239
2.03729
2.03229
2.02701
2.02159
2.01626
2.01057
2.00519
1.99932
1.99382
1.98787
1.9822
1.97629
1.97042
1.96465
1.95865
1.95304
1.94703
1.94153
1.93567
1.93022
1.92466
1.91927
1.91415
1.90895
1.90442
1.89967
1.89585
1.89181
1.88881
1.88609
1.88434
1.88328
1.88341
1.884
1.88491
1.88688
1.89004
1.89501
1.90009
1.90552
1.9103
1.91403
1.9177
1.91802
2.42471
2.42863
2.42212
2.40601
2.38551
2.36472
2.34534
2.3257
2.30827
2.29083
2.27469
2.25776
2.24182
2.22486
2.20891
2.19204
2.17618
2.16007
2.1454
2.13111
2.11853
2.1068
2.09669
2.08784
2.08042
2.07441
2.06968
2.0663
2.06399
2.06235
2.06133
2.06143
2.0623
2.06337
2.06483
2.06558
2.06653
2.06675
2.06686
2.0666
2.06605
2.06494
2.0639
2.06271
2.06127
2.05948
2.05712
2.05453
2.05164
2.0484
2.04508
2.04127
2.03744
2.03319
2.02876
2.02423
2.01929
2.01458
2.00927
2.00435
1.99892
1.99377
1.98831
1.98288
1.97743
1.97177
1.96633
1.96052
1.95508
1.94925
1.94379
1.93807
1.93258
1.92709
1.92158
1.9164
1.91101
1.90619
1.90115
1.89675
1.89239
1.88853
1.88504
1.88197
1.87981
1.87812
1.87765
1.87784
1.87862
1.87985
1.88234
1.8857
1.89098
1.89587
1.90162
1.90579
1.91002
1.9122
1.91498
1.91457
2.44497
2.44243
2.42984
2.40846
2.38645
2.36519
2.34681
2.32888
2.31292
2.29674
2.28118
2.26496
2.24899
2.2324
2.21607
2.19926
2.183
2.16661
2.15131
2.13628
2.12269
2.10948
2.09793
2.08701
2.07758
2.06923
2.0622
2.05662
2.05195
2.04883
2.04624
2.04477
2.0436
2.04366
2.04419
2.04484
2.04572
2.04598
2.04626
2.04602
2.04551
2.04452
2.04348
2.04232
2.04098
2.03936
2.03718
2.03491
2.03214
2.02924
2.02604
2.02247
2.01891
2.01472
2.01075
2.00612
2.0017
1.9968
1.99195
1.987
1.98187
1.97684
1.9715
1.96639
1.96093
1.95571
1.95022
1.94486
1.93945
1.93397
1.92871
1.9232
1.91808
1.91274
1.90774
1.90273
1.89789
1.89339
1.88887
1.88508
1.88118
1.87817
1.87517
1.87346
1.87187
1.8719
1.87217
1.87305
1.87488
1.87713
1.88165
1.88645
1.89217
1.89703
1.90182
1.90505
1.90804
1.90922
1.91102
1.91013
2.45886
2.44761
2.4282
2.406
2.38481
2.36478
2.34769
2.33131
2.3165
2.30157
2.28671
2.27132
2.25552
2.23939
2.22283
2.20627
2.18947
2.17312
2.15683
2.14138
2.12629
2.1121
2.09877
2.08614
2.07493
2.06444
2.05568
2.04771
2.04139
2.03608
2.03203
2.02882
2.02629
2.02497
2.02365
2.02363
2.02379
2.02413
2.02451
2.02444
2.02415
2.02357
2.02268
2.02153
2.02046
2.01899
2.01712
2.01504
2.01245
2.00991
2.00679
2.00368
2.00016
1.99643
1.99259
1.98827
1.9841
1.97931
1.97484
1.96987
1.96515
1.96011
1.95515
1.95011
1.94493
1.9399
1.93461
1.92956
1.92429
1.91918
1.91408
1.90889
1.90407
1.8989
1.89443
1.88951
1.88546
1.88105
1.87761
1.87398
1.87122
1.86866
1.86703
1.86604
1.86615
1.86671
1.86785
1.86964
1.87295
1.87732
1.88278
1.88803
1.89333
1.89749
1.90116
1.90328
1.90501
1.90544
1.90634
1.90496
2.46566
2.4459
2.42391
2.40181
2.38192
2.36376
2.34788
2.33267
2.31813
2.30391
2.28914
2.27423
2.25851
2.24261
2.22611
2.2096
2.1928
2.17634
2.1598
2.14401
2.12819
2.11339
2.09877
2.08532
2.07257
2.06098
2.05049
2.04097
2.03271
2.02553
2.01972
2.01485
2.01068
2.00764
2.00552
2.00434
2.00327
2.0032
2.00325
2.00338
2.00331
2.00297
2.00227
2.00127
2.00043
1.99918
1.99775
1.99581
1.99353
1.99125
1.98827
1.98565
1.9821
1.97899
1.97499
1.97129
1.96698
1.9627
1.95826
1.95357
1.949
1.94406
1.93935
1.93434
1.92946
1.92452
1.91947
1.91464
1.90947
1.90478
1.89965
1.89508
1.89017
1.88573
1.88127
1.87708
1.87328
1.86965
1.86671
1.86387
1.86193
1.86035
1.86005
1.86023
1.86111
1.86243
1.86481
1.86853
1.8735
1.87875
1.88429
1.88917
1.89359
1.89658
1.89911
1.90006
1.90088
1.90084
1.90075
1.89918
2.47131
2.44509
2.42188
2.40053
2.38234
2.36523
2.34957
2.33501
2.32033
2.30605
2.29114
2.2761
2.26042
2.24447
2.2282
2.21178
2.19528
2.17891
2.16256
2.14657
2.13051
2.11522
2.09993
2.08583
2.07194
2.05942
2.04729
2.03654
2.02669
2.01789
2.01022
2.00352
1.99807
1.99308
1.98949
1.98681
1.98513
1.98402
1.9832
1.98314
1.9832
1.98314
1.9829
1.98235
1.9818
1.98079
1.97992
1.97813
1.97659
1.97414
1.97195
1.96908
1.96616
1.96287
1.95932
1.95564
1.95161
1.94756
1.94321
1.93885
1.93433
1.92965
1.92507
1.92014
1.91552
1.91052
1.90579
1.9009
1.89603
1.89138
1.88648
1.88217
1.87744
1.8735
1.86923
1.86581
1.86225
1.85968
1.857
1.85541
1.85412
1.85419
1.85456
1.85553
1.8575
1.86018
1.86457
1.86979
1.87509
1.88074
1.88522
1.88964
1.89225
1.89466
1.89541
1.89603
1.89574
1.89555
1.89517
1.89352
2.48418
2.45136
2.42632
2.40506
2.38716
2.37097
2.35505
2.34006
2.32479
2.30985
2.29449
2.27899
2.26311
2.24698
2.23061
2.21424
2.19789
2.18158
2.16526
2.14907
2.13293
2.11712
2.10158
2.08672
2.07227
2.05885
2.04576
2.03401
2.02241
2.01226
2.00273
1.99466
1.98759
1.98171
1.97667
1.97244
1.96986
1.96774
1.9668
1.96612
1.96596
1.96602
1.96611
1.96597
1.96557
1.96519
1.96441
1.96336
1.96188
1.95983
1.95773
1.9551
1.95249
1.94937
1.94617
1.9426
1.93883
1.93492
1.9307
1.92652
1.92202
1.91759
1.913
1.90827
1.90379
1.89882
1.89446
1.88939
1.88505
1.88011
1.87588
1.87125
1.86734
1.86322
1.8599
1.85661
1.8541
1.85188
1.85029
1.84953
1.84965
1.85022
1.8514
1.85337
1.85729
1.86169
1.86721
1.87237
1.87796
1.88228
1.88642
1.88903
1.89103
1.89195
1.89207
1.89187
1.89137
1.89055
1.88973
1.88804
2.50947
2.47179
2.44344
2.42119
2.40127
2.38393
2.36695
2.3508
2.33472
2.31868
2.30263
2.28628
2.26987
2.25324
2.23653
2.21983
2.20301
2.18629
2.16943
2.15292
2.13641
2.12039
2.10453
2.08932
2.07445
2.06034
2.04664
2.03387
2.02156
2.01045
1.99994
1.99068
1.98235
1.97503
1.96865
1.9632
1.95904
1.95597
1.95423
1.95314
1.95265
1.95244
1.95231
1.95221
1.95197
1.95171
1.95119
1.95056
1.94929
1.94783
1.94579
1.94362
1.94109
1.93826
1.93525
1.93184
1.92836
1.92456
1.92061
1.91662
1.91223
1.90811
1.90334
1.89909
1.89418
1.8898
1.88499
1.88057
1.87594
1.87163
1.86728
1.86326
1.85942
1.85592
1.8529
1.8503
1.84836
1.84675
1.84637
1.84654
1.84715
1.84859
1.85133
1.85558
1.86028
1.86606
1.87124
1.87658
1.88085
1.88454
1.88726
1.88877
1.88983
1.88977
1.88953
1.88909
1.88809
1.88659
1.88535
1.88363
2.54154
2.50226
2.47217
2.44721
2.42472
2.40383
2.38432
2.36566
2.34766
2.33001
2.31241
2.29502
2.27761
2.26047
2.24342
2.22651
2.20973
2.19291
2.17624
2.15958
2.14327
2.12697
2.11118
2.09553
2.08048
2.06578
2.05166
2.03814
2.0252
2.01311
2.0017
1.99134
1.98182
1.97362
1.9664
1.96031
1.95478
1.9507
1.94749
1.94504
1.94346
1.9426
1.94211
1.94196
1.94195
1.94189
1.94174
1.9414
1.94081
1.93966
1.93817
1.93625
1.93398
1.93149
1.92855
1.92546
1.92211
1.91842
1.91476
1.91054
1.90661
1.90203
1.89775
1.89305
1.88855
1.88396
1.87944
1.87502
1.87064
1.86646
1.86241
1.85871
1.85522
1.85237
1.84976
1.84807
1.84652
1.84632
1.84647
1.8471
1.84888
1.85212
1.85662
1.86169
1.86717
1.87258
1.87745
1.88198
1.88506
1.88786
1.88896
1.88985
1.88972
1.88943
1.88882
1.88786
1.88619
1.8843
1.88281
1.88099
2.57761
2.54115
2.51115
2.48438
2.45859
2.4344
2.41115
2.38925
2.36805
2.34778
2.32811
2.30916
2.29079
2.27296
2.25558
2.23852
2.2216
2.20478
2.18785
2.17098
2.15427
2.13788
2.12182
2.10616
2.09088
2.07607
2.06155
2.0477
2.03413
2.02151
2.00931
1.99819
1.98777
1.97838
1.97003
1.96271
1.95633
1.9506
1.94621
1.9429
1.94056
1.93902
1.93815
1.93774
1.93774
1.93777
1.93778
1.93769
1.9374
1.93675
1.9357
1.93405
1.93217
1.92979
1.92716
1.92421
1.92087
1.91744
1.91356
1.9097
1.90544
1.90113
1.89662
1.89203
1.88742
1.88275
1.8782
1.8736
1.86931
1.86499
1.86125
1.85757
1.85468
1.85226
1.85048
1.84936
1.84902
1.84918
1.85001
1.85252
1.85625
1.86072
1.86621
1.87123
1.87691
1.8811
1.88561
1.88833
1.89089
1.89191
1.89254
1.89224
1.89189
1.8912
1.88995
1.88833
1.88633
1.88427
1.88262
1.88076
2.61052
2.57781
2.54913
2.52164
2.49509
2.46907
2.44435
2.42071
2.39821
2.37676
2.356
2.33597
2.31625
2.29717
2.27822
2.25994
2.24157
2.22382
2.20599
2.18864
2.17164
2.15519
2.13911
2.1233
2.10786
2.0926
2.07776
2.0633
2.04936
2.03603
2.02323
2.0113
1.99993
1.98964
1.9801
1.97166
1.96422
1.9575
1.95173
1.94691
1.94342
1.94069
1.93908
1.93809
1.93773
1.93777
1.93787
1.93811
1.93808
1.93787
1.93736
1.9363
1.93492
1.9329
1.93058
1.92783
1.92467
1.92138
1.91758
1.91381
1.90953
1.90527
1.90072
1.89612
1.89148
1.88678
1.88222
1.87763
1.87346
1.86925
1.86584
1.86243
1.86019
1.8581
1.8569
1.85625
1.85641
1.85764
1.8603
1.86467
1.86874
1.87449
1.87908
1.88462
1.88862
1.8927
1.89527
1.89743
1.89837
1.89859
1.89835
1.89784
1.89708
1.8957
1.89384
1.89187
1.8896
1.8874
1.88556
1.88369
2.63484
2.6094
2.58456
2.55883
2.53223
2.50689
2.48184
2.4586
2.43581
2.41389
2.39211
2.37067
2.34953
2.32883
2.30883
2.28927
2.2705
2.25191
2.23406
2.21629
2.19893
2.18187
2.16514
2.14875
2.1327
2.11692
2.10167
2.08657
2.07216
2.05793
2.04441
2.03151
2.01921
2.00805
1.99741
1.98802
1.97928
1.97179
1.96478
1.95907
1.9543
1.95087
1.94828
1.94675
1.94584
1.94557
1.94564
1.94578
1.94609
1.94607
1.94587
1.94535
1.94441
1.94273
1.9408
1.93825
1.93519
1.93199
1.92793
1.92421
1.91939
1.91511
1.90996
1.90529
1.90015
1.89542
1.89055
1.88606
1.88189
1.87797
1.87493
1.87212
1.87043
1.8688
1.86828
1.86851
1.87046
1.87294
1.87753
1.88165
1.88722
1.89175
1.89696
1.90075
1.9045
1.90695
1.90858
1.90967
1.90951
1.90909
1.90868
1.90777
1.90657
1.90472
1.90273
1.90047
1.89813
1.8956
1.89369
1.89156
2.65679
2.63325
2.61058
2.58706
2.56367
2.53988
2.5175
2.49434
2.47272
2.45023
2.42882
2.40721
2.38653
2.36602
2.34627
2.32667
2.30752
2.28862
2.26988
2.25185
2.23341
2.21629
2.19856
2.182
2.165
2.1485
2.13213
2.11588
2.10024
2.08492
2.07045
2.05667
2.04368
2.03158
2.02026
2.00969
2.00033
1.99151
1.98417
1.97717
1.97161
1.96678
1.96319
1.96034
1.95834
1.95718
1.95642
1.95641
1.95653
1.95667
1.95696
1.9569
1.9566
1.95584
1.95483
1.95274
1.95071
1.94743
1.94436
1.94012
1.93588
1.93091
1.92575
1.92047
1.91494
1.90983
1.90457
1.90007
1.89566
1.89231
1.88904
1.88722
1.88508
1.88475
1.8853
1.88751
1.89009
1.89456
1.89861
1.90386
1.90834
1.91304
1.91689
1.91994
1.92261
1.92382
1.92495
1.92463
1.92427
1.9235
1.92269
1.92104
1.91927
1.91708
1.91473
1.91229
1.90961
1.90699
1.9049
1.90274
2.66759
2.64552
2.62673
2.60742
2.58778
2.56672
2.54619
2.52509
2.50413
2.48415
2.46338
2.44421
2.42408
2.40502
2.38532
2.36643
2.34702
2.32859
2.30953
2.29146
2.27256
2.25434
2.23562
2.21716
2.1989
2.18065
2.16321
2.14616
2.1298
2.11452
2.09947
2.08567
2.07205
2.05945
2.04725
2.036
2.0253
2.01557
2.0065
1.99837
1.99056
1.98416
1.97825
1.97383
1.9701
1.96793
1.96626
1.9659
1.96606
1.96647
1.96736
1.96846
1.9686
1.96836
1.96768
1.9662
1.96373
1.96053
1.95676
1.9525
1.94801
1.94309
1.93829
1.93313
1.92847
1.92354
1.91944
1.91533
1.91214
1.90946
1.90726
1.90595
1.90606
1.90715
1.90968
1.91293
1.91752
1.92194
1.92745
1.9322
1.93706
1.94116
1.94424
1.94691
1.94815
1.94914
1.9488
1.94805
1.94747
1.94623
1.94514
1.94284
1.94142
1.9386
1.93675
1.93375
1.93155
1.92844
1.92662
1.92396
2.6736
2.65347
2.63802
2.62205
2.60482
2.58635
2.56759
2.54934
2.53046
2.51265
2.49447
2.47613
2.4586
2.43988
2.42233
2.40345
2.38536
2.36605
2.34708
2.32723
2.30759
2.28752
2.26796
2.24858
2.23005
2.21183
2.19466
2.17775
2.16152
2.14591
2.13025
2.11565
2.10085
2.08703
2.07353
2.06066
2.04859
2.03704
2.02645
2.01664
2.00766
1.99967
1.99293
1.98729
1.98314
1.98007
1.97806
1.97716
1.97724
1.97744
1.97744
1.97726
1.97655
1.97561
1.97373
1.97182
1.96885
1.96604
1.96206
1.95841
1.95416
1.95023
1.94639
1.94246
1.93947
1.93612
1.93389
1.93176
1.93021
1.92932
1.92956
1.93033
1.9327
1.93606
1.9403
1.9453
1.95043
1.95627
1.96093
1.96613
1.96967
1.97297
1.97538
1.97643
1.97791
1.97767
1.9774
1.97714
1.97675
1.97586
1.97497
1.97306
1.97178
1.96908
1.9674
1.96385
1.9618
1.9577
1.95584
1.95186
2.67902
2.66033
2.64511
2.63116
2.61568
2.59941
2.58291
2.56631
2.54991
2.53378
2.5181
2.5023
2.48662
2.47025
2.45294
2.435
2.41553
2.39609
2.3754
2.3554
2.33505
2.31533
2.2962
2.27723
2.25939
2.2411
2.22402
2.20638
2.18947
2.17278
2.15603
2.14034
2.12452
2.10959
2.09526
2.08125
2.06832
2.05581
2.04424
2.03362
2.02399
2.01531
2.0078
2.0016
1.99625
1.99217
1.98921
1.98667
1.98409
1.98181
1.98
1.97838
1.97693
1.97521
1.97353
1.97133
1.96928
1.96682
1.9649
1.96216
1.96016
1.95769
1.95575
1.95394
1.95226
1.95102
1.94978
1.94981
1.95017
1.95099
1.95298
1.95601
1.96051
1.96504
1.9706
1.97627
1.98183
1.98734
1.99241
1.99626
2.0005
2.00263
2.00538
2.00694
2.00797
2.00866
2.00924
2.00923
2.00898
2.00832
2.00681
2.00485
2.00255
1.99907
1.99647
1.99143
1.98843
1.9823
1.97943
1.97316
2.68362
2.66379
2.65031
2.63708
2.62401
2.60814
2.5929
2.57731
2.56253
2.54914
2.53575
2.5223
2.50801
2.49206
2.47482
2.4562
2.43657
2.41674
2.39683
2.37691
2.35787
2.33838
2.31983
2.30091
2.28243
2.26401
2.24568
2.22777
2.20994
2.1928
2.17581
2.15952
2.14363
2.12803
2.1134
2.09862
2.08523
2.072
2.05997
2.04893
2.03872
2.02977
2.02141
2.01393
2.00742
2.00117
1.99524
1.98962
1.9849
1.98088
1.97756
1.97489
1.97295
1.97165
1.97059
1.96984
1.96927
1.96888
1.96811
1.96754
1.96643
1.96561
1.96461
1.96407
1.96362
1.96372
1.96417
1.96511
1.96728
1.97
1.97385
1.97854
1.98408
1.99051
1.99669
2.0035
2.00963
2.01536
2.02095
2.02538
2.02916
2.03303
2.03454
2.03759
2.0381
2.03843
2.03838
2.038
2.03663
2.03501
2.03163
2.02888
2.02402
2.02001
2.0144
2.00936
2.00403
1.99837
1.99477
1.98929
2.6878
2.66756
2.65495
2.64295
2.62971
2.61459
2.59894
2.58508
2.57214
2.56058
2.54855
2.53539
2.52068
2.50428
2.48654
2.46809
2.44888
2.42997
2.41071
2.39173
2.37284
2.35378
2.33483
2.31605
2.29712
2.27888
2.26048
2.24286
2.22523
2.20812
2.19129
2.17446
2.15846
2.14208
2.12707
2.11189
2.09822
2.08497
2.07285
2.06175
2.051
2.04133
2.03169
2.02247
2.01361
2.00459
1.99648
1.98905
1.98262
1.97715
1.97301
1.96986
1.96806
1.96708
1.9664
1.96636
1.96648
1.96682
1.96751
1.96783
1.96808
1.96831
1.96875
1.96923
1.97044
1.97178
1.97429
1.97705
1.98111
1.98608
1.99205
1.99862
2.00607
2.01353
2.02152
2.02874
2.03593
2.04219
2.04747
2.05254
2.05593
2.0587
2.06107
2.06174
2.06153
2.061
2.05962
2.0581
2.05472
2.0522
2.04707
2.04362
2.0379
2.03396
2.02835
2.02422
2.0192
2.01528
2.01203
2.00872
2.69091
2.67194
2.65991
2.64805
2.63433
2.61927
2.60462
2.59177
2.58004
2.5686
2.55618
2.54237
2.5265
2.50988
2.49167
2.47368
2.45488
2.4364
2.41776
2.39881
2.38028
2.36137
2.34279
2.32451
2.30633
2.28875
2.27116
2.25399
2.23663
2.21962
2.2023
2.18553
2.16877
2.15276
2.1373
2.12282
2.1089
2.09621
2.08355
2.07209
2.06009
2.04919
2.03766
2.02668
2.01566
2.00516
1.99563
1.98674
1.97912
1.97252
1.96742
1.96334
1.96085
1.95949
1.95881
1.95882
1.95911
1.95993
1.96169
1.96296
1.96512
1.96672
1.96903
1.97104
1.97412
1.97757
1.98179
1.987
1.99293
2.00022
2.0081
2.01675
2.0255
2.03454
2.0429
2.05106
2.05817
2.06427
2.06974
2.07343
2.07652
2.07861
2.07883
2.07849
2.07735
2.07615
2.07352
2.07119
2.06699
2.06395
2.05908
2.05611
2.05085
2.04799
2.04282
2.03992
2.03532
2.03212
2.02929
2.02643
2.69393
2.67624
2.66485
2.653
2.63963
2.62535
2.61142
2.59877
2.58661
2.57383
2.55986
2.54477
2.52826
2.51136
2.49372
2.47573
2.45747
2.4386
2.42014
2.40105
2.38273
2.36446
2.34673
2.32946
2.31256
2.29555
2.27905
2.26164
2.2449
2.22729
2.21033
2.1933
2.17688
2.16121
2.14592
2.13193
2.1177
2.10499
2.09136
2.07913
2.06576
2.05344
2.04042
2.02793
2.01582
2.00414
1.99344
1.98341
1.97472
1.9669
1.96075
1.95563
1.95215
1.95026
1.94932
1.9493
1.94956
1.95074
1.95331
1.95564
1.95908
1.96234
1.96622
1.97066
1.97536
1.98132
1.98748
1.99517
2.00319
2.01247
2.02201
2.03198
2.04176
2.05124
2.05986
2.06795
2.07452
2.08046
2.08469
2.08789
2.09024
2.09062
2.09036
2.08958
2.08784
2.08585
2.08305
2.08041
2.07672
2.07358
2.06964
2.06647
2.06211
2.05942
2.0545
2.05208
2.0472
2.0447
2.04149
2.03885
2.69658
2.68009
2.6695
2.65872
2.64622
2.63295
2.61896
2.60484
2.5907
2.57575
2.56063
2.54476
2.52871
2.51158
2.49454
2.47611
2.45793
2.4386
2.42003
2.40119
2.38323
2.36596
2.34909
2.3328
2.31667
2.30009
2.28403
2.26671
2.25036
2.23291
2.2167
2.19995
2.18454
2.16899
2.15441
2.14001
2.12569
2.11195
2.09746
2.08378
2.06926
2.0554
2.04138
2.02769
2.01487
2.00203
1.99078
1.9795
1.97019
1.96118
1.95409
1.94799
1.94347
1.94084
1.93939
1.93927
1.93948
1.94073
1.94367
1.94694
1.95173
1.9566
1.96229
1.96884
1.97566
1.98393
1.99229
2.00223
2.01227
2.02318
2.03394
2.04467
2.05487
2.06421
2.07274
2.07997
2.0861
2.09108
2.09446
2.09721
2.09835
2.09825
2.09772
2.09657
2.09439
2.09237
2.08971
2.08692
2.08347
2.08049
2.07672
2.07349
2.06955
2.06631
2.06193
2.05918
2.05416
2.0522
2.04841
2.04656
2.69811
2.68394
2.67524
2.66665
2.65477
2.64045
2.62468
2.60828
2.5923
2.57653
2.56096
2.54514
2.5294
2.51218
2.49501
2.47612
2.45756
2.43814
2.41952
2.40127
2.38356
2.36708
2.35041
2.33471
2.3187
2.30278
2.28693
2.27077
2.25491
2.23899
2.2235
2.20788
2.19307
2.17758
2.16308
2.14759
2.13283
2.11727
2.10207
2.08656
2.07125
2.05606
2.04137
2.02683
2.01349
1.99978
1.98819
1.97596
1.96609
1.95621
1.94816
1.94127
1.93565
1.93217
1.93012
1.92971
1.92981
1.93093
1.934
1.93792
1.94409
1.95033
1.95829
1.96677
1.9762
1.9867
1.99749
2.00945
2.02124
2.03336
2.04495
2.05589
2.06602
2.07478
2.08275
2.08893
2.09436
2.09813
2.10082
2.10267
2.1029
2.10262
2.10184
2.10026
2.09813
2.09613
2.09355
2.09062
2.0874
2.0842
2.08049
2.07711
2.07309
2.06972
2.06554
2.06221
2.05783
2.05585
2.05189
2.0511
2.69929
2.68911
2.68319
2.67514
2.66197
2.64542
2.62792
2.61067
2.59372
2.57833
2.56191
2.54638
2.52954
2.51242
2.49449
2.4761
2.45741
2.43871
2.41999
2.40219
2.38407
2.36763
2.35065
2.33524
2.31951
2.30475
2.28975
2.27556
2.26065
2.2467
2.23168
2.21714
2.20203
2.18634
2.17091
2.15423
2.1383
2.12118
2.10498
2.08811
2.07217
2.056
2.04105
2.02569
2.01221
1.99791
1.98599
1.97324
1.9627
1.95239
1.94325
1.93587
1.92921
1.92476
1.92226
1.92126
1.92125
1.9221
1.92499
1.92964
1.93688
1.94481
1.95484
1.96538
1.97731
1.98991
2.00302
2.01663
2.02984
2.04268
2.05465
2.06543
2.07512
2.08329
2.09024
2.0956
2.09994
2.10266
2.1048
2.10562
2.10551
2.10501
2.10386
2.1021
2.10001
2.09793
2.09528
2.09232
2.08911
2.08575
2.08205
2.07846
2.07449
2.07095
2.06663
2.06317
2.05931
2.05692
2.05357
2.0536
2.70176
2.69477
2.69069
2.68138
2.66643
2.64812
2.63071
2.61374
2.59673
2.58059
2.56303
2.54687
2.5292
2.51266
2.49426
2.47662
2.45775
2.43962
2.42076
2.40308
2.38455
2.36774
2.35059
2.33505
2.31998
2.3061
2.29249
2.27987
2.26637
2.25375
2.23933
2.22529
2.20966
2.1936
2.17691
2.15927
2.14207
2.12377
2.10679
2.08889
2.07261
2.05578
2.04067
2.02491
2.01135
1.99661
1.98444
1.97134
1.96016
1.94955
1.93953
1.93174
1.92412
1.91908
1.91581
1.91446
1.91439
1.91516
1.91787
1.92299
1.93112
1.94066
1.95246
1.9651
1.97931
1.99394
2.00894
2.02381
2.0379
2.05107
2.06299
2.07343
2.08233
2.08979
2.09557
2.10013
2.10341
2.10545
2.10688
2.10701
2.10678
2.10609
2.10476
2.10286
2.10085
2.09869
2.09605
2.0931
2.08984
2.08631
2.08244
2.07861
2.07457
2.07074
2.06641
2.06305
2.05937
2.05687
2.05447
2.05497
2.70438
2.6995
2.69534
2.68477
2.66884
2.65055
2.63353
2.61631
2.59887
2.5814
2.56343
2.54653
2.5291
2.51312
2.49495
2.47761
2.45823
2.4399
2.42077
2.40309
2.3847
2.36779
2.35088
2.33534
2.32096
2.3078
2.29533
2.28399
2.27143
2.25968
2.2455
2.23146
2.21523
2.19862
2.18086
2.16252
2.14431
2.12539
2.10777
2.08936
2.07285
2.05567
2.04052
2.02454
2.01091
1.99598
1.98357
1.97028
1.95853
1.94771
1.937
1.92886
1.92056
1.91512
1.91129
1.90969
1.90964
1.91039
1.91307
1.9186
1.92725
1.93797
1.95116
1.96554
1.98139
1.99751
2.01371
2.02947
2.04395
2.05746
2.06904
2.07931
2.08749
2.09443
2.09939
2.10333
2.10576
2.1074
2.10809
2.10799
2.10759
2.10657
2.10529
2.10323
2.10123
2.09901
2.09634
2.09336
2.09002
2.0864
2.08245
2.0785
2.07439
2.07038
2.06611
2.06276
2.05914
2.0568
2.05496
2.05573
2.70572
2.70216
2.69761
2.68618
2.67021
2.65223
2.63518
2.61751
2.59956
2.58141
2.56352
2.54634
2.52921
2.51346
2.49564
2.47844
2.45872
2.44006
2.42063
2.40292
2.38478
2.36798
2.35131
2.33578
2.32171
2.30886
2.29697
2.28624
2.27422
2.26289
2.24879
2.23469
2.2181
2.20115
2.18284
2.16418
2.14546
2.12633
2.10837
2.0898
2.07317
2.05582
2.04065
2.02453
2.01084
1.99581
1.9832
1.96987
1.95778
1.9469
1.93582
1.92753
1.9189
1.91326
1.90912
1.90739
1.90736
1.90811
1.91081
1.91651
1.92553
1.93685
1.95072
1.96595
1.98257
1.99938
2.01612
2.03223
2.04687
2.06039
2.07186
2.08193
2.08995
2.0966
2.1013
2.10497
2.10706
2.10855
2.10889
2.10872
2.10822
2.10698
2.1058
2.10363
2.10158
2.09929
2.09659
2.09357
2.09019
2.08652
2.08254
2.07856
2.07442
2.07036
2.06612
2.06277
2.05918
2.05695
2.05529
2.05616
)
;

boundaryField
{
    inlet
    {
        type            fixedValue;
        value           uniform 1;
    }
    outlet
    {
        type            zeroGradient;
    }
    top
    {
        type            symmetryPlane;
    }
    bottom
    {
        type            symmetryPlane;
    }
    obstacle
    {
        type            zeroGradient;
    }
    frontAndBack
    {
        type            empty;
    }
}


// ************************************************************************* //
