/*--------------------------------*- C++ -*----------------------------------*\
  =========                 |
  \\      /  F ield         | OpenFOAM: The Open Source CFD Toolbox
   \\    /   O peration     | Website:  https://openfoam.org
    \\  /    A nd           | Version:  13
     \\/     M anipulation  |
\*---------------------------------------------------------------------------*/
FoamFile
{
    format      ascii;
    class       volScalarField;
    location    "10";
    object      Ma;
}
// * * * * * * * * * * * * * * * * * * * * * * * * * * * * * * * * * * * * * //

dimensions      [];

internalField   nonuniform List<scalar> 
5250
(
2.99999
2.99996
2.99987
2.99968
2.99912
2.99797
2.99467
2.98738
2.96804
2.92206
2.8046
2.51901
1.89879
0.911183
0.369323
0.336923
0.347807
0.338516
0.304146
0.251462
0.203112
0.162298
0.121029
0.075494
0.0419303
2.99999
2.99996
2.99987
2.99967
2.99916
2.99794
2.99476
2.98758
2.96804
2.92344
2.806
2.52418
1.90792
0.922354
0.37696
0.338579
0.349537
0.3407
0.306871
0.25513
0.207949
0.168479
0.129422
0.0891385
0.0651994
2.99999
2.99996
2.99987
2.9997
2.99913
2.99808
2.99471
2.98804
2.96859
2.92518
2.81018
2.53411
1.92834
0.947328
0.394322
0.342769
0.354227
0.346838
0.314526
0.265247
0.220951
0.184893
0.150941
0.119267
0.103681
2.99999
2.99996
2.99988
2.9997
2.99918
2.9981
2.99495
2.98843
2.9695
2.92801
2.81617
2.54952
1.95855
0.986448
0.420504
0.348557
0.361374
0.35665
0.326696
0.281004
0.240623
0.209062
0.180904
0.156575
0.145729
2.99999
2.99996
2.99988
2.99971
2.99922
2.99819
2.99518
2.98896
2.97089
2.93137
2.82461
2.56975
1.99953
1.04081
0.455406
0.355454
0.370595
0.369692
0.342671
0.301284
0.265332
0.238641
0.216095
0.197653
0.190094
2.99999
2.99997
2.99989
2.99974
2.99925
2.99834
2.99539
2.98971
2.97263
2.93544
2.8353
2.59504
2.05183
1.11276
0.499459
0.363332
0.382012
0.38605
0.362314
0.325741
0.294598
0.273066
0.256272
0.243507
0.239451
3
2.99997
2.9999
2.99976
2.9993
2.99847
2.99575
2.99051
2.9747
2.94049
2.84792
2.62589
2.11597
1.20565
0.553428
0.373139
0.396397
0.406173
0.385767
0.354267
0.328285
0.312295
0.301762
0.295597
0.296959
3
2.99997
2.99991
2.99978
2.99938
2.99858
2.99627
2.99115
2.97761
2.94548
2.86352
2.66117
2.19313
1.32362
0.618339
0.38721
0.415188
0.430705
0.413321
0.386915
0.36635
0.35657
0.353469
0.356245
0.368217
3
2.99998
2.99992
2.99981
2.99944
2.99877
2.99663
2.99234
2.97992
2.9524
2.87911
2.70201
2.28153
1.46919
0.694875
0.410926
0.442271
0.461439
0.446383
0.424624
0.40953
0.406091
0.412006
0.429272
0.463812
3
2.99998
2.99994
2.99982
2.99956
2.99886
2.99722
2.99316
2.98297
2.95858
2.89656
2.74419
2.37882
1.64415
0.783689
0.451666
0.482359
0.4999
0.487025
0.468649
0.45829
0.460858
0.48018
0.524641
0.626388
3
2.99999
2.99994
2.99986
2.99959
2.99907
2.99753
2.99423
2.98526
2.96449
2.91129
2.78105
2.46474
1.80413
0.875233
0.495734
0.521708
0.537508
0.530686
0.516427
0.510509
0.520763
0.557699
0.639071
0.798502
3
2.99999
2.99995
2.99987
2.99966
2.99917
2.99792
2.99485
2.98751
2.96866
2.92381
2.80915
2.5317
1.92971
0.985633
0.554383
0.549136
0.563876
0.567633
0.561515
0.562429
0.581538
0.631929
0.729008
0.885547
3
2.99999
2.99996
2.9999
2.9997
2.99932
2.99814
2.99575
2.98892
2.97369
2.93359
2.83683
2.59438
2.05645
1.14009
0.635998
0.56644
0.583283
0.59609
0.600437
0.610133
0.637638
0.692915
0.784112
0.911391
3
2.99999
2.99997
2.99991
2.99975
2.99942
2.99844
2.9964
2.9907
2.97774
2.94416
2.86252
2.65744
2.18814
1.32951
0.733315
0.584223
0.600497
0.619835
0.634162
0.65196
0.684319
0.738277
0.817659
0.922496
3
3
2.99998
2.99992
2.99982
2.99948
2.99883
2.99684
2.99275
2.9812
2.95522
2.88693
2.72145
2.32732
1.5563
0.850567
0.61788
0.627865
0.646967
0.666908
0.688257
0.72162
0.771768
0.840797
0.928917
3.00001
3
2.99998
2.99994
2.99984
2.99961
2.99901
2.99763
2.99394
2.98582
2.96364
2.91322
2.782
2.47402
1.82917
0.987193
0.675536
0.669895
0.683582
0.703212
0.72342
0.753564
0.798308
0.857798
0.932436
3.00001
3
2.99999
2.99995
2.99989
2.99967
2.99926
2.99798
2.99542
2.98803
2.97181
2.92872
2.82593
2.57006
2.01407
1.12784
0.736419
0.704252
0.718198
0.73603
0.755092
0.781803
0.820078
0.870567
0.93316
3.00001
3
2.99999
2.99997
2.9999
2.99975
2.99938
2.99845
2.99628
2.99051
2.97762
2.94288
2.86184
2.65421
2.18737
1.34677
0.839357
0.73224
0.742616
0.759304
0.779755
0.80418
0.837001
0.879614
0.931636
3.00001
3
3
2.99998
2.99993
2.99981
2.9995
2.99886
2.99694
2.99312
2.98162
2.95766
2.89108
2.73499
2.35846
1.61976
0.969113
0.770713
0.766211
0.778605
0.79941
0.822053
0.850058
0.886011
0.92707
3.00001
3
3
2.99998
2.99995
2.99986
2.99964
2.99912
2.99775
2.99479
2.98638
2.96853
2.91937
2.8059
2.52437
1.93277
1.13003
0.829652
0.797087
0.803781
0.819918
0.838972
0.861841
0.888833
0.918959
3.00001
3.00001
3
2.99999
2.99996
2.99989
2.99973
2.99932
2.99833
2.99595
2.98985
2.97575
2.93898
2.85179
2.63254
2.14645
1.31971
0.899641
0.820911
0.825049
0.837477
0.853607
0.870012
0.88708
0.907384
3.00001
3.00001
3
2.99999
2.99998
2.99992
2.99981
2.99947
2.99881
2.99685
2.99269
2.98131
2.95523
2.88803
2.7247
2.3401
1.59618
1.0195
0.853124
0.842801
0.849525
0.86116
0.870479
0.879224
0.892635
3.00001
3.00001
3
3
2.99998
2.99994
2.99986
2.99962
2.99915
2.99767
2.99489
2.98616
2.96872
2.91925
2.80653
2.52741
1.94158
1.18045
0.903451
0.863064
0.859996
0.862444
0.864997
0.868793
0.877959
3.00001
3.00001
3.00001
3
2.99999
2.99996
2.9999
2.99973
2.99936
2.99832
2.99617
2.98986
2.97687
2.94006
2.85707
2.64382
2.17374
1.37313
0.961827
0.870794
0.857659
0.854736
0.854511
0.856879
0.864922
3.00001
3.00001
3.00001
3
2.99999
2.99998
2.99992
2.99981
2.99951
2.99882
2.9971
2.99278
2.9827
2.9565
2.89488
2.7379
2.37453
1.6612
1.06663
0.878511
0.846654
0.841973
0.84073
0.843798
0.854062
3.00001
3.00001
3.00001
3
3
2.99998
2.99995
2.99987
2.99963
2.99919
2.99778
2.99506
2.98694
2.96973
2.92319
2.8143
2.5467
1.97884
1.20704
0.893874
0.831856
0.82475
0.822868
0.829329
0.845082
3.00001
3.00001
3.00001
3.00001
3
2.99999
2.99997
2.99989
2.99976
2.99933
2.99848
2.99602
2.99069
2.97639
2.94315
2.85817
2.6522
2.18571
1.38224
0.921136
0.800573
0.792474
0.797109
0.812712
0.837264
3.00001
3.00001
3.00001
3.00001
3
3
2.99997
2.99993
2.9998
2.99955
2.99874
2.99724
2.99248
2.98298
2.95573
2.89429
2.73469
2.36674
1.64715
0.984176
0.764281
0.751602
0.766154
0.793901
0.828471
3.00001
3.00001
3.00001
3.00001
3
3
2.99998
2.99995
2.99984
2.99965
2.99904
2.99781
2.99426
2.98653
2.96591
2.91754
2.79451
2.50203
1.88733
1.05509
0.724301
0.70171
0.729668
0.771186
0.816336
3.00001
3.00001
3.00001
3.00001
3
3
2.99999
2.99996
2.99988
2.99971
2.99921
2.99823
2.99515
2.98916
2.97111
2.93224
2.82704
2.57761
2.02407
1.13502
0.689639
0.63604
0.677136
0.734231
0.792746
3.00001
3.00001
3.00001
3.00001
3.00001
3
2.99999
2.99996
2.99991
2.99973
2.9994
2.99836
2.99623
2.9902
2.97656
2.94089
2.85438
2.63652
2.14301
1.27332
0.691855
0.560161
0.612951
0.688486
0.75817
3.00001
3.00001
3.00001
3.00001
3.00001
3
2.99999
2.99997
2.99992
2.99978
2.99948
2.9986
2.99682
2.99137
2.98041
2.94828
2.87609
2.6855
2.24913
1.42641
0.709252
0.488982
0.556827
0.648326
0.720543
3.00001
3.00001
3.00001
3.00001
3.00001
3
3
2.99998
2.99993
2.99982
2.99953
2.99885
2.99703
2.99307
2.98183
2.95721
2.89032
2.73028
2.34233
1.58497
0.741022
0.44435
0.525689
0.622373
0.688064
3.00001
3.00001
3.00001
3.00001
3.00001
3
3
2.99998
2.99994
2.99983
2.9996
2.99891
2.99757
2.9933
2.98498
2.96016
2.90533
2.75946
2.41711
1.71411
0.778244
0.416939
0.503959
0.596178
0.654973
3.00001
3.00001
3.00001
3.00001
3.00001
3
3
2.99998
2.99994
2.99986
2.9996
2.99911
2.9975
2.99451
2.98497
2.96555
2.91041
2.7816
2.45964
1.78717
0.815577
0.40297
0.483089
0.56197
0.61835
3.00001
3.00001
3.00001
3.00001
3.00001
3
3
2.99999
2.99995
2.99987
2.99964
2.99913
2.9978
2.99458
2.9867
2.96675
2.91826
2.79508
2.4955
1.85128
0.87443
0.42031
0.462827
0.524827
0.585065
3.00001
3.00001
3.00001
3.00001
3.00001
3
3
2.99999
2.99995
2.99988
2.99965
2.99922
2.99788
2.99508
2.98728
2.96937
2.92285
2.80872
2.52536
1.90915
0.941254
0.445553
0.442541
0.499559
0.561163
3.00001
3.00001
3.00001
3.00001
3.00001
3
3
2.99999
2.99996
2.99988
2.9997
2.9992
2.99817
2.99503
2.98873
2.97012
2.92917
2.81894
2.55433
1.96736
1.0064
0.471785
0.426619
0.481264
0.54376
3.00001
3.00001
3.00001
3.00001
3.00001
3.00001
3
2.99999
2.99996
2.99989
2.9997
2.99929
2.99818
2.99555
2.98901
2.97256
2.93249
2.83054
2.57917
2.01784
1.07243
0.497215
0.410548
0.466626
0.532427
3.00001
3.00001
3.00001
3.00001
3.00001
3.00001
3
2.99999
2.99996
2.99989
2.99973
2.99933
2.99829
2.9959
2.98938
2.97488
2.93528
2.84187
2.60163
2.0664
1.13814
0.520977
0.392921
0.454309
0.525355
3.00001
3.00001
3.00001
3.00001
3.00001
3.00001
3
2.99999
2.99996
2.99991
2.99973
2.9994
2.99832
2.99626
2.98988
2.97644
2.9391
2.85091
2.62432
2.1119
1.20341
0.542329
0.373352
0.443538
0.521016
3.00001
3.00001
3.00001
3.00001
3.00001
3.00001
3
2.99999
2.99997
2.99991
2.99977
2.99939
2.99853
2.9963
2.9908
2.97737
2.94328
2.85894
2.64583
2.15589
1.26787
0.561077
0.352695
0.433652
0.517652
3.00001
3.00001
3.00001
3.00001
3.00001
3.00001
3
2.99999
2.99997
2.99991
2.99979
2.9994
2.99869
2.99636
2.9917
2.97802
2.94761
2.86579
2.66669
2.19715
1.33097
0.577313
0.331828
0.425004
0.515623
3.00001
3.00001
3.00001
3.00001
3.00001
3.00001
3
2.99999
2.99997
2.99992
2.99979
2.99948
2.99865
2.99682
2.99161
2.98035
2.94878
2.87548
2.68329
2.23701
1.39241
0.591692
0.311582
0.417583
0.514426
3.00001
3.00001
3.00001
3.00001
3.00001
3.00001
3
3
2.99997
2.99993
2.99979
2.99953
2.99869
2.99704
2.99204
2.98132
2.95176
2.88179
2.7004
2.27308
1.45146
0.603964
0.29211
0.410887
0.512997
3.00001
3.00001
3.00001
3.00001
3.00001
3.00001
3
2.99999
2.99998
2.99993
2.99982
2.99951
2.99885
2.99699
2.99276
2.98167
2.95489
2.88664
2.71577
2.30585
1.50555
0.614638
0.275059
0.405408
0.511181
3.00001
3.00001
3.00001
3.00001
3.00001
3.00001
3
3
2.99998
2.99993
2.99983
2.99952
2.99892
2.997
2.99333
2.98179
2.95784
2.89011
2.72926
2.33371
1.55261
0.625258
0.262173
0.401369
0.509198
3.00001
3.00001
3.00001
3.00001
3.00001
3.00001
3
3
2.99998
2.99993
2.99983
2.99955
2.99889
2.99727
2.99306
2.98335
2.95743
2.89609
2.73666
2.35771
1.59079
0.636192
0.253023
0.398027
0.50707
3.00001
3.00001
3.00001
3.00001
3.00001
3.00001
3
3
2.99998
2.99994
2.99982
2.99958
2.99886
2.99742
2.99296
2.98406
2.95778
2.89903
2.74249
2.37395
1.6189
0.645314
0.246692
0.395143
0.505075
3.00001
3.00001
3.00001
3.00001
3.00001
3.00001
3
3
2.99998
2.99994
2.99983
2.99957
2.99891
2.99729
2.99343
2.98325
2.95973
2.89789
2.74719
2.38031
1.63294
0.65042
0.243684
0.393309
0.503705
0.9715
0.769787
0.264886
0.230446
0.29511
0.378562
0.40501
0.416472
0.429731
0.447938
0.461555
0.465567
0.46375
0.459787
0.454395
0.445701
0.432838
0.416233
0.396584
0.374557
0.350774
0.325597
0.299518
0.272719
0.244543
0.216039
0.187563
0.159313
0.13143
0.103849
0.0765751
0.0498952
0.0254924
0.0160801
0.0378692
0.0623576
0.0874122
0.11184
0.135434
0.158508
0.180098
0.201456
0.223845
0.246421
0.268087
0.289148
0.309603
0.329801
0.349566
0.368995
0.388093
0.406887
0.425312
0.44354
0.461358
0.479023
0.49631
0.513438
0.530207
0.546767
0.563084
0.579105
0.594968
0.610507
0.625885
0.640987
0.655884
0.670549
0.684989
0.699193
0.713177
0.72691
0.740427
0.75369
0.766743
0.779544
0.792134
0.804461
0.816575
0.828381
0.839979
0.851205
0.862189
0.872754
0.882972
0.892725
0.902019
0.910704
0.918808
0.926086
0.932513
0.937894
0.941959
0.944542
0.945933
0.946859
0.947249
0.946716
0.944875
0.94816
0.950683
0.831044
0.570731
0.428463
0.302016
0.167207
0.0562863
0.06743
0.126397
0.174651
0.200927
0.204057
0.195673
0.190142
0.184441
0.174707
0.161336
0.14567
0.127394
0.107401
0.0863641
0.0651264
0.0450915
0.0320113
0.0344167
0.0519792
0.0734739
0.096643
0.120157
0.1438
0.167144
0.19009
0.212569
0.234103
0.255086
0.275904
0.296832
0.317372
0.337641
0.357432
0.376383
0.394685
0.413771
0.433177
0.452055
0.47022
0.488021
0.505565
0.52276
0.539757
0.55642
0.572902
0.589066
0.605037
0.620748
0.636209
0.651499
0.66649
0.681356
0.695939
0.710372
0.724583
0.738596
0.752438
0.766062
0.779521
0.792772
0.805837
0.818708
0.831373
0.843861
0.856124
0.868228
0.880096
0.891819
0.903293
0.914629
0.925697
0.936609
0.947252
0.95767
0.96785
0.977697
0.987284
0.996491
1.0053
1.01373
1.02156
1.02889
1.03547
1.04123
1.04607
1.04965
1.05181
1.05289
1.05366
1.0539
1.0532
1.051
1.05391
0.962527
0.931457
0.828603
0.738402
0.643892
0.535954
0.446873
0.362489
0.293158
0.24283
0.204916
0.178625
0.154238
0.135132
0.135236
0.143397
0.153915
0.166465
0.181131
0.197123
0.214079
0.231815
0.250205
0.268827
0.287301
0.306112
0.325138
0.344236
0.363396
0.382398
0.401138
0.419597
0.437627
0.455156
0.472341
0.489247
0.506189
0.522822
0.539457
0.555637
0.571236
0.586251
0.601635
0.61764
0.633539
0.648793
0.663773
0.678419
0.693046
0.707321
0.721644
0.735518
0.749517
0.763006
0.776665
0.789808
0.803119
0.815949
0.82892
0.841453
0.854105
0.866335
0.878683
0.890611
0.902663
0.914306
0.926056
0.93743
0.948864
0.959968
0.971069
0.981892
0.992648
1.00318
1.0136
1.02384
1.0339
1.04384
1.05352
1.0631
1.0724
1.08153
1.0904
1.09896
1.10732
1.11525
1.12285
1.12994
1.13648
1.14238
1.14746
1.15173
1.15483
1.15653
1.15739
1.15801
1.15812
1.15726
1.15462
1.15714
0.986091
0.999888
0.967459
0.915553
0.854365
0.784954
0.714841
0.65207
0.600576
0.562109
0.534596
0.513206
0.499085
0.48952
0.484948
0.484043
0.484313
0.486527
0.490921
0.497421
0.505566
0.515174
0.52567
0.536966
0.548745
0.560984
0.573602
0.586374
0.599303
0.612164
0.624989
0.637582
0.650056
0.662273
0.67427
0.686297
0.698265
0.710403
0.722476
0.734548
0.746106
0.757337
0.768742
0.780943
0.793412
0.805479
0.817321
0.828941
0.840639
0.852144
0.863774
0.875168
0.88668
0.897959
0.909326
0.920495
0.931712
0.942774
0.953847
0.964793
0.975719
0.986526
0.997297
1.00793
1.01854
1.02897
1.03938
1.0496
1.0598
1.06978
1.07973
1.08947
1.09915
1.10866
1.11806
1.12733
1.13644
1.14547
1.15434
1.1631
1.17176
1.18015
1.18844
1.19643
1.2041
1.2115
1.21837
1.22491
1.23085
1.23612
1.24074
1.24428
1.24682
1.248
1.24858
1.24878
1.24853
1.24722
1.2437
1.2455
0.998352
1.03396
1.03552
1.01321
0.977808
0.933856
0.887857
0.845112
0.813018
0.789459
0.773652
0.761264
0.752643
0.747749
0.746924
0.748941
0.750437
0.75041
0.750609
0.752305
0.754984
0.758343
0.762433
0.766975
0.771885
0.777073
0.782579
0.788356
0.79439
0.800708
0.80713
0.813874
0.820591
0.827541
0.834554
0.841899
0.849391
0.857292
0.865385
0.873747
0.881814
0.889757
0.897914
0.906937
0.916542
0.925987
0.935342
0.944547
0.953902
0.963204
0.972704
0.982144
0.991753
1.00129
1.01096
1.02056
1.03027
1.0399
1.04964
1.05928
1.06903
1.07867
1.0884
1.09799
1.10766
1.11717
1.12672
1.13611
1.14548
1.15475
1.16391
1.173
1.18196
1.19084
1.19969
1.20845
1.21721
1.22583
1.23434
1.24271
1.25082
1.25886
1.26651
1.27408
1.28124
1.28813
1.29464
1.30063
1.3062
1.31097
1.31518
1.31826
1.32028
1.32109
1.3215
1.32153
1.32069
1.31886
1.31475
1.31585
0.999532
1.04424
1.06303
1.061
1.04432
1.01954
0.992053
0.967558
0.949826
0.939316
0.933829
0.931512
0.930549
0.93024
0.93064
0.93245
0.934408
0.934276
0.932168
0.930531
0.929627
0.929204
0.929122
0.929307
0.929698
0.930308
0.931218
0.932474
0.934111
0.936131
0.938619
0.941386
0.944653
0.94817
0.952128
0.956396
0.961131
0.966239
0.971901
0.977753
0.983685
0.989363
0.995552
1.00235
1.01017
1.01784
1.02584
1.03356
1.04165
1.04962
1.05792
1.06616
1.07463
1.08309
1.09168
1.10029
1.10898
1.11768
1.12647
1.13521
1.14407
1.15285
1.16171
1.17052
1.17933
1.18814
1.19688
1.20563
1.21432
1.22296
1.23161
1.24013
1.24879
1.25731
1.26587
1.27425
1.28252
1.2907
1.29866
1.30656
1.31417
1.32169
1.32888
1.33589
1.34257
1.3489
1.35488
1.36029
1.36524
1.36946
1.37286
1.37543
1.37649
1.37691
1.37701
1.37668
1.37498
1.37251
1.36777
1.36831
0.993619
1.0398
1.0668
1.07619
1.0731
1.06241
1.04976
1.03938
1.034
1.03366
1.03704
1.04191
1.04692
1.05086
1.05316
1.05496
1.05758
1.05916
1.0582
1.05524
1.05241
1.04998
1.04793
1.0461
1.04444
1.04296
1.04167
1.04074
1.04012
1.03993
1.04016
1.04082
1.04198
1.04349
1.04554
1.04788
1.05082
1.05406
1.05802
1.06215
1.06646
1.07059
1.07522
1.08047
1.08667
1.09303
1.0997
1.10637
1.11329
1.12027
1.12751
1.13486
1.14241
1.1501
1.1579
1.16586
1.17385
1.182
1.19014
1.1984
1.20668
1.21499
1.22338
1.23168
1.24011
1.24839
1.25677
1.26503
1.27334
1.28164
1.28995
1.29827
1.30645
1.31462
1.32267
1.33061
1.33853
1.34619
1.35389
1.36125
1.3686
1.37561
1.38248
1.38903
1.39528
1.40122
1.40661
1.41164
1.4159
1.41962
1.42237
1.42412
1.42478
1.42499
1.42493
1.42408
1.42165
1.41865
1.41372
1.41395
0.983314
1.0257
1.05505
1.07095
1.0768
1.07723
1.07635
1.07735
1.08178
1.08978
1.09965
1.11032
1.1198
1.12775
1.1329
1.13601
1.13831
1.14088
1.1419
1.14048
1.13714
1.1337
1.13064
1.12774
1.12506
1.12237
1.11986
1.11746
1.11535
1.11357
1.11217
1.11123
1.11074
1.11071
1.11119
1.11211
1.11355
1.11546
1.11805
1.12099
1.1241
1.12722
1.1308
1.1351
1.14022
1.14575
1.15159
1.15765
1.16387
1.17031
1.17688
1.1837
1.19063
1.19779
1.20506
1.21248
1.22004
1.22766
1.23547
1.24329
1.25128
1.25929
1.26739
1.27558
1.28375
1.29205
1.30029
1.30867
1.31697
1.32525
1.33348
1.34157
1.3497
1.35759
1.36554
1.37324
1.38095
1.38845
1.39584
1.40309
1.41007
1.41696
1.42343
1.42977
1.43563
1.44116
1.44618
1.45058
1.45442
1.45733
1.45949
1.46031
1.46059
1.46061
1.46007
1.45813
1.45503
1.45114
1.44624
1.44581
0.968951
1.00565
1.03366
1.05316
1.06593
1.07514
1.08392
1.09384
1.10603
1.11983
1.13468
1.14895
1.16203
1.17272
1.18095
1.18627
1.18981
1.19241
1.19502
1.19613
1.19504
1.19204
1.1888
1.18558
1.18241
1.17935
1.17629
1.17335
1.17053
1.16801
1.16577
1.16397
1.16263
1.16177
1.16142
1.16155
1.1622
1.16335
1.16517
1.16737
1.16973
1.17217
1.17503
1.1786
1.18285
1.18764
1.19275
1.19823
1.20392
1.20986
1.216
1.22232
1.22886
1.23556
1.24244
1.24949
1.25664
1.26399
1.27138
1.27894
1.28655
1.29425
1.30206
1.30983
1.31778
1.32563
1.33363
1.34147
1.34938
1.3572
1.36502
1.37283
1.38054
1.38826
1.39582
1.40337
1.41073
1.41801
1.42512
1.43203
1.4388
1.4452
1.45146
1.45724
1.46274
1.46769
1.47211
1.47592
1.47891
1.48116
1.48224
1.48264
1.48267
1.48231
1.48094
1.47809
1.47442
1.47063
1.46596
1.46575
0.950964
0.981504
1.00774
1.02939
1.04764
1.06415
1.08034
1.09712
1.11463
1.1327
1.15043
1.16743
1.18252
1.19578
1.20623
1.21435
1.21991
1.22431
1.22728
1.23013
1.23161
1.23138
1.22924
1.22641
1.22329
1.22023
1.2171
1.21409
1.21107
1.2083
1.20572
1.20349
1.2017
1.20032
1.19946
1.19904
1.19916
1.1998
1.20106
1.20276
1.20463
1.20659
1.20905
1.21214
1.21592
1.22022
1.2249
1.23004
1.2354
1.24109
1.24697
1.25304
1.25937
1.26578
1.27252
1.27927
1.28634
1.29343
1.30073
1.30814
1.31561
1.32327
1.33089
1.33873
1.34647
1.35435
1.36211
1.36995
1.37774
1.38551
1.39331
1.40098
1.40873
1.41626
1.42384
1.43119
1.43851
1.44561
1.45254
1.4593
1.46573
1.47198
1.47778
1.4833
1.48822
1.49266
1.49644
1.49945
1.50171
1.5029
1.50333
1.50334
1.50308
1.50193
1.49934
1.49598
1.49209
1.48873
1.48451
1.48461
0.9312
0.956621
0.981723
1.00542
1.02805
1.04985
1.07129
1.09247
1.11341
1.13384
1.15341
1.17169
1.18842
1.20312
1.21584
1.22623
1.23458
1.24106
1.24625
1.25011
1.253
1.25518
1.25595
1.25502
1.2528
1.25018
1.24749
1.24464
1.2418
1.23915
1.23656
1.2344
1.23243
1.23096
1.22984
1.22923
1.22908
1.22945
1.23043
1.23191
1.23341
1.23519
1.23731
1.24013
1.24354
1.24742
1.25179
1.25654
1.26167
1.2671
1.27273
1.27864
1.28465
1.29097
1.29733
1.30399
1.31071
1.31764
1.3247
1.33186
1.3392
1.34657
1.35414
1.36163
1.36925
1.3768
1.38443
1.39203
1.39962
1.40723
1.41474
1.42232
1.42973
1.43719
1.44444
1.45167
1.45869
1.46555
1.47222
1.47857
1.48475
1.49048
1.49595
1.5008
1.50523
1.50894
1.51196
1.51417
1.51543
1.51587
1.51588
1.51565
1.51459
1.51233
1.50889
1.50566
1.50196
1.4994
1.49578
1.49632
0.911129
0.933612
0.958452
0.984214
1.00998
1.03542
1.05998
1.08375
1.10649
1.12804
1.14845
1.16742
1.18512
1.20106
1.21553
1.22798
1.23876
1.24759
1.25514
1.26113
1.26617
1.2696
1.27215
1.27382
1.27419
1.27301
1.27119
1.26899
1.26655
1.26403
1.26174
1.25973
1.25796
1.25656
1.25548
1.25481
1.25461
1.25486
1.25574
1.25703
1.25846
1.26009
1.2621
1.26478
1.26791
1.27159
1.27566
1.28018
1.28512
1.29031
1.29589
1.30158
1.30758
1.31368
1.32
1.32648
1.33309
1.33993
1.34682
1.35395
1.3611
1.36845
1.37574
1.38314
1.39053
1.39793
1.4054
1.41277
1.42025
1.42758
1.435
1.44226
1.44954
1.45669
1.46373
1.47068
1.47736
1.48397
1.49018
1.49625
1.50188
1.50723
1.51205
1.51633
1.52002
1.52292
1.52508
1.52629
1.52669
1.52666
1.52636
1.52529
1.52278
1.51984
1.51626
1.51336
1.51029
1.50847
1.50571
1.50663
0.893886
0.915313
0.940531
0.967584
0.995077
1.02205
1.048
1.07253
1.09585
1.11771
1.13849
1.15788
1.1762
1.19322
1.20902
1.22338
1.23624
1.24751
1.25733
1.26567
1.27272
1.2783
1.28285
1.28588
1.28813
1.28945
1.28962
1.2889
1.28744
1.28555
1.28373
1.28213
1.28068
1.27953
1.27861
1.27805
1.27788
1.27812
1.27894
1.28017
1.28156
1.28308
1.28503
1.2875
1.29048
1.29394
1.29777
1.30213
1.30677
1.31186
1.31715
1.32272
1.32852
1.33444
1.34064
1.34688
1.35343
1.35999
1.36686
1.37375
1.38084
1.38791
1.39506
1.40227
1.40945
1.41674
1.42393
1.43124
1.43843
1.44568
1.45285
1.45997
1.46704
1.47394
1.4808
1.48737
1.49385
1.49995
1.50586
1.51136
1.51653
1.52119
1.5253
1.52882
1.53157
1.53358
1.53467
1.53499
1.53493
1.53453
1.53322
1.53099
1.52772
1.52467
1.52155
1.51928
1.51715
1.51607
1.5143
1.5157
0.880518
0.902351
0.928251
0.955982
0.98404
1.01123
1.03722
1.06152
1.0845
1.10606
1.12664
1.14619
1.16495
1.18278
1.19974
1.2156
1.23019
1.24344
1.25527
1.26575
1.27482
1.2827
1.28921
1.29455
1.29862
1.30159
1.3036
1.30506
1.30542
1.305
1.30411
1.3031
1.30203
1.30115
1.30047
1.30008
1.3
1.30031
1.30111
1.30238
1.30371
1.30523
1.30714
1.3095
1.31245
1.31572
1.31949
1.32361
1.32811
1.33299
1.33809
1.34355
1.34912
1.355
1.36095
1.36716
1.37346
1.37996
1.38661
1.39335
1.4002
1.40704
1.41403
1.42096
1.42803
1.43502
1.44209
1.44913
1.45613
1.46316
1.47003
1.47696
1.48364
1.49034
1.49674
1.50304
1.50901
1.51471
1.5201
1.52504
1.52959
1.53346
1.53682
1.53933
1.54118
1.54203
1.54225
1.54211
1.54154
1.54007
1.53743
1.5344
1.53112
1.52841
1.52602
1.52448
1.5233
1.52286
1.52192
1.52379
0.871788
0.89512
0.921526
0.949056
0.976349
1.00257
1.02745
1.05087
1.07304
1.09414
1.11445
1.13409
1.15314
1.17163
1.18938
1.20642
1.22243
1.2374
1.25104
1.26354
1.27466
1.28465
1.29327
1.30075
1.30695
1.31205
1.31599
1.31891
1.32091
1.32254
1.32317
1.32314
1.32274
1.32228
1.32195
1.32179
1.32193
1.32235
1.32322
1.3245
1.3258
1.32736
1.32913
1.33146
1.33424
1.33738
1.34099
1.34487
1.34925
1.35385
1.35888
1.36409
1.36959
1.37529
1.38114
1.38721
1.39334
1.39974
1.40613
1.4127
1.41925
1.42594
1.43264
1.4394
1.44622
1.453
1.45988
1.46664
1.47349
1.48017
1.48688
1.49342
1.49986
1.50615
1.51218
1.51805
1.52347
1.52873
1.53341
1.53779
1.54139
1.54456
1.54679
1.54844
1.54903
1.54911
1.54886
1.54813
1.54631
1.54357
1.54032
1.53724
1.53443
1.53237
1.53078
1.5301
1.52966
1.5298
1.52959
1.53184
0.866396
0.891482
0.918197
0.945049
0.971086
0.995813
1.01926
1.04145
1.06274
1.08328
1.10332
1.12299
1.14228
1.16124
1.17969
1.19756
1.21476
1.23102
1.24625
1.26037
1.27333
1.28509
1.2957
1.30508
1.31336
1.32038
1.32637
1.33114
1.33494
1.33782
1.34011
1.34179
1.3428
1.34322
1.34341
1.34362
1.34397
1.3445
1.34545
1.34667
1.34801
1.3495
1.35118
1.35345
1.35601
1.35909
1.36239
1.36616
1.37023
1.37466
1.37945
1.38446
1.38982
1.39528
1.40107
1.4069
1.413
1.41916
1.42543
1.43178
1.43815
1.44466
1.45111
1.45772
1.46424
1.47086
1.47741
1.48396
1.49048
1.49687
1.50326
1.50938
1.5155
1.52125
1.52692
1.5321
1.53713
1.5416
1.54575
1.54914
1.55203
1.55405
1.55543
1.55579
1.55569
1.55529
1.55434
1.55223
1.54927
1.54589
1.54291
1.54005
1.53815
1.53668
1.53608
1.536
1.53643
1.53695
1.53739
1.53981
0.863571
0.890538
0.917163
0.942839
0.967213
0.990264
1.01223
1.03332
1.05379
1.07392
1.09375
1.11345
1.13298
1.15225
1.17125
1.18975
1.20777
1.22502
1.24142
1.25691
1.27136
1.28477
1.2971
1.30834
1.31846
1.32746
1.33534
1.34209
1.34778
1.35238
1.35622
1.35928
1.36141
1.3631
1.36429
1.36506
1.36564
1.3663
1.36726
1.36839
1.36977
1.37113
1.37287
1.37497
1.37751
1.38038
1.38352
1.3871
1.39091
1.39518
1.39964
1.40451
1.40956
1.41491
1.42046
1.42618
1.43212
1.43809
1.44423
1.45036
1.45663
1.4629
1.46924
1.47562
1.48194
1.48836
1.49461
1.50097
1.50709
1.51326
1.51916
1.52501
1.53055
1.53591
1.54091
1.54556
1.54985
1.55365
1.55684
1.55939
1.56118
1.56222
1.56241
1.56214
1.56153
1.56027
1.55778
1.55472
1.55119
1.54818
1.54545
1.54345
1.54226
1.54158
1.54182
1.54238
1.54322
1.54414
1.54509
1.54775
0.860442
0.889324
0.91577
0.940181
0.963089
0.984749
1.00561
1.02592
1.04595
1.06583
1.08564
1.10542
1.12511
1.14467
1.16402
1.18305
1.20167
1.21968
1.23703
1.2536
1.2693
1.28409
1.29792
1.31073
1.32253
1.33324
1.34288
1.35141
1.35888
1.36517
1.37051
1.37504
1.37861
1.38141
1.38341
1.38506
1.38628
1.38742
1.38839
1.3896
1.39087
1.39221
1.3939
1.39584
1.39823
1.40079
1.40378
1.40703
1.41067
1.41466
1.41893
1.42357
1.42841
1.43361
1.43894
1.44457
1.45028
1.45612
1.46205
1.46802
1.47412
1.48016
1.48636
1.49245
1.49865
1.50474
1.51083
1.51685
1.52274
1.52856
1.53412
1.53958
1.54465
1.54952
1.55386
1.55796
1.56146
1.56445
1.56665
1.56822
1.56887
1.5689
1.56851
1.56761
1.56599
1.56311
1.55983
1.55631
1.55314
1.5506
1.54847
1.54749
1.5468
1.54717
1.54785
1.54871
1.54998
1.55157
1.5531
1.55567
0.853869
0.884609
0.910985
0.934607
0.956659
0.977733
0.998217
1.01837
1.03837
1.05837
1.07835
1.09833
1.11825
1.13805
1.15767
1.17703
1.19609
1.21472
1.2328
1.25019
1.26688
1.28274
1.29777
1.31188
1.32506
1.33725
1.34843
1.35854
1.36756
1.37548
1.3823
1.38814
1.39328
1.39727
1.40047
1.40295
1.40485
1.40646
1.40769
1.40901
1.4102
1.41161
1.41307
1.41482
1.41685
1.41914
1.42185
1.42479
1.42822
1.43186
1.43595
1.44029
1.44497
1.44994
1.45512
1.46057
1.46608
1.47181
1.47755
1.48344
1.48937
1.4953
1.50135
1.50725
1.51332
1.51914
1.52511
1.53078
1.53651
1.5419
1.54724
1.55214
1.55686
1.561
1.56491
1.56816
1.57096
1.57288
1.57423
1.57459
1.57445
1.57396
1.57283
1.57079
1.56757
1.56414
1.56069
1.55748
1.55505
1.55291
1.55199
1.55139
1.5518
1.55247
1.55341
1.5547
1.55663
1.55897
1.56086
1.56335
0.836805
0.870036
0.897318
0.921518
0.944153
0.9659
0.987133
1.00803
1.02869
1.04918
1.0696
1.08995
1.11023
1.13041
1.15046
1.17026
1.18981
1.20897
1.22762
1.24569
1.26314
1.2799
1.29586
1.31108
1.32535
1.33878
1.35119
1.36266
1.37308
1.38248
1.39073
1.39789
1.40414
1.40945
1.41376
1.4171
1.41983
1.42193
1.42366
1.4251
1.42638
1.42771
1.42899
1.43055
1.4322
1.43429
1.43658
1.43932
1.44239
1.44582
1.44965
1.45376
1.4583
1.46304
1.46815
1.4734
1.47884
1.48448
1.49013
1.49603
1.50179
1.50779
1.5136
1.51958
1.52535
1.53121
1.53683
1.54244
1.54775
1.55295
1.55775
1.56232
1.56634
1.57006
1.57318
1.57579
1.57752
1.57863
1.57885
1.57865
1.57801
1.57651
1.57404
1.57072
1.56715
1.56378
1.56053
1.55823
1.55613
1.55524
1.55471
1.55511
1.55577
1.55669
1.55812
1.56004
1.56259
1.5653
1.5675
1.57002
0.807383
0.843398
0.872828
0.899114
0.92373
0.947353
0.970229
0.99258
1.01453
1.03615
1.0575
1.07864
1.09954
1.12028
1.14074
1.16103
1.18103
1.20077
1.22001
1.23872
1.25684
1.27427
1.29102
1.307
1.32219
1.33658
1.35006
1.36264
1.37424
1.38481
1.39432
1.40273
1.4101
1.41661
1.42207
1.42649
1.43005
1.43289
1.43513
1.43687
1.43841
1.43969
1.44106
1.4424
1.44402
1.44584
1.44801
1.45054
1.45338
1.45667
1.46024
1.46423
1.46851
1.47309
1.47799
1.48302
1.48837
1.49375
1.49942
1.50504
1.51087
1.51661
1.52247
1.52822
1.53399
1.53961
1.54514
1.55048
1.55558
1.56041
1.56487
1.56888
1.57245
1.57551
1.57794
1.57958
1.58044
1.5806
1.58041
1.5796
1.57767
1.57477
1.57142
1.56775
1.56452
1.56128
1.55908
1.55707
1.55621
1.55576
1.55618
1.55682
1.55778
1.55915
1.56125
1.56372
1.56663
1.5696
1.57201
1.57461
0.769985
0.807275
0.83903
0.86815
0.89552
0.921679
0.94684
0.971192
0.994874
1.01796
1.04054
1.06268
1.08444
1.10588
1.12703
1.14788
1.16841
1.1886
1.20837
1.22756
1.24623
1.26428
1.28175
1.29852
1.31459
1.32986
1.34429
1.35782
1.37039
1.38194
1.39247
1.4019
1.41022
1.41759
1.4241
1.42961
1.43417
1.43787
1.4409
1.44337
1.44531
1.44698
1.44845
1.44991
1.45145
1.45314
1.45513
1.45736
1.45998
1.46291
1.46622
1.46992
1.47391
1.47832
1.48289
1.48783
1.4929
1.49826
1.50372
1.50935
1.51503
1.52079
1.52654
1.53228
1.53792
1.54347
1.54882
1.55397
1.55882
1.56331
1.56732
1.57086
1.57389
1.57625
1.5778
1.57862
1.57885
1.57866
1.57757
1.57532
1.57219
1.56888
1.5652
1.56216
1.55903
1.55693
1.55504
1.55424
1.55389
1.55433
1.555
1.55595
1.55742
1.55942
1.56205
1.56486
1.56802
1.57118
1.57376
1.57641
0.733177
0.769377
0.801953
0.832649
0.861962
0.890065
0.917129
0.943272
0.968576
0.993166
1.01709
1.04043
1.06326
1.0856
1.10755
1.12908
1.15028
1.17109
1.19154
1.21141
1.23069
1.24938
1.26737
1.28469
1.30125
1.31704
1.33202
1.34617
1.35942
1.37181
1.38323
1.39371
1.40325
1.41172
1.41944
1.42626
1.43205
1.43686
1.44081
1.444
1.44656
1.44868
1.45044
1.45207
1.45362
1.45527
1.45707
1.4591
1.46144
1.46408
1.46712
1.47048
1.47425
1.47833
1.48272
1.48742
1.49236
1.49755
1.50291
1.50844
1.51405
1.51975
1.52544
1.53111
1.53667
1.54209
1.5473
1.5522
1.55677
1.56084
1.56443
1.56745
1.56989
1.57137
1.57233
1.5727
1.57247
1.57098
1.56859
1.56536
1.56224
1.55864
1.55578
1.55285
1.55088
1.54918
1.54846
1.54823
1.54873
1.54944
1.55046
1.55191
1.55405
1.55654
1.55951
1.56255
1.56592
1.56923
1.57196
1.57466
0.696014
0.730498
0.762737
0.793842
0.824009
0.853258
0.881593
0.909044
0.935678
0.961518
0.986679
1.01116
1.03507
1.05842
1.08127
1.10364
1.12554
1.14697
1.16797
1.18829
1.20801
1.22706
1.24554
1.26337
1.28055
1.29708
1.31283
1.32789
1.34205
1.35546
1.36792
1.37955
1.3902
1.3999
1.40864
1.41649
1.42346
1.42933
1.43437
1.43855
1.44202
1.44489
1.44723
1.44928
1.45102
1.45274
1.45443
1.45627
1.45833
1.46065
1.46336
1.46638
1.46986
1.47363
1.4778
1.48226
1.48702
1.49206
1.49726
1.50271
1.50817
1.51382
1.51933
1.52495
1.53025
1.53559
1.5404
1.54512
1.54913
1.55283
1.55579
1.55827
1.55983
1.56105
1.56148
1.56096
1.5592
1.55696
1.55372
1.5508
1.5474
1.5447
1.54198
1.54015
1.53863
1.53801
1.53796
1.53852
1.53926
1.54035
1.54186
1.54395
1.54654
1.54934
1.55256
1.55581
1.55935
1.56281
1.56565
1.56839
0.658277
0.691498
0.722713
0.753364
0.783531
0.813168
0.842098
0.870316
0.897784
0.924528
0.950574
0.975945
1.00066
1.02476
1.04825
1.07121
1.09364
1.11557
1.13703
1.15804
1.17845
1.19827
1.21749
1.23608
1.25402
1.27126
1.2878
1.30363
1.31868
1.33306
1.34654
1.35931
1.3711
1.38208
1.39203
1.40113
1.40941
1.41665
1.423
1.42834
1.43284
1.43651
1.43947
1.44193
1.44389
1.44572
1.44733
1.44912
1.45094
1.45309
1.45551
1.45823
1.46141
1.46477
1.46867
1.47267
1.47722
1.48181
1.48688
1.49193
1.49735
1.50265
1.50818
1.51342
1.51875
1.52358
1.52833
1.5324
1.5361
1.53912
1.5416
1.54338
1.54474
1.54504
1.54429
1.54243
1.54027
1.53721
1.53447
1.5313
1.52875
1.52626
1.52453
1.52323
1.52262
1.52276
1.52338
1.52428
1.52533
1.52695
1.52901
1.53154
1.53442
1.53747
1.54086
1.54428
1.54793
1.55149
1.55439
1.55716
0.625593
0.656931
0.685985
0.714886
0.744
0.772995
0.801717
0.829918
0.857592
0.88461
0.911021
0.936772
0.961929
0.986517
1.01055
1.0341
1.05712
1.07969
1.10173
1.12336
1.14439
1.16484
1.18469
1.20399
1.22268
1.24079
1.2583
1.27514
1.29131
1.30674
1.32137
1.33524
1.3482
1.3604
1.37162
1.382
1.39147
1.40007
1.40763
1.41414
1.41976
1.42442
1.42837
1.4316
1.43434
1.43666
1.43872
1.44064
1.4425
1.44447
1.44652
1.44888
1.45141
1.45434
1.45752
1.46109
1.46497
1.46916
1.47366
1.47836
1.4833
1.48827
1.49333
1.49827
1.50304
1.50753
1.51158
1.51516
1.51806
1.52055
1.52252
1.52373
1.5237
1.5227
1.52086
1.51875
1.51586
1.51321
1.51024
1.50782
1.50551
1.50385
1.50272
1.50217
1.5024
1.50313
1.50399
1.5052
1.50666
1.50883
1.51127
1.5141
1.51718
1.52044
1.52401
1.5276
1.53139
1.53511
1.53811
1.54101
0.601308
0.63015
0.656064
0.682282
0.709263
0.736724
0.764201
0.791518
0.818477
0.845079
0.871288
0.89704
0.92237
0.947221
0.971586
0.995473
1.01887
1.04181
1.06432
1.08645
1.10817
1.12938
1.15011
1.17033
1.18995
1.209
1.22742
1.24513
1.26223
1.27854
1.29426
1.30915
1.32341
1.33681
1.34942
1.36112
1.37189
1.3818
1.39072
1.39863
1.40565
1.4116
1.4168
1.421
1.42459
1.4274
1.42978
1.43172
1.43345
1.43508
1.43677
1.43859
1.44065
1.44305
1.44569
1.44886
1.4521
1.45599
1.45983
1.46423
1.46848
1.4731
1.47741
1.48185
1.48578
1.48958
1.49266
1.49545
1.49774
1.49946
1.50003
1.49961
1.49844
1.49644
1.49418
1.49126
1.48852
1.4855
1.48305
1.48064
1.47902
1.47773
1.47713
1.47725
1.47787
1.47877
1.47979
1.4813
1.48315
1.48574
1.48826
1.49151
1.49457
1.49819
1.50175
1.50559
1.5094
1.51319
1.51619
1.51901
0.584431
0.611174
0.633976
0.657272
0.681784
0.707064
0.73275
0.758512
0.784287
0.809906
0.835394
0.86064
0.885578
0.910263
0.934569
0.958613
0.982297
1.00569
1.02875
1.05147
1.07385
1.09575
1.11717
1.13806
1.15834
1.17814
1.19727
1.21591
1.2339
1.25136
1.26808
1.28426
1.29956
1.31427
1.32796
1.34101
1.35288
1.3642
1.37431
1.38372
1.39182
1.39913
1.40523
1.41046
1.41472
1.41814
1.42095
1.42312
1.42499
1.42657
1.42815
1.42973
1.43156
1.4336
1.43594
1.43861
1.44146
1.44471
1.44806
1.45173
1.45536
1.45912
1.46258
1.46602
1.46879
1.47146
1.47351
1.47526
1.47587
1.47582
1.4749
1.47312
1.47091
1.46812
1.46499
1.46197
1.45874
1.45613
1.4536
1.45186
1.45046
1.44983
1.44977
1.45043
1.4513
1.45244
1.45375
1.45575
1.45788
1.46069
1.46329
1.46658
1.46954
1.47323
1.47649
1.48045
1.48389
1.48783
1.49059
1.49357
0.573511
0.59838
0.618665
0.639518
0.661889
0.685239
0.709107
0.733254
0.757506
0.781854
0.806213
0.830592
0.854938
0.87925
0.90346
0.927532
0.951412
0.97503
0.998366
1.02136
1.04407
1.06639
1.08828
1.10971
1.13064
1.1511
1.17103
1.19039
1.20926
1.22744
1.24509
1.26203
1.27829
1.29385
1.30863
1.32261
1.33576
1.34804
1.35939
1.36987
1.3792
1.38763
1.39483
1.40112
1.40629
1.41057
1.41391
1.41672
1.41895
1.421
1.42269
1.42446
1.42611
1.42792
1.42984
1.43196
1.43426
1.43678
1.43934
1.44207
1.4446
1.44717
1.44929
1.45139
1.45304
1.45423
1.45472
1.45468
1.45376
1.45214
1.44974
1.44715
1.44363
1.44051
1.4367
1.4336
1.43038
1.42792
1.4258
1.42433
1.42353
1.42314
1.42362
1.42443
1.42528
1.42631
1.42783
1.42978
1.43194
1.43454
1.43709
1.44023
1.44316
1.44677
1.45009
1.4542
1.45776
1.46212
1.46495
1.46861
0.566542
0.589835
0.608415
0.627813
0.648849
0.670838
0.69333
0.716069
0.738982
0.762146
0.785567
0.809183
0.833001
0.856894
0.880782
0.904578
0.928256
0.951705
0.974988
0.998015
1.02082
1.04336
1.06549
1.08726
1.10851
1.12935
1.14966
1.16946
1.18878
1.20749
1.2257
1.24327
1.26023
1.27657
1.29218
1.30711
1.32128
1.33456
1.34707
1.35863
1.36912
1.3786
1.38698
1.39418
1.40032
1.40557
1.41003
1.41367
1.41672
1.4192
1.42128
1.42311
1.42462
1.42616
1.42749
1.42897
1.43049
1.43212
1.43369
1.43519
1.43668
1.43792
1.43891
1.43933
1.43939
1.43901
1.43794
1.43625
1.43381
1.43085
1.42733
1.42347
1.41957
1.41541
1.4118
1.40814
1.40529
1.4027
1.40102
1.39953
1.39898
1.39876
1.39923
1.39977
1.40044
1.40146
1.40292
1.40472
1.40694
1.40933
1.41214
1.41519
1.41858
1.42231
1.42617
1.43054
1.4346
1.4393
1.4424
1.44642
0.562045
0.584152
0.601847
0.620682
0.641159
0.662498
0.684206
0.706179
0.728336
0.750821
0.7736
0.796598
0.819757
0.843025
0.866264
0.889537
0.912724
0.935839
0.958828
0.981659
1.00428
1.02667
1.0487
1.0704
1.09168
1.11255
1.13303
1.153
1.17261
1.19163
1.21026
1.22835
1.24589
1.26298
1.27938
1.29522
1.31028
1.32455
1.33793
1.35038
1.36183
1.37225
1.38159
1.39
1.39747
1.40399
1.40955
1.41426
1.41814
1.42129
1.4238
1.42572
1.42721
1.42832
1.42917
1.43001
1.43087
1.43166
1.43236
1.43268
1.43276
1.43259
1.432
1.43086
1.42932
1.42714
1.42448
1.42108
1.41724
1.41286
1.40824
1.40347
1.39878
1.39433
1.39037
1.38671
1.38398
1.38133
1.37977
1.37828
1.37765
1.37745
1.37768
1.37785
1.37848
1.37955
1.3811
1.383
1.38533
1.388
1.39105
1.39439
1.39809
1.40203
1.40621
1.41058
1.41492
1.41935
1.42258
1.42618
0.559472
0.580903
0.59821
0.616992
0.637468
0.658794
0.680318
0.702022
0.723838
0.745811
0.768006
0.790272
0.81268
0.835176
0.857714
0.880344
0.902947
0.92553
0.94802
0.970381
0.99259
1.01462
1.03637
1.05788
1.07902
1.09986
1.12035
1.1404
1.1602
1.17951
1.19854
1.21714
1.23529
1.25306
1.27011
1.28666
1.30237
1.31733
1.33145
1.34469
1.35703
1.36851
1.3791
1.38879
1.39751
1.40526
1.41198
1.41773
1.42251
1.42634
1.42935
1.43155
1.43306
1.43389
1.43453
1.43506
1.43527
1.43515
1.43462
1.4337
1.4324
1.43069
1.42848
1.4257
1.42239
1.4185
1.41409
1.40911
1.40387
1.39828
1.3928
1.38731
1.38229
1.37757
1.37347
1.36993
1.36693
1.36452
1.3627
1.36122
1.36056
1.36029
1.36013
1.3604
1.36114
1.36231
1.36405
1.36603
1.3687
1.37144
1.37469
1.37818
1.38193
1.38592
1.39006
1.39435
1.39855
1.40278
1.40589
1.40922
0.5587
0.579722
0.5968
0.615651
0.636339
0.657699
0.679129
0.700474
0.72188
0.743249
0.764791
0.786381
0.808126
0.830018
0.85196
0.87403
0.896074
0.918117
0.940105
0.962012
0.983822
1.00553
1.027
1.04834
1.06932
1.09013
1.1106
1.13084
1.15081
1.17051
1.18991
1.20902
1.22761
1.24588
1.26339
1.28046
1.29669
1.31229
1.32711
1.34117
1.35445
1.36709
1.3787
1.38966
1.39943
1.40838
1.41616
1.42292
1.42863
1.43321
1.43682
1.43947
1.44093
1.44175
1.44228
1.44244
1.44205
1.44092
1.43926
1.43712
1.43439
1.43111
1.42721
1.42277
1.41773
1.41219
1.4062
1.3999
1.39347
1.38711
1.38093
1.37515
1.36985
1.36503
1.36094
1.35726
1.35433
1.35185
1.34992
1.3486
1.34792
1.34753
1.34747
1.34783
1.3487
1.35005
1.35205
1.35409
1.35696
1.35963
1.36314
1.36651
1.37034
1.37426
1.37832
1.38251
1.38665
1.39077
1.3938
1.39703
0.558627
0.579115
0.595643
0.614172
0.634608
0.655669
0.676814
0.697778
0.718817
0.73978
0.760948
0.782244
0.803668
0.825282
0.846882
0.868628
0.890327
0.912049
0.933738
0.955369
0.976908
0.998383
1.01961
1.0408
1.06164
1.08246
1.10296
1.12342
1.14358
1.16363
1.18328
1.20274
1.2216
1.24021
1.25804
1.27559
1.29226
1.30861
1.32407
1.3391
1.35332
1.36691
1.37955
1.39148
1.40227
1.41228
1.42098
1.4288
1.43532
1.44071
1.44501
1.44804
1.44969
1.45053
1.45088
1.45082
1.44981
1.44773
1.44497
1.44145
1.43734
1.43254
1.42708
1.42106
1.4145
1.40752
1.40025
1.39291
1.38563
1.37871
1.3721
1.36616
1.36066
1.35594
1.35172
1.34819
1.34527
1.3428
1.34107
1.33986
1.33922
1.33897
1.33908
1.33954
1.34064
1.3421
1.34431
1.34645
1.34947
1.35215
1.35582
1.35904
1.36306
1.3668
1.37099
1.3751
1.37927
1.38331
1.38637
1.38954
0.557628
0.577082
0.59256
0.61043
0.630319
0.651113
0.67207
0.693012
0.714056
0.735145
0.75636
0.777719
0.799128
0.820726
0.842255
0.863933
0.885518
0.907099
0.92861
0.95002
0.971315
0.99257
1.01359
1.03466
1.05546
1.0763
1.0969
1.11744
1.13775
1.15789
1.17769
1.19727
1.21634
1.23522
1.25342
1.27147
1.28873
1.30578
1.32199
1.33787
1.35282
1.36728
1.3807
1.39351
1.40512
1.41604
1.42559
1.43432
1.44165
1.44786
1.45282
1.4563
1.45822
1.45905
1.45933
1.45901
1.45747
1.4545
1.45071
1.44591
1.44047
1.43418
1.42732
1.41983
1.41192
1.40373
1.39545
1.38729
1.37948
1.37207
1.36533
1.35917
1.35374
1.34901
1.34487
1.34153
1.33864
1.33649
1.33491
1.33392
1.33359
1.33354
1.33374
1.3344
1.3358
1.33743
1.33981
1.34206
1.34512
1.3479
1.3516
1.3548
1.35898
1.3626
1.36701
1.37099
1.37531
1.37931
1.38242
1.38556
0.555609
0.573825
0.588205
0.605442
0.625053
0.645916
0.667038
0.688314
0.709549
0.730911
0.752255
0.773777
0.795302
0.817005
0.838596
0.86027
0.881797
0.903242
0.924591
0.945798
0.966904
0.987967
1.00885
1.02976
1.05047
1.07117
1.0917
1.11216
1.13241
1.15253
1.17244
1.1921
1.21153
1.23069
1.24944
1.26795
1.28585
1.30347
1.32035
1.33679
1.35239
1.3675
1.38154
1.39512
1.40739
1.41912
1.42946
1.43896
1.44711
1.454
1.45957
1.46353
1.46567
1.46652
1.46677
1.46629
1.46432
1.46061
1.45588
1.44989
1.44318
1.4355
1.42731
1.41852
1.40946
1.40026
1.3912
1.3824
1.37417
1.36646
1.3596
1.35338
1.34806
1.34334
1.33951
1.33623
1.33369
1.33183
1.33045
1.32995
1.32988
1.32996
1.33036
1.33136
1.33304
1.33483
1.33724
1.33965
1.34269
1.34567
1.34929
1.35263
1.35685
1.36044
1.36505
1.3689
1.37344
1.37735
1.38056
1.38369
0.553318
0.570748
0.584659
0.601617
0.621259
0.642178
0.663428
0.684859
0.706199
0.727754
0.749215
0.77089
0.792505
0.81428
0.835917
0.857578
0.879097
0.900441
0.921693
0.942717
0.963634
0.984429
1.00507
1.02565
1.04613
1.06652
1.08687
1.10718
1.12739
1.14759
1.16764
1.18758
1.20733
1.22684
1.24604
1.2649
1.2833
1.30128
1.31866
1.33553
1.35166
1.36729
1.3819
1.39611
1.409
1.42139
1.43245
1.44252
1.4514
1.45882
1.46493
1.46936
1.47166
1.47255
1.47281
1.47225
1.46998
1.46575
1.4601
1.4531
1.44518
1.4363
1.42687
1.41696
1.40693
1.3969
1.38719
1.37794
1.36935
1.36155
1.35455
1.34843
1.34312
1.33867
1.33498
1.33204
1.32987
1.32822
1.32739
1.32713
1.32728
1.32762
1.32829
1.32954
1.33129
1.33326
1.33569
1.33825
1.34126
1.34439
1.3479
1.3515
1.35559
1.35938
1.36401
1.36786
1.37265
1.37642
1.37982
1.3829
0.551281
0.568727
0.582642
0.599459
0.619011
0.639835
0.661108
0.682558
0.703933
0.725573
0.747106
0.768896
0.790571
0.812373
0.834023
0.855639
0.877159
0.898453
0.919673
0.940554
0.961271
0.981736
1.002
1.02216
1.04229
1.06238
1.08259
1.10282
1.1231
1.14342
1.16363
1.18381
1.20375
1.22353
1.24296
1.2621
1.28082
1.29909
1.31689
1.33413
1.35072
1.36681
1.38188
1.39661
1.40998
1.42287
1.43447
1.44498
1.45444
1.4623
1.46886
1.47372
1.47619
1.47717
1.47748
1.47687
1.47441
1.46979
1.46332
1.45548
1.44646
1.43659
1.4261
1.41534
1.40451
1.39392
1.38373
1.37422
1.36542
1.35755
1.35052
1.34446
1.33926
1.33496
1.33149
1.32886
1.32686
1.32568
1.32504
1.32498
1.32538
1.32593
1.32684
1.3282
1.33002
1.33211
1.33456
1.33724
1.34028
1.34343
1.34703
1.35068
1.35473
1.35876
1.36326
1.36733
1.37218
1.37586
1.37948
1.38242
0.5498
0.567678
0.581682
0.598351
0.61774
0.638415
0.659703
0.68118
0.702575
0.724194
0.745717
0.767558
0.789304
0.81117
0.832854
0.854439
0.875948
0.897184
0.918341
0.939077
0.959579
0.979761
0.999708
1.01956
1.03944
1.05935
1.07945
1.09967
1.11996
1.14035
1.16064
1.18094
1.20098
1.22093
1.24051
1.25988
1.27885
1.2974
1.31553
1.33307
1.35
1.36639
1.38177
1.3968
1.41046
1.42366
1.4356
1.44643
1.45628
1.46447
1.47139
1.47658
1.47924
1.4803
1.48065
1.48002
1.47744
1.47251
1.46545
1.45697
1.44712
1.4365
1.42523
1.41385
1.40243
1.39149
1.38096
1.37132
1.36242
1.35452
1.34753
1.3415
1.33645
1.33224
1.32903
1.32649
1.32483
1.3238
1.3233
1.32346
1.32399
1.32468
1.32569
1.32712
1.32898
1.33115
1.33364
1.33641
1.33946
1.34272
1.34634
1.35005
1.35417
1.35825
1.36274
1.36699
1.37177
1.37545
1.37921
1.38199
0.548919
0.567168
0.581201
0.597751
0.617051
0.637665
0.658974
0.680477
0.701903
0.723514
0.745037
0.766903
0.788701
0.810623
0.832346
0.853922
0.875411
0.896575
0.917638
0.938241
0.958587
0.978592
0.998369
1.01807
1.03782
1.05765
1.07769
1.09788
1.11816
1.13858
1.1589
1.17926
1.19937
1.21941
1.2391
1.25861
1.27773
1.29645
1.31475
1.33247
1.34957
1.36614
1.38166
1.39687
1.41068
1.42404
1.43615
1.44715
1.45721
1.46558
1.4727
1.47806
1.48084
1.48193
1.4823
1.48164
1.47896
1.47385
1.46647
1.45762
1.44731
1.43626
1.42458
1.41285
1.40118
1.39003
1.3794
1.36968
1.36075
1.35283
1.34585
1.33986
1.33483
1.33073
1.32755
1.32511
1.32358
1.32259
1.32216
1.32242
1.32303
1.32379
1.32485
1.32633
1.32823
1.33044
1.33299
1.33579
1.33889
1.3422
1.34585
1.34962
1.35376
1.35787
1.36239
1.36668
1.37142
1.37512
1.37891
1.38163
)
;

boundaryField
{
    inlet
    {
        type            calculated;
        value           uniform 3.00001;
    }
    outlet
    {
        type            calculated;
        value           nonuniform List<scalar> 
40
(
0.94816
1.05391
1.15714
1.2455
1.31585
1.36831
1.41395
1.44581
1.46575
1.48461
1.49632
1.50663
1.5157
1.52379
1.53184
1.53981
1.54775
1.55567
1.56335
1.57002
1.57461
1.57641
1.57466
1.56839
1.55716
1.54101
1.51901
1.49357
1.46861
1.44642
1.42618
1.40922
1.39703
1.38954
1.38556
1.38369
1.3829
1.38242
1.38199
1.38163
)
;
    }
    top
    {
        type            symmetryPlane;
    }
    bottom
    {
        type            symmetryPlane;
    }
    obstacle
    {
        type            calculated;
        value           nonuniform List<scalar> 
110
(
0.027841
0.0582135
0.0994914
0.142536
0.187276
0.236668
0.293863
0.364229
0.457623
0.61509
0.725684
0.630017
0.0652698
0.230123
0.295011
0.37829
0.404831
0.416471
0.429664
0.447831
0.461467
0.465528
0.463745
0.459786
0.45439
0.445695
0.432829
0.41622
0.396565
0.37453
0.35074
0.325552
0.299459
0.272641
0.24442
0.215873
0.187338
0.159006
0.130996
0.103224
0.0756331
0.0482918
0.0216488
0.00678041
0.0352793
0.0610127
0.0865241
0.111179
0.134928
0.158103
0.17977
0.201172
0.223582
0.246188
0.267888
0.288976
0.309454
0.32967
0.349449
0.368891
0.388
0.406804
0.425237
0.443473
0.461299
0.47897
0.496263
0.513395
0.530168
0.546733
0.563053
0.579078
0.594943
0.610485
0.625866
0.640969
0.655869
0.670536
0.684977
0.699183
0.713168
0.726902
0.74042
0.753684
0.766738
0.779539
0.79213
0.804457
0.816573
0.828379
0.839977
0.851204
0.862188
0.872752
0.882971
0.892724
0.902018
0.910703
0.918807
0.926085
0.932513
0.937893
0.941958
0.944542
0.945932
0.946858
0.947248
0.946714
0.944873
0.948156
)
;
    }
    frontAndBack
    {
        type            empty;
    }
}


// ************************************************************************* //
