/*--------------------------------*- C++ -*----------------------------------*\
  =========                 |
  \\      /  F ield         | OpenFOAM: The Open Source CFD Toolbox
   \\    /   O peration     | Website:  https://openfoam.org
    \\  /    A nd           | Version:  13
     \\/     M anipulation  |
\*---------------------------------------------------------------------------*/
FoamFile
{
    format      ascii;
    class       volScalarField;
    location    "10";
    object      p;
}
// * * * * * * * * * * * * * * * * * * * * * * * * * * * * * * * * * * * * * //

dimensions      [1 -1 -2 0 0 0 0];

internalField   nonuniform List<scalar> 
5250
(
1.00001
1.00004
1.00011
1.0003
1.00073
1.00186
1.00444
1.01138
1.02712
1.06921
1.17185
1.45214
2.24414
4.60752
10.6962
11.2183
11.0924
11.0932
11.1888
11.4176
11.6325
11.7713
11.8816
11.9686
12.0357
1.00001
1.00004
1.00012
1.00028
1.00076
1.00174
1.00466
1.0106
1.0282
1.06632
1.17277
1.44441
2.23173
4.5634
10.614
11.2112
11.0863
11.0853
11.1802
11.4084
11.623
11.7625
11.8744
11.9628
12.0314
1.00001
1.00004
1.00011
1.00028
1.00074
1.00173
1.00446
1.01071
1.02682
1.06616
1.16726
1.43565
2.19996
4.47172
10.4304
11.1945
11.0696
11.0586
11.1503
11.3736
11.5853
11.7228
11.8341
11.9215
11.9899
1.00001
1.00004
1.00011
1.00026
1.00072
1.00163
1.00442
1.01002
1.02662
1.06279
1.16291
1.41845
2.15599
4.33212
10.1424
11.1735
11.0455
11.0132
11.0991
11.3131
11.5193
11.6525
11.7603
11.8452
11.9137
1.00001
1.00003
1.00011
1.00025
1.00069
1.00156
1.00422
1.00956
1.02541
1.05984
1.15525
1.39766
2.09587
4.14954
9.74331
11.1524
11.0166
10.9507
11.0288
11.2297
11.4282
11.5547
11.6567
11.7379
11.8078
1.00001
1.00003
1.0001
1.00024
1.00064
1.00149
1.0039
1.00919
1.02337
1.05707
1.14455
1.37314
2.02004
3.92561
9.22158
11.1393
10.9853
10.8705
10.9384
11.122
11.3092
11.4246
11.5162
11.5895
11.6595
1.00001
1.00003
1.00009
1.00022
1.00059
1.00137
1.0036
1.00849
1.02155
1.05272
1.13306
1.34262
1.93138
3.66051
8.56624
11.1422
10.9554
10.7731
10.8286
10.9893
11.1596
11.2571
11.3301
11.3861
11.45
1.00001
1.00003
1.00008
1.00021
1.00052
1.0013
1.00312
1.00798
1.01894
1.04851
1.11878
1.30881
1.82906
3.35841
7.76963
11.1591
10.9283
10.66
10.7004
10.8316
10.9774
11.0467
11.0874
11.1066
11.1443
1
1.00002
1.00007
1.00018
1.00047
1.00112
1.00283
1.00692
1.01699
1.0424
1.10506
1.26968
1.71942
3.02856
6.85116
11.1804
10.9021
10.5357
10.5563
10.6486
10.7595
10.787
10.7746
10.7195
10.6675
1
1.00002
1.00006
1.00016
1.00041
1.00096
1.00252
1.00575
1.01526
1.03542
1.09196
1.22794
1.60878
2.68702
5.84335
11.1309
10.8453
10.4123
10.3954
10.4433
10.5019
10.4795
10.3854
10.1679
9.8485
1
1.00002
1.00005
1.00014
1.00034
1.00086
1.00206
1.00525
1.0124
1.03183
1.07662
1.19673
1.51039
2.4098
5.02259
10.8188
10.6803
10.3086
10.2057
10.2205
10.2127
10.1304
9.88633
9.3221
7.88792
1
1.00002
1.00004
1.00012
1.00029
1.00076
1.00174
1.00463
1.01058
1.02791
1.06581
1.17053
1.4376
2.20554
4.44011
10.0346
10.3718
10.1916
10.0146
9.98593
9.92251
9.75626
9.37825
8.62025
7.16767
1
1.00001
1.00004
1.0001
1.00026
1.00063
1.00154
1.00389
1.00925
1.02369
1.05691
1.14556
1.37256
2.01837
3.88804
8.89665
10.1748
10.0652
9.84366
9.7542
9.64051
9.40392
8.93749
8.18589
7.07375
1
1.00001
1.00003
1.00009
1.00022
1.00054
1.00129
1.0033
1.00776
1.02007
1.0477
1.12244
1.30999
1.83973
3.36133
7.61278
10.0601
9.96128
9.71316
9.53797
9.3746
9.09535
8.62879
7.95385
7.08194
1
1.00001
1.00003
1.00007
1.00017
1.00044
1.00107
1.00263
1.0066
1.01584
1.04006
1.09806
1.25187
1.66548
2.8555
6.23438
9.97455
9.88427
9.61167
9.34569
9.13736
8.84877
8.41442
7.82282
7.10136
1
1.00001
1.00002
1.00005
1.00015
1.00034
1.00089
1.00202
1.00538
1.01223
1.0321
1.07579
1.19572
1.50293
2.371
4.78771
9.72534
9.74252
9.53767
9.18812
8.94016
8.65651
8.26135
7.7436
7.13117
1
1.00001
1.00002
1.00005
1.00011
1.00029
1.00068
1.00169
1.00419
1.01003
1.02541
1.0613
1.15586
1.39915
2.08513
4.03495
8.89466
9.5178
9.37688
9.05996
8.78332
8.50826
8.15355
7.70399
7.17731
1
1
1.00001
1.00004
1.00009
1.00023
1.00053
1.00139
1.00317
1.00841
1.01929
1.05045
1.12114
1.31655
1.84136
3.35211
7.38339
9.26459
9.19268
8.97086
8.67355
8.40214
8.08666
7.70509
7.24731
1
1
1.00001
1.00003
1.00007
1.00017
1.00044
1.001
1.00267
1.00604
1.01595
1.03725
1.09564
1.23832
1.63244
2.73571
5.7939
9.07474
9.0842
8.94097
8.63222
8.34529
8.06245
7.72261
7.34354
1
1
1.00001
1.00002
1.00005
1.00013
1.00033
1.00075
1.002
1.00452
1.01197
1.02749
1.07121
1.17282
1.45189
2.2039
4.26168
8.61948
9.03983
8.9156
8.63284
8.34148
8.07243
7.77476
7.47748
1
1
1.00001
1.00002
1.00004
1.0001
1.00025
1.00058
1.00151
1.00344
1.00908
1.02083
1.05425
1.13027
1.33972
1.89938
3.48365
7.49644
8.91654
8.85015
8.64503
8.35967
8.11356
7.88539
7.66113
1
1
1
1.00001
1.00003
1.00008
1.00018
1.00045
1.0011
1.00265
1.00666
1.01581
1.04019
1.09739
1.25006
1.65413
2.79323
5.86123
8.70212
8.7943
8.68045
8.43031
8.21626
8.06151
7.89223
1
1
1
1.00001
1.00002
1.00006
1.00013
1.00034
1.00077
1.002
1.00461
1.01183
1.02805
1.07044
1.17399
1.44888
2.19032
4.1668
8.24446
8.81822
8.75609
8.59236
8.42451
8.29944
8.15659
1
1
1
1.00001
1.00002
1.00004
1.00009
1.00025
1.00056
1.00149
1.00336
1.00887
1.02035
1.0527
1.12679
1.32876
1.86681
3.36953
7.14642
8.78887
8.87702
8.82278
8.70035
8.57551
8.43253
1
1
1
1
1.00001
1.00003
1.00007
1.00018
1.00042
1.00108
1.00247
1.00651
1.01485
1.03885
1.09201
1.2383
1.61702
2.6811
5.51953
8.66575
9.1244
9.09049
9.0032
8.8746
8.70719
1
1
1
1
1.00001
1.00002
1.00005
1.00012
1.00032
1.00074
1.00189
1.00453
1.01107
1.02743
1.06673
1.16785
1.42896
2.14262
4.05773
8.25813
9.41066
9.40179
9.34119
9.20392
8.97382
1
1
1
1
1.00001
1.00002
1.00004
1.0001
1.00023
1.00057
1.0014
1.00335
1.00851
1.02011
1.05127
1.12465
1.32259
1.85347
3.35507
7.22968
9.59934
9.75623
9.69187
9.52437
9.21332
1
1
1
1
1.00001
1.00001
1.00003
1.00007
1.00018
1.00042
1.00108
1.00253
1.0064
1.01545
1.03829
1.09487
1.24021
1.63194
2.72868
5.72063
9.78382
10.1813
10.0766
9.81707
9.41602
1
1
1
1
1
1.00001
1.00002
1.00005
1.00014
1.00033
1.00082
1.00203
1.00485
1.01229
1.02929
1.0742
1.18366
1.47978
2.29609
4.57942
9.67108
10.546
10.4129
10.0758
9.58539
1
1
1
1
1
1.00001
1.00002
1.00004
1.00012
1.00026
1.0007
1.00159
1.00419
1.00972
1.02506
1.06035
1.15393
1.39603
2.08057
4.06141
9.15477
10.7607
10.6362
10.2755
9.71004
1
1
1
1
1
1.00001
1.00001
1.00004
1.00009
1.00023
1.00057
1.00137
1.00349
1.00823
1.02134
1.05092
1.13095
1.33381
1.91015
3.58187
8.19801
10.9986
10.8485
10.3992
9.78816
1
1
1
1
1
1.00001
1.00001
1.00003
1.00008
1.0002
1.00046
1.00124
1.00281
1.00751
1.01739
1.04533
1.11013
1.28739
1.76898
3.18393
7.25957
11.3487
11.0825
10.4279
9.8251
1
1
1
1
1
1
1.00001
1.00003
1.00007
1.00016
1.00044
1.00099
1.00265
1.00602
1.0161
1.0375
1.09764
1.24409
1.65678
2.8462
6.35653
11.6692
11.2674
10.4199
9.85774
1
1
1
1
1
1
1.00001
1.00003
1.00006
1.00016
1.00036
1.00095
1.00218
1.00576
1.01344
1.03458
1.08415
1.21633
1.56824
2.58593
5.57968
11.7232
11.2925
10.4239
9.90879
1
1
1
1
1
1
1.00001
1.00002
1.00006
1.00013
1.00035
1.00081
1.00213
1.00498
1.01281
1.03086
1.07807
1.1964
1.51858
2.4424
5.19213
11.5071
11.198
10.4799
9.9839
1
1
1
1
1
1
1.00001
1.00002
1.00005
1.00013
1.00031
1.0008
1.00185
1.00492
1.01129
1.0298
1.07087
1.18427
1.47795
2.33196
4.86223
11.0739
11.0212
10.6142
10.0754
1
1
1
1
1
1
1.00001
1.00002
1.00005
1.00012
1.0003
1.00073
1.00177
1.00451
1.01069
1.02765
1.06663
1.17187
1.44619
2.23866
4.58171
10.6155
11.0074
10.7186
10.1536
1
1
1
1
1
1
1.00001
1.00002
1.00004
1.00012
1.00026
1.00071
1.00161
1.00431
1.00996
1.02601
1.06248
1.161
1.41677
2.15346
4.33737
10.1481
11.0425
10.777
10.2201
1
1
1
1
1
1
1.00001
1.00002
1.00004
1.00011
1.00025
1.00066
1.00153
1.00405
1.00929
1.02468
1.05836
1.1519
1.39006
2.08002
4.11634
9.68759
11.1241
10.8474
10.2624
1
1
1
1
1
1
1.00001
1.00002
1.00004
1.0001
1.00025
1.00058
1.00154
1.00352
1.00944
1.02178
1.05742
1.13962
1.37003
2.0082
3.91759
9.24052
11.2326
10.9254
10.2843
1
1
1
1
1
1
1.00001
1.00001
1.00004
1.00009
1.00024
1.00055
1.00142
1.00342
1.00857
1.02126
1.05274
1.13335
1.34563
1.94709
3.73115
8.81194
11.3672
11.0097
10.2909
1
1
1
1
1
1
1.00001
1.00001
1.00003
1.00009
1.00022
1.00052
1.00136
1.00313
1.00835
1.01935
1.05088
1.12396
1.327
1.88598
3.56165
8.4022
11.5233
11.089
10.2995
1
1
1
1
1
1
1.00001
1.00001
1.00003
1.00008
1.00019
1.00051
1.00121
1.00308
1.00759
1.01875
1.04716
1.11793
1.30661
1.83256
3.40314
8.01349
11.6951
11.1653
10.3102
1
1
1
1
1
1
1.00001
1.00001
1.00003
1.00007
1.0002
1.00045
1.00121
1.00276
1.00746
1.01716
1.04546
1.11005
1.29039
1.78187
3.25783
7.64646
11.8752
11.2393
10.3233
1
1
1
1
1
1
1
1.00001
1.00003
1.00007
1.00018
1.00044
1.00111
1.00274
1.00673
1.017
1.04168
1.10607
1.27221
1.73878
3.12412
7.30379
12.0556
11.3111
10.3408
1
1
1
1
1
1
1
1.00001
1.00003
1.00007
1.00017
1.00042
1.00107
1.00254
1.00662
1.01563
1.04069
1.09929
1.26011
1.69657
3.00743
6.98494
12.2269
11.3816
10.3652
1
1
1
1
1
1
1
1.00001
1.00003
1.00007
1.00016
1.00042
1.00097
1.00258
1.00601
1.01569
1.0377
1.09673
1.24618
1.66442
2.90291
6.69187
12.3802
11.4512
10.3963
1
1
1
1
1
1
1
1.00001
1.00003
1.00006
1.00017
1.00038
1.00102
1.00232
1.00623
1.01432
1.03797
1.09107
1.23949
1.63501
2.81788
6.43045
12.5067
11.5189
10.4333
1
1
1
1
1
1
1
1.00001
1.00003
1.00006
1.00016
1.00037
1.001
1.00228
1.00608
1.01415
1.03677
1.08941
1.2322
1.61633
2.75119
6.21804
12.5898
11.573
10.4687
1
1
1
1
1
1
1
1.00001
1.00003
1.00007
1.00015
1.0004
1.00092
1.00246
1.00558
1.01499
1.03477
1.09089
1.22647
1.60952
2.71496
6.0907
12.6342
11.6116
10.4947
3.82748
3.31989
4.307
4.35364
4.1181
4.03095
3.99483
3.96938
3.92245
3.86816
3.83768
3.82612
3.82355
3.82587
3.83673
3.85857
3.89466
3.94325
4.00115
4.06598
4.13565
4.20835
4.28245
4.35715
4.4331
4.50679
4.57705
4.6431
4.70453
4.76119
4.81299
4.85976
4.90068
4.93886
4.97262
4.99946
5.01937
5.03353
5.04262
5.04629
5.0458
5.04219
5.03331
5.01845
5.0005
4.97946
4.95543
4.92823
4.89833
4.86585
4.83099
4.79393
4.75493
4.71406
4.67163
4.62766
4.58243
4.53598
4.48854
4.44019
4.39107
4.34134
4.29107
4.24044
4.18953
4.13849
4.08743
4.03647
3.98573
3.93532
3.88536
3.83594
3.78715
3.73907
3.69178
3.64532
3.59977
3.55517
3.51159
3.4691
3.42776
3.38765
3.34886
3.31152
3.27577
3.24176
3.20966
3.1797
3.15218
3.12747
3.10601
3.08838
3.07531
3.06762
3.06686
3.06761
3.07006
3.07569
3.08695
3.10238
4.75656
4.29044
4.42678
4.30922
4.09758
4.04048
4.03859
4.00471
3.93227
3.86513
3.82453
3.80942
3.80861
3.82043
3.83482
3.85619
3.8909
3.93909
3.99667
4.06106
4.13022
4.20232
4.27581
4.34905
4.42585
4.49916
4.56947
4.63558
4.69738
4.75424
4.80619
4.85309
4.89487
4.9325
4.9657
4.99282
5.01316
5.02768
5.03676
5.04063
5.04021
5.03738
5.02957
5.01394
4.99542
4.97455
4.95078
4.92392
4.8942
4.86184
4.82711
4.79019
4.7513
4.71057
4.66822
4.6244
4.57925
4.53294
4.48559
4.43737
4.38837
4.33875
4.28861
4.23809
4.18731
4.13638
4.08543
4.03459
3.98395
3.93366
3.88379
3.83447
3.78578
3.73779
3.69057
3.64419
3.5987
3.55416
3.51063
3.46817
3.42687
3.38679
3.34804
3.31077
3.27509
3.24112
3.20906
3.17916
3.15171
3.12707
3.1057
3.08814
3.07516
3.0677
3.06754
3.06842
3.07114
3.07739
3.08961
3.10785
5.60812
4.88486
4.61903
4.37318
4.17251
4.07446
4.02061
3.97043
3.91719
3.86426
3.83054
3.82113
3.82343
3.8263
3.83219
3.84905
3.88482
3.93373
3.9912
4.0557
4.12521
4.19777
4.27178
4.34636
4.4217
4.49483
4.56494
4.63115
4.69277
4.74959
4.80148
4.84832
4.89013
4.92737
4.9598
4.98656
5.00698
5.02152
5.03045
5.0341
5.03366
5.03121
5.02435
5.00977
4.9898
4.96816
4.94437
4.91778
4.88825
4.85604
4.82139
4.78457
4.74574
4.70513
4.66287
4.61915
4.57412
4.52793
4.48072
4.43263
4.38379
4.33432
4.28436
4.234
4.18339
4.13263
4.08186
4.03119
3.98074
3.93062
3.88094
3.83178
3.78326
3.73543
3.68836
3.64211
3.59674
3.5523
3.5089
3.46659
3.42541
3.38546
3.34678
3.30969
3.27421
3.24044
3.2086
3.17895
3.15179
3.12746
3.10646
3.08934
3.07678
3.07028
3.07052
3.07183
3.07529
3.08274
3.09645
3.11881
6.00499
5.22793
4.79373
4.51205
4.3124
4.17388
4.09428
4.0376
3.97711
3.91365
3.86512
3.83707
3.82719
3.82909
3.83822
3.85929
3.89546
3.94264
3.99858
4.06133
4.12901
4.19993
4.27257
4.34574
4.41935
4.49126
4.56009
4.62524
4.68611
4.74223
4.79343
4.83959
4.88077
4.91717
4.9487
4.97485
4.99517
5.00961
5.01846
5.0218
5.02138
5.01926
5.0134
5.00058
4.97984
4.95726
4.93316
4.90674
4.87753
4.84563
4.81123
4.77462
4.736
4.6956
4.65356
4.61009
4.5653
4.51938
4.47245
4.42465
4.3761
4.32693
4.27725
4.2272
4.17688
4.12642
4.07595
4.02557
3.97543
3.92561
3.87624
3.82739
3.77917
3.73163
3.68484
3.63886
3.59375
3.54944
3.5063
3.46423
3.42331
3.38366
3.34543
3.30852
3.27322
3.23975
3.20829
3.1791
3.15247
3.12881
3.10855
3.09231
3.08072
3.07595
3.07646
3.07822
3.08275
3.09233
3.10786
3.1344
6.23892
5.51125
5.02643
4.71444
4.50316
4.35596
4.2554
4.18034
4.10347
4.02398
3.95792
3.91409
3.89236
3.88738
3.88918
3.89736
3.91848
3.96179
4.01797
4.07875
4.14339
4.21135
4.28138
4.35215
4.42278
4.49196
4.55842
4.62152
4.68046
4.73486
4.78456
4.82949
4.8696
4.9049
4.93536
4.9607
4.98059
4.99483
5.00353
5.00656
5.00614
5.00421
4.99903
4.98769
4.96728
4.94414
4.9195
4.89294
4.86395
4.83239
4.79835
4.76206
4.72374
4.68362
4.64188
4.59871
4.55425
4.50865
4.46207
4.41461
4.36643
4.31761
4.2683
4.21861
4.16866
4.11857
4.06847
4.01849
3.96874
3.91931
3.87033
3.82192
3.77413
3.72693
3.68045
3.63477
3.58999
3.54628
3.50343
3.46168
3.42111
3.38183
3.34392
3.3075
3.27273
3.23984
3.20903
3.18058
3.15484
3.1322
3.11318
3.09841
3.08852
3.0863
3.08704
3.08953
3.09545
3.10776
3.12528
3.15632
6.42354
5.78008
5.29953
4.97064
4.74713
4.59086
4.47594
4.37968
4.28381
4.18644
4.09807
4.02825
3.9807
3.95514
3.94994
3.95326
3.96518
3.99337
4.04621
4.10585
4.16783
4.23176
4.29706
4.36299
4.42895
4.49388
4.55693
4.61695
4.67337
4.72556
4.77353
4.81677
4.8554
4.88934
4.91855
4.94289
4.96212
4.97601
4.98452
4.98729
4.98686
4.98505
4.98032
4.97008
4.95077
4.92777
4.90275
4.87591
4.84695
4.81566
4.782
4.74609
4.70816
4.66842
4.62706
4.58427
4.54021
4.49504
4.44889
4.40187
4.35414
4.30577
4.25691
4.20766
4.15817
4.10854
4.05891
4.0094
3.96013
3.9112
3.86265
3.81474
3.76748
3.72089
3.67503
3.62992
3.58565
3.54232
3.49995
3.45866
3.41856
3.37978
3.34245
3.30672
3.27274
3.24069
3.21086
3.18354
3.15913
3.13803
3.12079
3.10807
3.10087
3.10106
3.1023
3.10573
3.11348
3.12934
3.14913
3.18406
6.59087
6.03789
5.59297
5.26819
5.03886
4.873
4.74189
4.62375
4.5055
4.38594
4.2734
4.17775
4.10573
4.06005
4.03827
4.03841
4.04252
4.05588
4.08644
4.13983
4.19858
4.25831
4.31828
4.37842
4.43854
4.49817
4.55652
4.61268
4.66589
4.71547
4.76112
4.80237
4.8393
4.87165
4.89941
4.92257
4.94091
4.95422
4.9624
4.96482
4.96437
4.9626
4.95811
4.94852
4.93054
4.90826
4.88328
4.85622
4.82716
4.79598
4.76262
4.72713
4.68964
4.65036
4.60948
4.56718
4.52362
4.47896
4.43333
4.38685
4.33964
4.29181
4.24349
4.19478
4.14584
4.09678
4.04775
3.99885
3.9502
3.90198
3.85433
3.8071
3.76042
3.71441
3.6691
3.62453
3.58079
3.53796
3.49617
3.45548
3.41606
3.37802
3.34153
3.30677
3.27382
3.243
3.2146
3.18895
3.16643
3.14751
3.1328
3.12282
3.1197
3.12031
3.12245
3.12775
3.13883
3.15925
3.1804
3.21763
6.76035
6.29481
5.90084
5.59593
5.36684
5.1893
5.03744
4.89401
4.75001
4.60655
4.47085
4.35202
4.25687
4.18921
4.14832
4.13214
4.13272
4.13746
4.15127
4.18169
4.23153
4.2862
4.34107
4.3954
4.44929
4.50285
4.5556
4.60695
4.6562
4.70263
4.74566
4.78482
4.81987
4.85056
4.8768
4.89871
4.91605
4.92866
4.93644
4.93851
4.93805
4.93631
4.93199
4.92285
4.90619
4.88501
4.86058
4.83364
4.80455
4.77344
4.74031
4.70522
4.66823
4.6295
4.58919
4.54747
4.50451
4.46044
4.41541
4.36953
4.32292
4.27569
4.22796
4.17986
4.13153
4.08311
4.03473
3.98662
3.93888
3.89153
3.84461
3.79811
3.75212
3.70672
3.66202
3.61809
3.57502
3.53291
3.49187
3.45202
3.41351
3.37649
3.34115
3.30761
3.2761
3.24696
3.22048
3.19704
3.17707
3.16104
3.14958
3.14344
3.14362
3.14487
3.14857
3.15667
3.17281
3.19631
3.21817
3.2557
6.94697
6.56319
6.2237
5.94239
5.71324
5.51876
5.34108
5.16919
4.99929
4.83381
4.67905
4.54212
4.42876
4.34242
4.28315
4.24922
4.23521
4.23547
4.2389
4.24985
4.27461
4.31731
4.36446
4.41241
4.46023
4.50768
4.55446
4.60044
4.64513
4.68783
4.72789
4.7647
4.79776
4.82678
4.85159
4.8722
4.88852
4.90037
4.90772
4.90938
4.9089
4.90715
4.90291
4.89402
4.87848
4.85851
4.83497
4.8085
4.77961
4.74862
4.7157
4.68095
4.64444
4.60629
4.56662
4.52557
4.48329
4.4399
4.39554
4.35033
4.30438
4.2578
4.21074
4.16331
4.1157
4.06814
4.02078
3.97366
3.92683
3.88031
3.83416
3.78842
3.74318
3.69854
3.65459
3.61144
3.5692
3.52796
3.48787
3.44906
3.41169
3.37597
3.34201
3.31003
3.28041
3.2534
3.22937
3.20873
3.19191
3.17947
3.17193
3.17048
3.17125
3.17392
3.18038
3.19373
3.21365
3.23839
3.25951
3.29512
7.16372
6.85003
6.55612
6.29193
6.0557
5.83885
5.63326
5.43455
5.24247
5.0601
4.89198
4.74289
4.61652
4.51524
4.43908
4.38737
4.35549
4.33907
4.33363
4.33499
4.3413
4.35725
4.38968
4.42794
4.46932
4.51085
4.55187
4.59261
4.63249
4.67099
4.7076
4.74162
4.77245
4.79965
4.82301
4.84244
4.85776
4.86893
4.87588
4.87714
4.87664
4.87488
4.87067
4.86193
4.84734
4.82857
4.80611
4.78044
4.75204
4.72137
4.68873
4.65434
4.61832
4.58076
4.54177
4.50145
4.45991
4.41726
4.37364
4.32915
4.2839
4.23804
4.19169
4.14511
4.09852
4.05203
4.00566
3.95946
3.91347
3.86777
3.82243
3.77752
3.73314
3.68937
3.64633
3.60412
3.56287
3.52271
3.4838
3.44629
3.41039
3.37631
3.3441
3.31419
3.28691
3.26261
3.24166
3.2245
3.2116
3.20345
3.2008
3.20135
3.20346
3.2089
3.22036
3.23905
3.26049
3.28446
3.30345
3.33534
7.41395
7.15084
6.88473
6.62462
6.37423
6.13391
5.90353
5.6836
5.4759
5.28288
5.10702
4.95065
4.81554
4.70263
4.6125
4.54282
4.49224
4.45755
4.43543
4.42218
4.41932
4.42139
4.4294
4.44776
4.47895
4.51242
4.5472
4.58278
4.6181
4.65247
4.68541
4.71622
4.74438
4.7695
4.7913
4.80957
4.82409
4.83469
4.84123
4.84221
4.84169
4.83991
4.83574
4.82713
4.81333
4.79562
4.77428
4.7496
4.72197
4.69186
4.65969
4.62575
4.59025
4.5533
4.515
4.47543
4.43468
4.39283
4.35
4.30628
4.26178
4.2167
4.17134
4.12586
4.08037
4.03489
3.98948
3.94421
3.89914
3.85435
3.80995
3.766
3.72261
3.67987
3.63789
3.59681
3.55676
3.51792
3.48044
3.44454
3.41049
3.3782
3.34827
3.32095
3.29658
3.27556
3.25833
3.2453
3.23691
3.23371
3.23412
3.23597
3.24084
3.25129
3.26874
3.2892
3.30999
3.33143
3.34718
3.37437
7.68757
7.45066
7.1926
6.92509
6.65775
6.39766
6.14955
5.91653
5.70058
5.50265
5.32333
5.16287
5.02161
4.8993
4.79605
4.71048
4.64202
4.58872
4.5485
4.51886
4.49914
4.48686
4.48616
4.48861
4.49706
4.51559
4.54346
4.57035
4.60064
4.63137
4.66089
4.68838
4.71363
4.73642
4.7565
4.77354
4.78724
4.79729
4.80365
4.80443
4.80389
4.80212
4.79801
4.78958
4.77647
4.75972
4.73945
4.71583
4.68917
4.65989
4.62842
4.5951
4.56021
4.52391
4.48631
4.4475
4.40755
4.36653
4.32451
4.28159
4.23797
4.19397
4.14976
4.1054
4.06096
4.0165
3.97209
3.92781
3.88375
3.83999
3.79663
3.75375
3.71148
3.66991
3.62917
3.58942
3.55081
3.51355
3.47782
3.44395
3.41188
3.38205
3.35486
3.33065
3.3098
3.29273
3.27987
3.27159
3.26826
3.26864
3.27041
3.27519
3.28537
3.30238
3.32187
3.3417
3.36003
3.37767
3.38952
3.4119
7.9676
7.73346
7.46792
7.18717
6.90522
6.63242
6.37527
6.137
5.91873
5.71993
5.53982
5.37717
5.23105
5.10067
4.98578
4.88577
4.80072
4.72966
4.67148
4.62482
4.58864
4.56143
4.54373
4.53317
4.53332
4.53603
4.5444
4.56247
4.58194
4.60789
4.63349
4.65754
4.67998
4.70049
4.71876
4.73447
4.74725
4.7568
4.76289
4.76365
4.76313
4.76141
4.75744
4.74934
4.73689
4.72097
4.7017
4.67918
4.65363
4.62541
4.59488
4.5624
4.52826
4.49269
4.45584
4.4178
4.37867
4.33847
4.29727
4.25529
4.21282
4.17002
4.12697
4.08373
4.04038
3.99701
3.95368
3.91049
3.86754
3.82491
3.78271
3.74105
3.70005
3.65983
3.62056
3.58238
3.54551
3.51015
3.47662
3.44497
3.41543
3.38858
3.36473
3.34425
3.32757
3.3151
3.30719
3.30413
3.30456
3.3065
3.31155
3.32223
3.33909
3.35806
3.37687
3.39417
3.40884
3.42202
3.43037
3.44736
8.23607
7.98788
7.70696
7.41325
7.12243
6.8449
6.58647
6.34919
6.13288
5.93579
5.75595
5.59132
5.44046
5.30247
5.17705
5.06405
4.96421
4.87705
4.8022
4.73899
4.68659
4.6441
4.61102
4.5865
4.57077
4.5617
4.56191
4.56444
4.57185
4.5868
4.60475
4.62398
4.64349
4.6617
4.67815
4.69242
4.70416
4.71306
4.71883
4.71964
4.71915
4.71752
4.71379
4.70615
4.69437
4.67926
4.66095
4.63955
4.61523
4.58824
4.55887
4.52744
4.49424
4.45953
4.42349
4.38628
4.34796
4.30859
4.26835
4.22755
4.18633
4.14474
4.10288
4.06081
4.01863
3.97642
3.93427
3.89228
3.85054
3.80918
3.76829
3.72801
3.68847
3.64983
3.61226
3.57596
3.54116
3.50814
3.47715
3.44808
3.42175
3.39844
3.37855
3.36244
3.35055
3.34328
3.34074
3.34128
3.34348
3.34912
3.36083
3.37788
3.39661
3.41477
3.43103
3.44461
3.45513
3.46379
3.46933
3.481
8.48228
8.20994
7.91255
7.61039
7.31771
7.04271
6.78901
6.55688
6.34475
6.15003
5.97018
5.80303
5.64718
5.50191
5.36708
5.24299
5.1299
5.02847
4.93869
4.86027
4.79262
4.73512
4.68723
4.64831
4.618
4.59563
4.58124
4.57262
4.57264
4.57423
4.57942
4.59063
4.60546
4.62021
4.63456
4.64725
4.65781
4.66597
4.67142
4.67225
4.67179
4.67027
4.6668
4.65971
4.64863
4.63433
4.61702
4.59681
4.57382
4.5482
4.52018
4.49
4.45793
4.42423
4.38914
4.35283
4.31536
4.27697
4.23792
4.19838
4.15842
4.1181
4.07748
4.03667
3.99575
3.9548
3.91394
3.87326
3.83289
3.79294
3.75354
3.71484
3.677
3.64021
3.60465
3.57059
3.53828
3.50811
3.47976
3.45413
3.43157
3.41245
3.39718
3.38605
3.37957
3.37794
3.37865
3.38124
3.38771
3.40082
3.41834
3.43696
3.4547
3.47024
3.48284
3.49213
3.49863
3.50305
3.50631
3.51362
8.70074
8.40035
8.09065
7.78698
7.49945
7.23267
6.9875
6.7624
6.55481
6.36186
6.18107
6.01063
5.84947
5.69723
5.55395
5.42008
5.29575
5.18203
5.07915
4.98701
4.90532
4.83368
4.77157
4.71858
4.67429
4.63825
4.61016
4.58932
4.57571
4.56865
4.56524
4.56629
4.56991
4.57786
4.58869
4.59873
4.60798
4.61526
4.6203
4.62122
4.6208
4.61942
4.61624
4.60972
4.59928
4.58585
4.56966
4.55077
4.52922
4.50511
4.47856
4.44979
4.41904
4.38656
4.3526
4.3173
4.28089
4.2437
4.20594
4.16771
4.12905
4.09005
4.05077
4.01132
3.97175
3.9322
3.89276
3.85356
3.81472
3.77638
3.73869
3.70182
3.66597
3.63134
3.59819
3.56678
3.53755
3.51019
3.48543
3.46384
3.44573
3.43147
3.42148
3.41569
3.41533
3.41628
3.41952
3.427
3.44202
3.46007
3.47875
3.4962
3.51118
3.52302
3.53142
3.53636
3.53902
3.54039
3.54174
3.54538
8.88682
8.56227
8.24775
7.95057
7.6745
7.41984
7.18486
6.9668
6.7628
6.57031
6.38744
6.213
6.04641
5.88758
5.73675
5.5943
5.4605
5.33637
5.22208
5.11774
5.02328
4.93852
4.8631
4.79671
4.73898
4.68956
4.64813
4.61436
4.58795
4.56848
4.55545
4.54533
4.54199
4.54247
4.54438
4.54879
4.55558
4.56108
4.56531
4.56632
4.56597
4.56475
4.56184
4.55581
4.54602
4.53361
4.51869
4.50123
4.48122
4.45869
4.43374
4.40655
4.37731
4.34627
4.31363
4.2796
4.24454
4.20874
4.17236
4.13549
4.09822
4.06062
4.02278
3.98477
3.94671
3.9087
3.87084
3.8333
3.7962
3.75971
3.72399
3.68927
3.65575
3.62369
3.59338
3.56525
3.53917
3.51546
3.49505
3.47814
3.46513
3.45644
3.45201
3.45224
3.45375
3.45813
3.46757
3.48384
3.5026
3.52146
3.53875
3.55336
3.56457
3.57235
3.57603
3.5775
3.57734
3.57668
3.57507
3.57589
9.04061
8.70144
8.39225
8.10903
7.84865
7.60753
7.38224
7.16971
6.96756
6.77407
6.58817
6.40935
6.23746
6.07261
5.91509
5.76521
5.62311
5.49006
5.36587
5.2508
5.14496
5.0483
4.96063
4.88165
4.81118
4.74893
4.69463
4.64808
4.60906
4.57719
4.55286
4.53299
4.51833
4.50962
4.50458
4.50366
4.50404
4.50516
4.50746
4.50791
4.50753
4.50624
4.5033
4.49734
4.48863
4.47753
4.46402
4.44806
4.42962
4.40875
4.38551
4.36005
4.33252
4.30315
4.27209
4.23965
4.20621
4.17198
4.13711
4.10172
4.06594
4.02984
3.99354
3.95713
3.92071
3.88441
3.84835
3.81269
3.77758
3.74323
3.70982
3.6776
3.64684
3.61782
3.59099
3.56641
3.54399
3.52494
3.50951
3.49792
3.49075
3.48811
3.48868
3.49096
3.49685
3.50906
3.5264
3.54572
3.56476
3.58193
3.59624
3.60704
3.61412
3.61737
3.61732
3.61679
3.61516
3.61151
3.60413
3.60446
9.16797
8.82529
8.53153
8.26841
8.02535
7.79662
7.57878
7.36948
7.16737
6.97178
6.78242
6.59928
6.42248
6.25225
6.08885
5.93254
5.78377
5.64236
5.50935
5.38487
5.26896
5.1616
5.06272
4.97217
4.88975
4.81534
4.74881
4.68995
4.63862
4.59462
4.55782
4.52854
4.50272
4.48353
4.46979
4.46067
4.45485
4.45136
4.44964
4.44827
4.44649
4.44394
4.44026
4.43485
4.42736
4.41761
4.40554
4.3911
4.3743
4.35517
4.33376
4.31018
4.28456
4.25707
4.2279
4.19739
4.16579
4.13331
4.10012
4.06638
4.03223
3.99778
3.96318
3.92852
3.89393
3.85954
3.82552
3.792
3.7592
3.72732
3.69661
3.66735
3.63985
3.61449
3.59165
3.57078
3.55333
3.53951
3.5298
3.52395
3.52354
3.52455
3.52783
3.53555
3.55095
3.56952
3.58929
3.60839
3.62544
3.63948
3.64995
3.65655
3.65903
3.65883
3.65788
3.65539
3.65011
3.6422
3.63045
3.63046
9.26977
8.93998
8.67054
8.42997
8.20345
7.98477
7.77165
7.56351
7.36031
7.16222
6.96951
6.78247
6.60134
6.42637
6.25777
6.09574
5.94059
5.79229
5.65175
5.51899
5.39408
5.27709
5.16801
5.06682
4.97341
4.88772
4.80962
4.73904
4.67584
4.62006
4.57149
4.53015
4.49584
4.4649
4.44144
4.42353
4.41018
4.40041
4.39344
4.38827
4.38397
4.37978
4.37519
4.36969
4.36277
4.35406
4.34332
4.33044
4.31536
4.29808
4.27864
4.25709
4.23356
4.2082
4.18117
4.15278
4.12324
4.09273
4.06143
4.02954
3.9972
3.9646
3.93187
3.89916
3.86661
3.83439
3.80265
3.77161
3.74146
3.71247
3.68492
3.65915
3.6355
3.61459
3.59552
3.57987
3.56794
3.56017
3.55665
3.55703
3.55902
3.56432
3.57544
3.59261
3.61246
3.63284
3.65208
3.669
3.68278
3.69291
3.69916
3.70108
3.70078
3.69956
3.69657
3.69038
3.6805
3.67002
3.6558
3.65442
9.35746
9.0567
8.81492
8.59392
8.37916
8.16665
7.95611
7.74825
7.5439
7.34372
7.14829
6.95802
6.77324
6.5942
6.42105
6.254
6.09319
5.93875
5.79159
5.6515
5.51862
5.39304
5.27483
5.16399
5.06052
4.96442
4.87563
4.79415
4.71994
4.65296
4.59316
4.54033
4.49475
4.45537
4.42058
4.39321
4.37128
4.35402
4.34071
4.33045
4.32236
4.31554
4.30927
4.30289
4.29585
4.28767
4.27796
4.2665
4.25311
4.23773
4.22033
4.20094
4.17963
4.15664
4.13193
4.10585
4.07857
4.05024
4.02108
3.99125
3.96098
3.93044
3.89983
3.86931
3.83906
3.80928
3.78017
3.75195
3.72489
3.69926
3.67543
3.65373
3.63484
3.61792
3.60421
3.59464
3.58866
3.58799
3.58894
3.59221
3.59995
3.61532
3.63418
3.65498
3.67582
3.69521
3.71211
3.72575
3.73562
3.74153
3.74302
3.74263
3.74122
3.73784
3.73092
3.7208
3.70824
3.69582
3.67998
3.67699
9.43993
9.17657
8.95834
8.75091
8.5438
8.33557
8.12725
7.92019
7.71558
7.51434
7.31716
7.12458
6.93696
6.75456
6.57758
6.40618
6.24051
6.08088
5.92742
5.78075
5.64085
5.50769
5.38135
5.26186
5.14931
5.04375
4.9452
4.85369
4.76923
4.69181
4.62144
4.55813
4.50179
4.45277
4.40858
4.37076
4.33945
4.3138
4.29299
4.27648
4.26341
4.25287
4.24393
4.23585
4.22798
4.21971
4.21059
4.2002
4.18831
4.17471
4.15931
4.14209
4.12309
4.10234
4.08023
4.0567
4.03189
4.00599
3.97919
3.95171
3.92376
3.89558
3.86736
3.83933
3.8117
3.7847
3.75858
3.73362
3.71011
3.6884
3.66889
3.65216
3.63775
3.62621
3.61893
3.61585
3.61631
3.61852
3.62422
3.6362
3.654
3.67475
3.69652
3.71778
3.73733
3.75424
3.76782
3.77758
3.78327
3.78446
3.78401
3.78244
3.7788
3.77139
3.76083
3.74829
3.73389
3.7199
3.70281
3.6984
9.52749
9.29554
9.09215
8.89264
8.69097
8.4869
8.28167
8.07665
7.87309
7.67202
7.47425
7.28036
7.09081
6.90588
6.72583
6.55082
6.38103
6.21659
6.05785
5.90548
5.75936
5.61947
5.48587
5.35869
5.23803
5.12399
5.01665
4.91608
4.82228
4.73533
4.65522
4.58199
4.51567
4.45619
4.4041
4.35593
4.3152
4.2808
4.25214
4.22856
4.20935
4.19377
4.18098
4.17018
4.16058
4.15151
4.14234
4.13258
4.12183
4.1098
4.0963
4.08122
4.06456
4.04635
4.02676
4.00581
3.98361
3.96031
3.93612
3.91125
3.88592
3.86037
3.83486
3.80964
3.78497
3.76114
3.73846
3.71722
3.69784
3.68062
3.66636
3.65445
3.64569
3.64043
3.64057
3.64192
3.64599
3.65487
3.67155
3.69143
3.71355
3.73624
3.75808
3.77794
3.79497
3.80859
3.81831
3.82398
3.82496
3.82447
3.82281
3.81898
3.81126
3.80058
3.78774
3.77345
3.7576
3.74228
3.72417
3.71856
9.61371
9.39985
9.206
9.01326
8.81748
8.61857
8.41755
8.21574
8.01442
7.81469
7.61743
7.4233
7.2328
7.04628
6.86402
6.68623
6.51309
6.34466
6.18137
6.02398
5.87237
5.72654
5.58659
5.45264
5.32482
5.20328
5.08811
4.97944
4.87727
4.78172
4.69277
4.61052
4.535
4.46622
4.40429
4.34879
4.29845
4.25531
4.21833
4.18707
4.16104
4.1396
4.12203
4.10755
4.09533
4.08462
4.0747
4.06496
4.05488
4.04406
4.0322
4.01909
4.00467
3.98891
3.97186
3.95355
3.93408
3.91359
3.89223
3.87026
3.84783
3.82528
3.80279
3.78078
3.75944
3.73926
3.72046
3.70355
3.68883
3.67698
3.66814
3.66153
3.66012
3.66093
3.664
3.67117
3.68562
3.70434
3.72646
3.75001
3.77361
3.79608
3.81642
3.83379
3.84761
3.85752
3.86303
3.86412
3.86361
3.86191
3.85801
3.85017
3.83946
3.82666
3.81217
3.79648
3.77943
3.76299
3.74404
3.73747
9.68982
9.48215
9.29714
9.1127
8.92392
8.73079
8.53452
8.33656
8.13828
7.94082
7.74507
7.55169
7.3612
7.174
6.9904
6.81067
6.63501
6.46359
6.29661
6.13452
5.97799
5.82699
5.68154
5.54176
5.40778
5.27976
5.15782
5.04208
4.93258
4.82943
4.73263
4.64232
4.55849
4.48126
4.41062
4.34696
4.28858
4.23682
4.19158
4.15254
4.11935
4.09149
4.0684
4.04936
4.03362
4.02041
4.00894
3.99853
3.98856
3.97849
3.96792
3.95654
3.94419
3.93076
3.91624
3.90061
3.88397
3.86641
3.8481
3.82921
3.80999
3.79067
3.77163
3.75314
3.73566
3.71956
3.70525
3.69326
3.68388
3.67803
3.67464
3.67514
3.67744
3.68332
3.69548
3.71299
3.73457
3.7584
3.78325
3.80792
3.8312
3.85216
3.87004
3.88428
3.89448
3.90031
3.90135
3.90086
3.89921
3.8954
3.8877
3.8771
3.86442
3.85007
3.83428
3.81743
3.79938
3.782
3.7624
3.75506
9.75104
9.54277
9.36755
9.19291
9.01169
8.82437
8.63291
8.43911
8.24443
8.04994
7.85646
7.66463
7.47496
7.28787
7.10371
6.92279
6.74537
6.57166
6.40169
6.23603
6.07543
5.92
5.76983
5.62506
5.48582
5.35227
5.22451
5.10266
4.9868
4.877
4.77332
4.67586
4.58466
4.49986
4.42148
4.34964
4.28456
4.22443
4.17144
4.12484
4.08443
4.04987
4.02076
3.99652
3.97651
3.96
3.94621
3.93441
3.92389
3.91403
3.90432
3.89435
3.88382
3.87257
3.86047
3.84753
3.83378
3.8193
3.8042
3.78864
3.77286
3.75713
3.74182
3.72736
3.71414
3.70274
3.69345
3.68704
3.6837
3.68389
3.68548
3.6901
3.70006
3.71711
3.73726
3.76079
3.78635
3.81263
3.83847
3.86277
3.88459
3.90315
3.91801
3.92869
3.93493
3.93644
3.93597
3.93439
3.93078
3.92348
3.91315
3.90073
3.8866
3.87103
3.85416
3.83635
3.81748
3.79931
3.77924
3.77129
9.80246
9.58935
9.42219
9.25713
9.08317
8.90128
8.71437
8.52475
8.33389
8.14277
7.95206
7.76232
7.57405
7.38767
7.20357
7.02212
6.8436
6.66827
6.49622
6.3279
6.16399
6.00483
5.85066
5.70167
5.558
5.41979
5.28712
5.1601
5.03881
4.9233
4.81367
4.70999
4.61234
4.52082
4.43553
4.35657
4.28412
4.21752
4.1572
4.10336
4.0559
4.01464
3.97929
3.94945
3.92459
3.9041
3.88726
3.87334
3.86162
3.85136
3.84204
3.83306
3.8241
3.81482
3.80506
3.79479
3.78398
3.77268
3.76091
3.74885
3.73674
3.72489
3.71375
3.70377
3.69539
3.68934
3.68553
3.6857
3.68701
3.69099
3.69971
3.71494
3.73404
3.75691
3.78249
3.80972
3.83753
3.86476
3.89028
3.91314
3.93262
3.9482
3.95981
3.96663
3.96868
3.96831
3.96697
3.96374
3.95713
3.94734
3.93524
3.92147
3.90618
3.88962
3.87186
3.85327
3.83373
3.81493
3.79455
3.78615
9.84439
9.62609
9.46609
9.30953
9.14186
8.96464
8.78186
8.5962
8.40909
8.22133
8.03347
7.84601
7.65939
7.47408
7.29047
7.10896
6.92989
6.75354
6.58007
6.40987
6.24338
6.08125
5.92385
5.77143
5.62412
5.48205
5.34527
5.21389
5.08796
4.96757
4.85279
4.74373
4.64043
4.54307
4.45167
4.36644
4.28738
4.21493
4.14768
4.0872
4.03309
3.98534
3.94376
3.90814
3.87807
3.8531
3.83261
3.81594
3.80239
3.79118
3.78175
3.77331
3.76563
3.75808
3.75053
3.74288
3.73504
3.72693
3.71855
3.71011
3.70194
3.69427
3.68785
3.6828
3.67985
3.68009
3.68154
3.68553
3.6939
3.70687
3.72449
3.7463
3.77139
3.79893
3.82807
3.85759
3.88637
3.91325
3.93733
3.95786
3.97443
3.9869
3.99485
3.99798
3.99772
3.99664
3.99394
3.98833
3.97903
3.96759
3.95431
3.93953
3.9233
3.90599
3.88749
3.8683
3.84821
3.82892
3.80832
3.79961
9.87225
9.6553
9.50302
9.35355
9.19095
9.01772
8.83861
8.65654
8.47284
8.28815
8.10294
7.91764
7.7327
7.54856
7.36565
7.18438
7.00511
6.82817
6.65385
6.48226
6.31404
6.14972
5.98982
5.83464
5.68432
5.53901
5.39877
5.26368
5.13383
5.00926
4.89009
4.77638
4.66823
4.56576
4.46905
4.37825
4.29344
4.21484
4.14205
4.07553
4.01524
3.96134
3.91373
3.87236
3.83693
3.80719
3.78264
3.76265
3.74662
3.73387
3.72372
3.71548
3.70861
3.70259
3.69714
3.69209
3.68717
3.68222
3.67718
3.67263
3.66863
3.66538
3.66462
3.66513
3.66702
3.67155
3.68082
3.69217
3.70867
3.72937
3.75361
3.78084
3.81048
3.84148
3.87282
3.90321
3.93158
3.95695
3.97869
3.99636
4.00993
4.01925
4.02386
4.02378
4.02308
4.0211
4.01677
4.00834
3.9976
3.98505
3.97084
3.95526
3.9382
3.92038
3.90115
3.88162
3.86105
3.84138
3.82064
3.81175
9.88709
9.67879
9.53549
9.39203
9.23343
9.06349
8.88756
8.70861
8.52785
8.34582
8.16291
7.97952
7.79608
7.61304
7.43084
7.24991
7.07066
6.89343
6.71853
6.54616
6.37674
6.21086
6.04904
5.89164
5.73886
5.59085
5.44771
5.30949
5.1763
5.04817
4.92524
4.80754
4.69518
4.58828
4.48692
4.39126
4.30139
4.21745
4.13965
4.06749
4.00154
3.94194
3.88865
3.84171
3.80102
3.7663
3.73731
3.71363
3.69467
3.67979
3.66836
3.65973
3.65329
3.64856
3.64516
3.64269
3.64053
3.63852
3.63682
3.63686
3.63735
3.63881
3.64218
3.64901
3.65823
3.67057
3.68571
3.70511
3.72834
3.75519
3.78499
3.81692
3.85003
3.88321
3.91527
3.94515
3.97192
3.99498
4.01396
4.02871
4.03947
4.04589
4.04702
4.04657
4.0451
4.04176
4.035
4.02523
4.01347
4.00004
3.9851
3.96884
3.95131
3.93284
3.9133
3.89319
3.87238
3.85238
3.83169
3.82251
9.89226
9.69744
9.56434
9.42656
9.27137
9.10417
8.93093
8.75463
8.57637
8.39654
8.21549
8.03364
7.85142
7.6693
7.48774
7.30719
7.12805
6.95069
6.77542
6.60251
6.4323
6.26532
6.10205
5.9429
5.7881
5.63785
5.49225
5.35137
5.21534
5.08416
4.95798
4.83685
4.72085
4.61013
4.50472
4.40481
4.31049
4.22188
4.13922
4.06216
3.99125
3.92648
3.86795
3.81573
3.76984
3.73024
3.6967
3.66893
3.64654
3.62903
3.61583
3.60637
3.60001
3.59649
3.59505
3.59504
3.59523
3.59595
3.59772
3.60145
3.60745
3.61507
3.6251
3.63787
3.65383
3.67284
3.69528
3.7214
3.7509
3.78331
3.81779
3.85327
3.88854
3.92247
3.95397
3.98227
4.00676
4.02717
4.04338
4.0554
4.06375
4.06707
4.06689
4.06595
4.06353
4.05849
4.05031
4.03955
4.02702
4.01291
3.99741
3.98064
3.96271
3.94378
3.92394
3.90345
3.88242
3.86216
3.84151
3.83217
9.89319
9.71116
9.58933
9.45774
9.30582
9.141
8.97003
8.79594
8.6197
8.44162
8.26205
8.0814
7.90016
7.7188
7.53779
7.35757
7.17854
7.00109
6.82557
6.65225
6.48148
6.31369
6.14932
5.98878
5.83233
5.6802
5.53252
5.38938
5.25091
5.11712
4.98816
4.86407
4.74493
4.6309
4.52198
4.4184
4.32019
4.22753
4.14055
4.05926
3.98381
3.91433
3.85098
3.79388
3.74312
3.6987
3.66057
3.6286
3.60253
3.58202
3.56662
3.55591
3.54921
3.54708
3.54728
3.54813
3.55018
3.5544
3.56118
3.56988
3.58097
3.59448
3.61075
3.63005
3.65292
3.67867
3.70812
3.74076
3.77602
3.81312
3.85101
3.88854
3.92451
3.9579
3.98791
4.01405
4.03603
4.05382
4.06751
4.0772
4.08329
4.08419
4.08376
4.0823
4.07894
4.07212
4.0631
4.05152
4.03859
4.02399
4.00807
3.99092
3.97266
3.95341
3.93329
3.91254
3.89131
3.87085
3.85021
3.84076
9.8933
9.72203
9.61127
9.48595
9.33718
9.17437
9.00524
8.83294
8.65834
8.48169
8.30331
8.12364
7.94318
7.76242
7.58182
7.40184
7.22288
7.04536
6.86962
6.69597
6.52475
6.35632
6.19107
6.02943
5.87163
5.71796
5.56852
5.42347
5.28291
5.1469
5.01554
4.88892
4.76708
4.65022
4.53829
4.43155
4.32999
4.23382
4.14311
4.05812
3.97862
3.90495
3.83725
3.77574
3.72043
3.67149
3.62894
3.59278
3.56291
3.53914
3.52116
3.50879
3.50133
3.50067
3.50125
3.5031
3.5072
3.51547
3.52686
3.54072
3.55729
3.57687
3.59957
3.62573
3.6552
3.68809
3.72407
3.76249
3.80248
3.84298
3.88288
3.92106
3.95653
3.98853
4.01655
4.04039
4.05998
4.07547
4.087
4.09483
4.09872
4.0986
4.09786
4.09586
4.09165
4.08332
4.07368
4.06159
4.04843
4.0335
4.01728
3.99984
3.98134
3.96185
3.94151
3.92055
3.89914
3.87853
3.85787
3.8483
9.89524
9.73259
9.63115
9.51112
9.36491
9.20383
9.03631
8.86556
8.69232
8.51686
8.33946
8.16059
7.98075
7.80045
7.62016
7.44034
7.26142
7.08382
6.90789
6.73397
6.56236
6.39342
6.22748
6.06496
5.90607
5.75113
5.60023
5.45359
5.31126
5.17338
5.03998
4.91123
4.7871
4.66783
4.55335
4.44394
4.33951
4.24036
4.14646
4.05806
3.97511
3.89787
3.82639
3.76092
3.70151
3.64844
3.60174
3.56157
3.52792
3.50077
3.48
3.46562
3.45719
3.45725
3.4582
3.46098
3.46706
3.47922
3.49517
3.51433
3.53674
3.56256
3.59193
3.62504
3.66108
3.70041
3.74211
3.7852
3.82861
3.87117
3.91182
3.94959
3.98381
4.014
4.03994
4.06162
4.07914
4.09272
4.10254
4.10891
4.11096
4.11068
4.10956
4.10698
4.1017
4.09276
4.08264
4.07027
4.05677
4.04163
4.02523
4.00759
3.9889
3.96921
3.9487
3.92756
3.90602
3.88526
3.86456
3.85485
9.90152
9.74413
9.64898
9.53275
9.38862
9.22902
9.06279
8.89331
8.72126
8.5468
8.37024
8.19204
8.01273
7.83282
7.65278
7.47311
7.29422
7.11654
6.94045
6.76628
6.59436
6.42501
6.25852
6.09531
5.93555
5.77958
5.6275
5.47953
5.33574
5.19629
5.06121
4.93067
4.80465
4.68338
4.56678
4.45513
4.34831
4.24665
4.15005
4.05883
3.97289
3.89256
3.81781
3.74893
3.68596
3.62924
3.57882
3.53496
3.49774
3.4673
3.44367
3.42711
3.41747
3.41761
3.41893
3.42259
3.43052
3.44611
3.46654
3.49109
3.51954
3.55185
3.58791
3.62729
3.66982
3.7147
3.76093
3.80739
3.85287
3.89629
3.93668
3.97341
4.00602
4.03434
4.05837
4.07821
4.09406
4.10616
4.11472
4.11997
4.12078
4.12038
4.11903
4.11595
4.10986
4.1007
4.09005
4.07764
4.06381
4.04852
4.03197
4.01417
3.99534
3.9755
3.95486
3.93358
3.91192
3.89104
3.87029
3.86043
9.91417
9.75724
9.66462
9.55045
9.40804
9.24978
9.0847
8.91618
8.74501
8.57135
8.39552
8.21795
8.03914
7.85959
7.6798
7.50026
7.32141
7.14369
6.96749
6.79314
6.62096
6.45128
6.28436
6.1206
5.96016
5.80336
5.65034
5.50131
5.35636
5.21563
5.07921
4.9472
4.81968
4.69675
4.57844
4.46493
4.35619
4.25245
4.15367
4.0601
3.97172
3.88878
3.81127
3.73955
3.67358
3.61375
3.56011
3.513
3.47258
3.43909
3.41273
3.39395
3.38281
3.38297
3.3845
3.38878
3.39812
3.41676
3.44149
3.47137
3.50586
3.54457
3.58705
3.63245
3.68036
3.72964
3.77913
3.82763
3.87399
3.91729
3.95682
3.99219
4.02319
4.04986
4.0723
4.09073
4.10535
4.1164
4.12405
4.12855
4.12862
4.12816
4.12671
4.12328
4.11641
4.10714
4.09622
4.08371
4.06971
4.05429
4.03761
4.01969
4.00075
3.98078
3.96004
3.93864
3.9169
3.8959
3.87508
3.86508
9.93263
9.77166
9.67799
9.56445
9.42322
9.26608
9.10184
8.93397
8.76346
8.59046
8.41527
8.23824
8.05986
7.88065
7.70109
7.52169
7.34291
7.16518
6.9889
6.81436
6.64201
6.47207
6.30483
6.14063
5.97969
5.82226
5.66853
5.51868
5.37282
5.23112
5.09363
4.96049
4.83176
4.70754
4.58789
4.47292
4.36268
4.25729
4.15681
4.06139
3.97109
3.88609
3.80639
3.73238
3.66398
3.60163
3.54537
3.49556
3.45245
3.41633
3.38753
3.36671
3.35398
3.35412
3.35578
3.36052
3.37093
3.39185
3.42057
3.45548
3.49567
3.54031
3.58844
3.63922
3.69145
3.74392
3.79541
3.84479
3.89112
3.93369
3.97207
4.00607
4.03568
4.06104
4.08232
4.09974
4.11352
4.12387
4.13091
4.13491
4.13486
4.13427
4.13256
4.12882
4.1215
4.11217
4.10114
4.08852
4.0744
4.05888
4.0421
4.0241
4.00507
3.98501
3.96419
3.94268
3.92088
3.89979
3.87889
3.86874
9.95547
9.78614
9.68875
9.57485
9.43451
9.2783
9.11468
8.9473
8.77725
8.60473
8.43003
8.25343
8.07541
7.89646
7.71709
7.53782
7.35911
7.18138
7.00507
6.83049
6.65791
6.48773
6.32023
6.1557
5.99439
5.8365
5.68227
5.53181
5.3853
5.24287
5.10459
4.97062
4.84098
4.71582
4.59516
4.47913
4.36777
4.26117
4.15942
4.06262
3.97085
3.88432
3.80299
3.72726
3.65702
3.59275
3.53449
3.48259
3.43739
3.39918
3.36839
3.34587
3.33165
3.33176
3.33347
3.33852
3.34969
3.37226
3.40431
3.44352
3.48861
3.5383
3.59126
3.64613
3.70153
3.75606
3.80858
3.85808
3.90387
3.9455
3.98277
4.01564
4.04421
4.06865
4.08915
4.10594
4.11921
4.12904
4.13595
4.13961
4.13948
4.13876
4.13686
4.13282
4.12543
4.11602
4.1049
4.09218
4.07798
4.06238
4.04552
4.02747
4.00835
3.98824
3.96733
3.94576
3.92391
3.90274
3.88174
3.87148
9.97796
9.79846
9.69633
9.58152
9.44165
9.28605
9.12282
8.95573
8.78596
8.61373
8.43936
8.26308
8.08535
7.90661
7.72741
7.54825
7.36962
7.19193
7.0156
6.84092
6.66831
6.498
6.33033
6.1656
6.00405
5.84587
5.69129
5.54046
5.39351
5.25061
5.11181
4.97729
4.84706
4.72128
4.59996
4.48323
4.37112
4.26372
4.16114
4.06344
3.97072
3.88317
3.80077
3.72389
3.65245
3.5869
3.5273
3.474
3.42738
3.38773
3.35556
3.33185
3.31648
3.31657
3.3183
3.32355
3.33523
3.35894
3.39332
3.43564
3.48432
3.5377
3.5941
3.65178
3.70918
3.76484
3.81773
3.86697
3.91214
3.95294
3.98935
4.02143
4.04932
4.07321
4.09325
4.10969
4.12263
4.13231
4.13915
4.14254
4.14239
4.14162
4.13964
4.13547
4.12803
4.11856
4.10737
4.09459
4.08033
4.0647
4.0478
4.0297
4.01053
3.99037
3.96941
3.94781
3.9259
3.90472
3.88357
3.87324
9.99378
9.80658
9.70111
9.58565
9.446
9.29069
9.12763
8.96063
8.79093
8.61879
8.44452
8.26834
8.09068
7.912
7.73283
7.55368
7.37506
7.19735
7.02101
6.84628
6.67357
6.50318
6.33541
6.17056
6.00887
5.85054
5.69578
5.54474
5.39756
5.25442
5.11535
4.98055
4.85001
4.72393
4.60226
4.48518
4.3727
4.26491
4.1619
4.06374
3.97055
3.88249
3.79954
3.72211
3.65006
3.58388
3.52362
3.46962
3.42228
3.38191
3.34901
3.32469
3.30863
3.3087
3.31047
3.31587
3.32788
3.35216
3.38779
3.43178
3.48241
3.53777
3.59601
3.65513
3.71349
3.76963
3.82257
3.87157
3.91631
3.95663
3.99258
4.02425
4.05179
4.07542
4.09523
4.11158
4.12425
4.13396
4.14086
4.14398
4.14381
4.14303
4.14105
4.13685
4.12937
4.11986
4.10863
4.09582
4.08153
4.06588
4.04895
4.03083
4.01164
3.99145
3.97045
3.94883
3.92688
3.90574
3.88445
3.87408
)
;

boundaryField
{
    inlet
    {
        type            fixedValue;
        value           uniform 1;
    }
    outlet
    {
        type            waveTransmissive;
        gamma           1.4;
        fieldInf        1;
        lInf            3;
        value           nonuniform List<scalar> 
40
(
3.09142
3.09693
3.1079
3.12353
3.14546
3.17321
3.20684
3.245
3.28452
3.32485
3.36394
3.40151
3.43697
3.47058
3.50315
3.53487
3.56535
3.59394
3.61991
3.64386
3.66643
3.68782
3.70796
3.72685
3.74442
3.76063
3.77547
3.7889
3.80102
3.81176
3.82139
3.82995
3.83747
3.84401
3.84957
3.85422
3.85789
3.86063
3.8624
3.86325
)
;
    }
    top
    {
        type            symmetryPlane;
    }
    bottom
    {
        type            symmetryPlane;
    }
    obstacle
    {
        type            zeroGradient;
    }
    frontAndBack
    {
        type            empty;
    }
}


// ************************************************************************* //
