/*--------------------------------*- C++ -*----------------------------------*\
  =========                 |
  \\      /  F ield         | OpenFOAM: The Open Source CFD Toolbox
   \\    /   O peration     | Website:  https://openfoam.org
    \\  /    A nd           | Version:  13
     \\/     M anipulation  |
\*---------------------------------------------------------------------------*/
FoamFile
{
    format      ascii;
    class       volScalarField;
    location    "10";
    object      rho;
}
// * * * * * * * * * * * * * * * * * * * * * * * * * * * * * * * * * * * * * //

dimensions      [1 -3 0 0 0 0 0];

internalField   nonuniform List<scalar> 
5250
(
1.40001
1.40003
1.40008
1.40023
1.40049
1.4014
1.40298
1.40834
1.4183
1.44767
1.50751
1.64764
1.93043
2.68662
5.4896
5.73237
5.67654
5.66997
5.69422
5.7775
5.86058
5.91298
5.95411
5.98749
6.01489
1.40001
1.40003
1.40009
1.40019
1.40056
1.40121
1.40333
1.40744
1.41963
1.44486
1.50934
1.64286
1.92743
2.67024
5.45343
5.73005
5.67484
5.66763
5.69169
5.77497
5.85813
5.91092
5.95298
5.98725
6.01573
1.40001
1.40003
1.40008
1.40021
1.40049
1.40131
1.40298
1.40791
1.41806
1.44571
1.50498
1.64012
1.91766
2.63762
5.37292
5.72471
5.66995
5.6586
5.68172
5.76328
5.8457
5.89741
5.94044
5.97427
6.00211
1.40001
1.40003
1.40008
1.40019
1.40051
1.40117
1.40309
1.40719
1.41826
1.44303
1.50314
1.63176
1.90443
2.58831
5.24604
5.71829
5.66317
5.6429
5.6643
5.74217
5.82283
5.87333
5.91395
5.94819
5.97726
1.40001
1.40003
1.40008
1.40018
1.40049
1.40112
1.40295
1.40686
1.41745
1.44111
1.49874
1.62234
1.8853
2.52508
5.06917
5.71288
5.65571
5.62122
5.64016
5.7132
5.79083
5.84013
5.87859
5.91078
5.94111
1.40001
1.40003
1.40007
1.40018
1.40043
1.40112
1.40261
1.40681
1.41574
1.43979
1.49185
1.61174
1.85998
2.4497
4.8362
5.71243
5.64909
5.59349
5.6089
5.67568
5.74834
5.79348
5.83011
5.86008
5.89172
1.40001
1.40002
1.40006
1.40017
1.4004
1.40104
1.40241
1.4063
1.41449
1.43697
1.485
1.59757
1.82992
2.36329
4.54083
5.72184
5.6458
5.56068
5.57155
5.62953
5.69711
5.73437
5.76381
5.78859
5.8207
1.40001
1.40002
1.40006
1.40016
1.40035
1.40098
1.4021
1.40587
1.41284
1.43399
1.47665
1.58136
1.79411
2.26844
4.17737
5.74227
5.64841
5.52373
5.52895
5.57352
5.63239
5.66054
5.67841
5.6908
5.7185
1.40001
1.40002
1.40005
1.40014
1.40032
1.40085
1.40189
1.40516
1.41143
1.43007
1.4682
1.56215
1.75432
2.16916
3.75203
5.77438
5.66034
5.48875
5.48533
5.5128
5.55639
5.56742
5.566
5.55296
5.55854
1.40001
1.40002
1.40005
1.40011
1.40031
1.40065
1.40186
1.40395
1.41097
1.42415
1.46198
1.53882
1.71449
2.07098
3.27701
5.78685
5.66978
5.46209
5.44019
5.44733
5.46804
5.4589
5.42869
5.36028
5.30624
1.40001
1.40002
1.40004
1.40011
1.40023
1.40065
1.40138
1.40391
1.40839
1.42277
1.4507
1.52407
1.67255
1.98956
2.8947
5.6707
5.62552
5.44794
5.38612
5.3788
5.36839
5.33577
5.24655
5.03776
4.44317
1.40001
1.40002
1.40003
1.4001
1.4002
1.40057
1.4012
1.40337
1.40731
1.41972
1.44423
1.50874
1.64036
1.92355
2.65122
5.32104
5.49341
5.41464
5.32588
5.304
5.27141
5.2044
5.05991
4.76471
4.14274
1.40001
1.40001
1.40003
1.40008
1.40017
1.40049
1.40102
1.40293
1.4062
1.41718
1.43786
1.49487
1.6099
1.86267
2.44954
4.80414
5.40861
5.36969
5.26581
5.22373
5.17434
5.07995
4.89364
4.59174
4.12133
1.40001
1.40001
1.40003
1.40007
1.40015
1.40041
1.40086
1.40248
1.40521
1.41458
1.43193
1.48105
1.57997
1.80061
2.2753
4.21197
5.36879
5.33507
5.22596
5.14634
5.08195
4.96834
4.78177
4.50391
4.1394
1.40001
1.40001
1.40003
1.40005
1.40014
1.4003
1.40082
1.40176
1.40493
1.41065
1.42853
1.46391
1.55338
1.73448
2.12027
3.56479
5.36239
5.32605
5.203
5.08383
4.99556
4.87898
4.7027
4.46053
4.15773
1.40001
1.40001
1.40002
1.40004
1.40011
1.40024
1.40065
1.40143
1.40382
1.40867
1.42229
1.45129
1.52282
1.6717
1.97871
2.85929
5.3016
5.30298
5.20895
5.04247
4.93456
4.814
4.65075
4.43598
4.1801
1.40001
1.40001
1.40002
1.40004
1.40009
1.4002
1.40052
1.40113
1.40316
1.40673
1.41846
1.44075
1.50125
1.62344
1.88831
2.53044
4.92504
5.22496
5.16684
5.01374
4.8848
4.76945
4.61765
4.42913
4.20704
1.40001
1.40001
1.40001
1.40003
1.40006
1.40017
1.40037
1.40101
1.40223
1.40597
1.41355
1.43464
1.47925
1.58522
1.80198
2.28417
4.20753
5.12319
5.09683
4.99811
4.85688
4.73701
4.60313
4.43954
4.24483
1.40001
1.40001
1.40001
1.40002
1.40006
1.40012
1.40032
1.40073
1.40185
1.40442
1.41092
1.42639
1.46302
1.54603
1.72356
2.08648
3.43743
5.06939
5.06765
5.00559
4.86036
4.72872
4.60586
4.45906
4.29333
1.40001
1.40001
1.40001
1.40002
1.40005
1.40009
1.40025
1.40054
1.40143
1.40325
1.40836
1.41949
1.44806
1.51038
1.65047
1.92563
2.67347
4.89738
5.08641
5.02571
4.88819
4.7471
4.6256
4.4903
4.35838
1.40001
1.40001
1.40001
1.40002
1.40004
1.40007
1.40019
1.4004
1.40111
1.4024
1.40652
1.41451
1.43748
1.48468
1.59784
1.82492
2.34822
4.3492
5.05039
5.01874
4.92102
4.77864
4.65936
4.55064
4.44823
1.40001
1.40001
1.40001
1.40001
1.40003
1.40006
1.40014
1.40031
1.40083
1.40178
1.40496
1.41071
1.42865
1.46381
1.5532
1.73251
2.10863
3.53488
4.97405
5.00908
4.95473
4.8285
4.71786
4.63877
4.5592
1.40001
1.40001
1.40001
1.40001
1.40002
1.40005
1.4001
1.40024
1.40058
1.40136
1.40347
1.40799
1.42042
1.44691
1.51231
1.64917
1.92132
2.66149
4.78678
5.05345
5.00976
4.91965
4.82728
4.76021
4.68993
1.40001
1.40001
1.40001
1.40001
1.40002
1.40004
1.40007
1.40018
1.40041
1.40105
1.40245
1.40616
1.41466
1.43581
1.48377
1.59232
1.81564
2.31927
4.22444
5.04875
5.07509
5.03811
4.96559
4.89747
4.82712
1.40001
1.40001
1.40001
1.40001
1.40001
1.40003
1.40005
1.40014
1.40029
1.4008
1.40172
1.40472
1.41037
1.42725
1.4614
1.54691
1.72017
2.08236
3.37679
4.98537
5.19845
5.16891
5.11661
5.04856
4.96972
1.40001
1.40001
1.40001
1.40001
1.40001
1.40002
1.40004
1.4001
1.40022
1.40057
1.40127
1.40343
1.40748
1.42003
1.44453
1.5092
1.64053
1.9098
2.61729
4.76946
5.33519
5.31602
5.27493
5.20748
5.10212
1.40001
1.40001
1.40001
1.40001
1.40001
1.40002
1.40003
1.40007
1.40018
1.40039
1.40107
1.40227
1.40633
1.41368
1.43634
1.4808
1.59148
1.81123
2.3187
4.20748
5.38896
5.46896
5.44019
5.37068
5.23263
1.40001
1.40001
1.40001
1.40001
1.40001
1.40001
1.40003
1.40006
1.40013
1.40032
1.40073
1.40193
1.40432
1.41147
1.42589
1.46494
1.54681
1.72965
2.10708
3.39576
5.41746
5.6286
5.59593
5.49714
5.3304
1.40001
1.40001
1.40001
1.40001
1.40001
1.40001
1.40002
1.40005
1.4001
1.40026
1.40055
1.40154
1.40329
1.4091
1.41994
1.45154
1.51577
1.66587
1.96288
2.79578
5.30236
5.75447
5.72377
5.60913
5.40737
1.40001
1.40001
1.40001
1.40001
1.40001
1.40001
1.40002
1.40004
1.40009
1.4002
1.40049
1.40119
1.40286
1.40721
1.41706
1.44227
1.49844
1.62559
1.89066
2.55765
4.96883
5.77064
5.76138
5.65372
5.43559
1.40001
1.40001
1.40001
1.40001
1.40001
1.40001
1.40002
1.40003
1.40008
1.40016
1.40044
1.40092
1.40264
1.40556
1.41562
1.4342
1.48691
1.59343
1.83087
2.3782
4.44744
5.79954
5.78951
5.65493
5.42665
1.40001
1.40001
1.40001
1.40001
1.40001
1.40001
1.40001
1.40003
1.40006
1.40015
1.40034
1.40087
1.40208
1.40516
1.41268
1.43078
1.47383
1.57102
1.77852
2.24914
3.95143
5.90066
5.84524
5.61552
5.38926
1.40001
1.40001
1.40001
1.40001
1.40001
1.40001
1.40001
1.40002
1.40006
1.40012
1.40032
1.4007
1.4019
1.40433
1.41129
1.42632
1.46519
1.54954
1.73572
2.15065
3.48587
6.00613
5.8914
5.56673
5.35439
1.40001
1.40001
1.40001
1.40001
1.40001
1.40001
1.40001
1.40002
1.40005
1.40012
1.40027
1.40066
1.40164
1.40391
1.40992
1.42344
1.45764
1.5335
1.70014
2.05538
3.11059
6.01832
5.88575
5.53991
5.33832
1.40001
1.40001
1.40001
1.40001
1.40001
1.40001
1.40001
1.40002
1.40005
1.4001
1.40025
1.40062
1.40143
1.40376
1.40861
1.42236
1.45162
1.52431
1.67686
1.99834
2.93595
5.89274
5.80248
5.52044
5.32946
1.40001
1.40001
1.40001
1.40001
1.40001
1.40001
1.40001
1.40002
1.40004
1.4001
1.40021
1.4006
1.40127
1.4036
1.40779
1.42117
1.44748
1.51704
1.65894
1.96007
2.80125
5.68497
5.69272
5.55347
5.34141
1.40001
1.40001
1.40001
1.40001
1.40001
1.40001
1.40001
1.40002
1.40004
1.4001
1.4002
1.40056
1.40118
1.40339
1.40722
1.41997
1.44436
1.51041
1.64468
1.92895
2.70118
5.47056
5.66928
5.57879
5.35523
1.40001
1.40001
1.40001
1.40001
1.40001
1.40001
1.40001
1.40002
1.40004
1.40009
1.4002
1.4005
1.40119
1.40297
1.40728
1.4178
1.44323
1.50238
1.63275
1.90825
2.61296
5.24741
5.67248
5.59074
5.37053
1.40001
1.40001
1.40001
1.40001
1.40001
1.40001
1.40001
1.40002
1.40003
1.40009
1.40018
1.4005
1.40104
1.40299
1.40639
1.41766
1.43937
1.49855
1.61934
1.88511
2.53893
5.027
5.69801
5.61226
5.38048
1.40001
1.40001
1.40001
1.40001
1.40001
1.40001
1.40001
1.40002
1.40004
1.40007
1.40019
1.40041
1.40112
1.40249
1.40669
1.41534
1.43932
1.49051
1.61125
1.86038
2.47568
4.81026
5.73623
5.64101
5.38452
1.40001
1.40001
1.40001
1.40001
1.40001
1.40001
1.40001
1.40002
1.40003
1.40007
1.40016
1.40042
1.40095
1.4026
1.40578
1.41555
1.43539
1.48802
1.5986
1.84046
2.4179
4.59986
5.78629
5.67292
5.38307
1.40001
1.40001
1.40001
1.40001
1.40001
1.40001
1.40001
1.40002
1.40003
1.40006
1.40017
1.40036
1.40101
1.40215
1.4061
1.41335
1.43561
1.48057
1.59171
1.81788
2.3682
4.39532
5.84642
5.70295
5.38435
1.40001
1.40001
1.40001
1.40001
1.40001
1.40001
1.40001
1.40002
1.40003
1.40006
1.40015
1.40035
1.40093
1.40207
1.4057
1.41267
1.43359
1.47649
1.58224
1.79872
2.32157
4.19955
5.91537
5.73345
5.38698
1.40001
1.40001
1.40001
1.40001
1.40001
1.40001
1.40001
1.40001
1.40003
1.40006
1.40015
1.40032
1.40088
1.40198
1.40527
1.41224
1.43134
1.47313
1.57312
1.78108
2.27896
4.01504
5.98863
5.76219
5.39157
1.40001
1.40001
1.40001
1.40001
1.40001
1.40001
1.40001
1.40001
1.40003
1.40006
1.40013
1.40034
1.40075
1.40209
1.40453
1.41255
1.42815
1.47167
1.56285
1.76606
2.24056
3.83987
6.06297
5.79236
5.40134
1.40001
1.40001
1.40001
1.40001
1.40001
1.40001
1.40001
1.40001
1.40003
1.40005
1.40014
1.40029
1.40081
1.40173
1.4049
1.4107
1.42896
1.46539
1.55888
1.74844
2.20485
3.67662
6.13852
5.82655
5.41394
1.40001
1.40001
1.40001
1.40001
1.40001
1.40001
1.40001
1.40001
1.40002
1.40005
1.40012
1.4003
1.40073
1.40176
1.4045
1.41063
1.42706
1.46367
1.55142
1.73644
2.16479
3.5346
6.21216
5.86137
5.42634
1.40001
1.40001
1.40001
1.40001
1.40001
1.40001
1.40001
1.40001
1.40003
1.40005
1.40013
1.40027
1.40075
1.40163
1.40448
1.41005
1.42654
1.46083
1.5472
1.72523
2.12669
3.42037
6.27397
5.8917
5.43985
1.40001
1.40001
1.40001
1.40001
1.40001
1.40001
1.40001
1.40001
1.40002
1.40005
1.40012
1.40028
1.4007
1.40169
1.40416
1.41035
1.42498
1.46071
1.54191
1.71845
2.09564
3.3342
6.31217
5.91288
5.45297
1.40001
1.40001
1.40001
1.40001
1.40001
1.40001
1.40001
1.40001
1.40002
1.40005
1.40011
1.4003
1.40063
1.4018
1.40389
1.41069
1.42401
1.46117
1.53891
1.71552
2.07929
3.2836
6.32987
5.92721
5.4629
2.2725
1.86421
2.16291
1.98053
1.88663
1.86788
1.85891
1.85061
1.83327
1.81414
1.80533
1.80189
1.80119
1.80255
1.80779
1.81712
1.83195
1.85165
1.87501
1.90093
1.92944
1.95872
1.9897
2.0208
2.05303
2.08461
2.11575
2.1455
2.17366
2.20099
2.22709
2.2502
2.2699
2.28899
2.30652
2.32233
2.33509
2.34747
2.35497
2.36281
2.36696
2.37236
2.374
2.37448
2.37275
2.371
2.36594
2.36126
2.35483
2.34733
2.33875
2.3294
2.3184
2.3076
2.29482
2.2825
2.26857
2.25496
2.23993
2.22473
2.20912
2.19267
2.17643
2.15923
2.14224
2.1247
2.10715
2.08945
2.0717
2.05387
2.03611
2.01831
2.00069
1.98308
1.96575
1.94852
1.93163
1.91488
1.89858
1.88237
1.86682
1.8513
1.83656
1.82201
1.8082
1.79488
1.78237
1.77046
1.75971
1.74976
1.7412
1.73416
1.72868
1.72556
1.72536
1.72572
1.72684
1.72933
1.73354
1.74346
2.80507
2.43819
2.35849
2.14142
1.91766
1.86445
1.81224
1.7503
1.71876
1.69444
1.68002
1.67402
1.67458
1.68114
1.68954
1.70223
1.7214
1.74853
1.7813
1.81709
1.85398
1.8892
1.92559
1.96322
2.00328
2.04257
2.08138
2.11974
2.15589
2.19077
2.22332
2.25334
2.28266
2.30919
2.33544
2.35769
2.37904
2.39579
2.41088
2.42329
2.43428
2.443
2.45119
2.45431
2.45714
2.45772
2.4571
2.45525
2.45118
2.44637
2.43964
2.43235
2.42335
2.41364
2.40275
2.39076
2.3783
2.36446
2.35052
2.33539
2.32
2.30393
2.28734
2.27045
2.25301
2.2354
2.2174
2.19922
2.18087
2.16235
2.14388
2.12526
2.10688
2.0884
2.07029
2.05211
2.0344
2.01664
1.99939
1.98226
1.96553
1.94926
1.93324
1.91795
1.9031
1.88885
1.87554
1.86271
1.85118
1.84056
1.83124
1.82366
1.81763
1.81416
1.81401
1.8143
1.81547
1.8182
1.82273
1.83474
3.31984
2.86067
2.61871
2.42009
2.2221
2.05972
1.96949
1.85576
1.77503
1.72269
1.6926
1.67981
1.67674
1.67497
1.67122
1.6793
1.69803
1.72735
1.7652
1.80755
1.85201
1.89795
1.9456
1.99449
2.04499
2.096
2.14682
2.19559
2.2433
2.28872
2.33153
2.37213
2.40989
2.445
2.47791
2.50667
2.53327
2.55497
2.57517
2.59101
2.60491
2.61678
2.62681
2.63291
2.63638
2.63778
2.63848
2.63645
2.63373
2.62792
2.62215
2.61297
2.60452
2.59247
2.58151
2.56715
2.55392
2.53774
2.52258
2.50493
2.48821
2.46928
2.45134
2.43139
2.41251
2.3919
2.37236
2.35145
2.33147
2.31053
2.29032
2.26956
2.24932
2.2289
2.20885
2.18891
2.16917
2.1499
2.13063
2.1121
2.09363
2.0758
2.05839
2.0415
2.02554
2.01
1.99549
1.98178
1.96916
1.95782
1.94776
1.93969
1.93338
1.92985
1.92995
1.93052
1.93214
1.93562
1.94103
1.9563
3.5834
3.13108
2.83794
2.6281
2.46413
2.32365
2.21762
2.13469
2.04871
1.96684
1.9099
1.86661
1.84528
1.83409
1.83161
1.84189
1.86112
1.88944
1.92501
1.9677
2.01519
2.06709
2.11981
2.17451
2.23048
2.28638
2.34158
2.3947
2.44575
2.4931
2.53734
2.5772
2.61409
2.64731
2.67678
2.70347
2.72587
2.74572
2.76138
2.77446
2.78438
2.79334
2.79991
2.80332
2.80237
2.79979
2.7965
2.79109
2.78482
2.77588
2.76649
2.75458
2.74251
2.72825
2.71387
2.69776
2.68146
2.66388
2.64604
2.62725
2.60817
2.58834
2.56826
2.5475
2.52667
2.50518
2.48382
2.46185
2.4402
2.41806
2.39632
2.37426
2.35263
2.33092
2.3095
2.28835
2.2673
2.24669
2.22636
2.20648
2.1872
2.16813
2.14997
2.13214
2.11489
2.09873
2.083
2.06867
2.05529
2.04315
2.03294
2.02404
2.01767
2.01438
2.0142
2.01435
2.0164
2.02069
2.02589
2.04348
3.73709
3.34025
3.04607
2.83361
2.67634
2.54952
2.45189
2.36954
2.29935
2.22796
2.17562
2.13528
2.11411
2.10424
2.10284
2.10853
2.12227
2.14937
2.18334
2.2226
2.26523
2.31013
2.35741
2.40519
2.4529
2.4993
2.544
2.58641
2.62606
2.66319
2.69677
2.72851
2.75622
2.78179
2.80403
2.82433
2.84095
2.85542
2.86627
2.8749
2.88085
2.8863
2.88986
2.8908
2.88704
2.88121
2.87476
2.86653
2.85759
2.84647
2.83471
2.82101
2.80689
2.79113
2.77508
2.75766
2.74006
2.72129
2.7025
2.68267
2.66293
2.64223
2.62171
2.60027
2.57913
2.55714
2.53546
2.51323
2.49116
2.46896
2.44672
2.42471
2.40268
2.38085
2.35926
2.33781
2.31697
2.2963
2.27606
2.2563
2.23668
2.21807
2.19947
2.18201
2.16489
2.14881
2.13366
2.11941
2.10677
2.09507
2.0857
2.07768
2.07241
2.07084
2.07101
2.07208
2.07465
2.08068
2.0872
2.10765
3.84739
3.51498
3.24124
3.0374
2.88306
2.76468
2.66997
2.59028
2.51728
2.45002
2.39175
2.34788
2.31774
2.30106
2.29808
2.30122
2.30949
2.32641
2.35607
2.39009
2.42617
2.46356
2.5017
2.54018
2.57853
2.61616
2.65279
2.68781
2.72098
2.75194
2.78127
2.80763
2.83253
2.85454
2.87477
2.89229
2.9077
2.92019
2.93059
2.93739
2.94319
2.94706
2.95084
2.95078
2.94783
2.9411
2.93497
2.92606
2.91757
2.90632
2.89487
2.8811
2.86679
2.85088
2.83427
2.81658
2.79819
2.7789
2.75916
2.7385
2.71769
2.696
2.67419
2.65178
2.62911
2.60628
2.58316
2.56011
2.53703
2.51395
2.4912
2.46831
2.44629
2.424
2.40242
2.38078
2.35947
2.33858
2.31775
2.29766
2.27762
2.25852
2.23964
2.22176
2.20449
2.18808
2.17288
2.15855
2.14591
2.13468
2.12521
2.11832
2.11337
2.1132
2.11325
2.11475
2.11754
2.1257
2.13365
2.1569
3.93834
3.66515
3.42581
3.23518
3.09057
2.97687
2.88418
2.80215
2.7257
2.65283
2.58782
2.5336
2.49432
2.46932
2.45792
2.45891
2.4634
2.47214
2.48973
2.5191
2.55194
2.58548
2.61959
2.65391
2.6884
2.72289
2.75664
2.78972
2.8211
2.85092
2.87878
2.90443
2.92826
2.94938
2.96887
2.98524
3.00007
3.0113
3.02097
3.02644
3.03116
3.03395
3.03633
3.03543
3.03116
3.02368
3.01552
3.00548
2.99498
2.98282
2.96984
2.9554
2.94002
2.92359
2.9062
2.88819
2.86908
2.84967
2.82919
2.80843
2.78692
2.76488
2.7426
2.71948
2.69656
2.67279
2.64937
2.62547
2.60185
2.57828
2.55496
2.53192
2.50876
2.48607
2.46347
2.44109
2.41925
2.3973
2.37634
2.35519
2.33517
2.31526
2.2964
2.27816
2.26077
2.2446
2.22925
2.21573
2.20324
2.19308
2.1846
2.17869
2.1764
2.17636
2.17733
2.1798
2.18449
2.19571
2.20494
2.2303
4.0257
3.80006
3.59864
3.43029
3.29498
3.18593
3.09156
3.00467
2.92096
2.84178
2.76755
2.70494
2.65427
2.61977
2.59814
2.59062
2.59216
2.59732
2.60581
2.62305
2.65017
2.68016
2.71096
2.74127
2.77185
2.80178
2.83172
2.86061
2.88859
2.91518
2.94001
2.96297
2.98383
3.00241
3.01898
3.03326
3.04537
3.05494
3.06258
3.06683
3.07011
3.07232
3.07377
3.07283
3.06834
3.06135
3.0527
3.04269
3.03138
3.01913
3.00545
2.99096
2.97505
2.95844
2.9407
2.92218
2.903
2.88289
2.86258
2.84131
2.81999
2.79796
2.77573
2.75333
2.7305
2.70798
2.685
2.66252
2.63982
2.61724
2.59476
2.57197
2.54963
2.52683
2.50475
2.48233
2.46065
2.43899
2.4179
2.39738
2.37716
2.35805
2.3392
2.32171
2.30478
2.28926
2.27499
2.26209
2.25126
2.24195
2.23553
2.23111
2.23093
2.23118
2.23271
2.23552
2.24357
2.25519
2.2653
2.28961
4.11628
3.93545
3.76573
3.61955
3.49487
3.38589
3.28727
3.19242
3.10171
3.014
2.93401
2.86269
2.80506
2.76054
2.73131
2.71411
2.70849
2.71014
2.71451
2.72136
2.7356
2.75889
2.78502
2.81166
2.83817
2.86467
2.89057
2.91629
2.94113
2.96523
2.98785
3.00897
3.02826
3.04554
3.06081
3.07397
3.08504
3.0938
3.10065
3.10414
3.10671
3.1083
3.10889
3.10727
3.10209
3.09484
3.08548
3.07484
3.06271
3.04956
3.03535
3.02007
3.00389
2.98669
2.96862
2.94985
2.93013
2.91003
2.88896
2.86759
2.84555
2.82305
2.80037
2.777
2.75392
2.73019
2.70703
2.68333
2.66007
2.63662
2.61335
2.59028
2.56718
2.54456
2.52187
2.4998
2.47781
2.45643
2.43548
2.415
2.39544
2.37625
2.35838
2.34097
2.32511
2.31029
2.29705
2.28562
2.27589
2.26875
2.26365
2.26238
2.26225
2.26333
2.26605
2.2718
2.28189
2.29492
2.30474
2.32863
4.21695
4.07249
3.93076
3.7993
3.67948
3.56827
3.46257
3.36093
3.26294
3.1709
3.08546
3.01084
2.94643
2.89644
2.85779
2.83319
2.817
2.81099
2.80895
2.81279
2.81693
2.82666
2.84461
2.86575
2.88843
2.91146
2.93379
2.95649
2.97823
2.99968
3.01998
3.03901
3.05663
3.07223
3.0861
3.09782
3.10771
3.11553
3.12136
3.124
3.126
3.12695
3.12727
3.12518
3.12023
3.11331
3.10417
3.09384
3.08156
3.06848
3.05408
3.03869
3.0227
3.00531
2.98785
2.96885
2.94986
2.92968
2.90919
2.88811
2.86634
2.84451
2.8218
2.79947
2.77647
2.75394
2.7309
2.70819
2.68529
2.66246
2.63988
2.61709
2.59492
2.57241
2.55065
2.52873
2.50752
2.48653
2.46613
2.44645
2.42727
2.40929
2.39176
2.37575
2.36063
2.34724
2.33544
2.32543
2.31789
2.31241
2.31027
2.30993
2.31073
2.31292
2.31763
2.32708
2.33771
2.35096
2.35944
2.38142
4.33554
4.21529
4.09202
3.96782
3.84737
3.73028
3.61755
3.50926
3.40686
3.31159
3.22459
3.14688
3.08011
3.02397
2.97997
2.94578
2.92171
2.90539
2.89597
2.89061
2.89108
2.89418
2.89925
2.90984
2.9272
2.94535
2.96473
2.98426
3.00361
3.02286
3.04078
3.05833
3.07389
3.08844
3.10101
3.11211
3.12125
3.12853
3.13386
3.13639
3.13761
3.13868
3.13832
3.13609
3.13114
3.12417
3.11554
3.10497
3.09299
3.07966
3.06501
3.04975
3.0331
3.01625
2.998
2.97958
2.96
2.94005
2.91938
2.89806
2.87647
2.85412
2.83203
2.80932
2.78696
2.76414
2.74155
2.71877
2.696
2.67343
2.65069
2.6285
2.60608
2.58435
2.56252
2.54135
2.5204
2.50002
2.48033
2.46113
2.44317
2.42561
2.40965
2.39452
2.38124
2.36937
2.35952
2.35186
2.34644
2.34394
2.3436
2.34427
2.34616
2.35083
2.35885
2.37015
2.38017
2.39288
2.39924
2.41868
4.46496
4.35739
4.2405
4.118
3.99364
3.87226
3.75414
3.64304
3.53927
3.44306
3.35584
3.27687
3.20826
3.148
3.09835
3.05643
3.02405
2.99821
2.9801
2.96634
2.95891
2.95372
2.95577
2.95845
2.96377
2.97403
2.98997
3.00432
3.02107
3.03774
3.05402
3.06946
3.08356
3.09677
3.10853
3.11882
3.12758
3.13447
3.13979
3.14183
3.14327
3.14421
3.14388
3.14179
3.1368
3.13037
3.12187
3.11172
3.10019
3.0869
3.07298
3.05745
3.04161
3.02453
3.00695
2.9886
2.96944
2.94995
2.92941
2.90879
2.88721
2.86579
2.84374
2.82176
2.7995
2.77708
2.75477
2.73206
2.70981
2.68708
2.665
2.64261
2.6208
2.59909
2.57772
2.55695
2.53634
2.51678
2.49743
2.4795
2.46201
2.44595
2.43107
2.41766
2.40612
2.39628
2.3888
2.38347
2.38087
2.3805
2.38104
2.38285
2.38652
2.39561
2.40483
2.41596
2.42479
2.43547
2.4399
2.45641
4.60351
4.49724
4.37777
4.25034
4.12111
3.99469
3.87468
3.76182
3.65885
3.56374
3.47832
3.39989
3.32997
3.26709
3.21209
3.16415
3.12384
3.09025
3.0633
3.04173
3.02555
3.01296
3.00614
3.00164
3.00404
3.00635
3.01159
3.02229
3.0329
3.04755
3.06202
3.0759
3.08878
3.10098
3.11178
3.12148
3.12975
3.13636
3.14138
3.14341
3.14495
3.14558
3.1454
3.14293
3.13823
3.13195
3.12359
3.1141
3.10249
3.08995
3.0758
3.0607
3.04475
3.02767
3.01036
2.99174
2.9732
2.95334
2.93356
2.91274
2.89204
2.87074
2.8493
2.82771
2.80572
2.78394
2.76167
2.73982
2.71761
2.69579
2.67395
2.65233
2.63111
2.60995
2.58954
2.56915
2.5498
2.53065
2.51277
2.49547
2.4794
2.46459
2.45127
2.43981
2.43013
2.42283
2.41771
2.4153
2.41507
2.41563
2.4172
2.4223
2.43017
2.4405
2.44986
2.45975
2.46717
2.47534
2.47854
2.49181
4.73721
4.62544
4.50006
4.36799
4.23662
4.10911
3.99022
3.87869
3.77731
3.68362
3.59865
3.52025
3.44876
3.38305
3.32365
3.26993
3.22259
3.18129
3.14582
3.11622
3.09158
3.07239
3.05739
3.04698
3.04063
3.03777
3.03972
3.04294
3.04787
3.05724
3.06784
3.07944
3.09089
3.10182
3.11175
3.1207
3.12829
3.13457
3.13931
3.1416
3.14289
3.14371
3.14366
3.14137
3.13737
3.13116
3.12369
3.11435
3.10352
3.09139
3.0776
3.06314
3.04712
3.03078
3.01316
2.99527
2.97643
2.95712
2.93729
2.91699
2.89658
2.87556
2.85469
2.83317
2.81192
2.79019
2.76864
2.74699
2.72531
2.70398
2.68244
2.66161
2.64057
2.62044
2.60029
2.58112
2.56236
2.54454
2.5278
2.51172
2.49735
2.48409
2.47303
2.46345
2.45651
2.45155
2.44946
2.44931
2.44987
2.45185
2.45675
2.46562
2.47489
2.48482
2.49324
2.50109
2.50669
2.51214
2.51429
2.52426
4.86856
4.74754
4.61397
4.47706
4.34336
4.21649
4.09907
3.99077
3.89158
3.8001
3.71566
3.63702
3.56358
3.49526
3.43146
3.37314
3.31957
3.27202
3.22958
3.19325
3.16159
3.13558
3.11364
3.09655
3.08328
3.07425
3.06884
3.06641
3.06827
3.07119
3.0748
3.08215
3.09136
3.10041
3.10957
3.11771
3.12493
3.13092
3.13558
3.13788
3.13901
3.1401
3.13974
3.13793
3.13387
3.12801
3.12092
3.11187
3.10195
3.09007
3.07737
3.06309
3.04795
3.03178
3.01468
2.99702
2.9783
2.95942
2.93965
2.91997
2.89959
2.87924
2.85847
2.83756
2.81663
2.79537
2.77445
2.75311
2.73231
2.71121
2.6907
2.67019
2.6502
2.63068
2.61156
2.59345
2.5757
2.5596
2.54367
2.52976
2.5167
2.50609
2.49678
2.49028
2.48559
2.48413
2.48405
2.48476
2.48687
2.493
2.50164
2.51142
2.52058
2.52927
2.53587
2.54163
2.54498
2.54793
2.54945
2.5567
4.97949
4.84723
4.70963
4.57334
4.44292
4.32029
4.20723
4.10246
4.006
3.91594
3.83147
3.75198
3.67643
3.60535
3.5382
3.47549
3.41735
3.36408
3.31605
3.27309
3.23514
3.20187
3.17337
3.14904
3.12927
3.11311
3.10128
3.09245
3.08768
3.08595
3.08618
3.08881
3.09231
3.09819
3.10574
3.11281
3.11955
3.12508
3.12972
3.13177
3.13308
3.13402
3.13362
3.13217
3.12787
3.12269
3.11548
3.10736
3.09762
3.08658
3.07438
3.06064
3.04621
3.03024
3.01391
2.99624
2.9783
2.95958
2.94057
2.92128
2.90146
2.88171
2.8613
2.84117
2.82044
2.80002
2.7793
2.75873
2.73832
2.71786
2.69804
2.67807
2.65914
2.64018
2.62256
2.60518
2.58955
2.57419
2.56071
2.54828
2.5381
2.52945
2.52347
2.51913
2.51854
2.51847
2.51947
2.52212
2.52952
2.53833
2.54853
2.5572
2.56586
2.57204
2.57701
2.57989
2.58192
2.58292
2.58403
2.58857
5.08603
4.94161
4.80062
4.66673
4.54123
4.42434
4.31609
4.21516
4.12041
4.03117
3.94602
3.86506
3.78766
3.71368
3.6437
3.57709
3.51481
3.45682
3.40339
3.35474
3.31057
3.27117
3.23621
3.20567
3.17928
3.1569
3.13842
3.12357
3.11247
3.10466
3.10033
3.09711
3.09718
3.09956
3.10207
3.10593
3.11112
3.11546
3.11957
3.12136
3.12306
3.12366
3.12394
3.12234
3.11878
3.11388
3.10739
3.1
3.09074
3.08068
3.06873
3.056
3.04172
3.02663
3.01052
2.99352
2.97611
2.95791
2.9397
2.92079
2.90193
2.88257
2.86308
2.84348
2.82348
2.80382
2.78358
2.764
2.74392
2.72465
2.70516
2.68657
2.66818
2.65075
2.63406
2.61851
2.60405
2.59073
2.5791
2.56934
2.56152
2.55606
2.55267
2.55235
2.55248
2.55406
2.55765
2.56617
2.57524
2.58553
2.59449
2.60243
2.60897
2.61299
2.61563
2.61684
2.61717
2.61705
2.61661
2.61947
5.16983
5.02089
4.88335
4.7557
4.63817
4.52797
4.42472
4.32671
4.23338
4.14399
4.05802
3.97544
3.89593
3.81973
3.74678
3.67724
3.61123
3.54929
3.49143
3.43779
3.38837
3.34342
3.30269
3.26606
3.23356
3.20487
3.17999
3.15882
3.1414
3.12716
3.11695
3.10875
3.10281
3.10024
3.09886
3.10038
3.10175
3.1041
3.10666
3.10861
3.11
3.1107
3.11097
3.1091
3.10625
3.10154
3.096
3.08886
3.08059
3.07103
3.06001
3.04802
3.0345
3.0203
3.00473
2.9887
2.9718
2.95447
2.93676
2.91848
2.90025
2.88133
2.8627
2.84345
2.82451
2.80523
2.78617
2.76718
2.74831
2.72997
2.71171
2.69444
2.67739
2.66166
2.64657
2.63312
2.62027
2.60955
2.60034
2.59347
2.58856
2.58645
2.58622
2.58654
2.589
2.59417
2.60309
2.61276
2.62274
2.63223
2.63948
2.64634
2.64968
2.6522
2.65246
2.65251
2.65237
2.65063
2.64683
2.64915
5.23182
5.0846
4.95682
4.84027
4.73209
4.62956
4.53111
4.43578
4.34329
4.25386
4.16715
4.08332
4.00215
3.92376
3.84828
3.77586
3.70692
3.64112
3.57928
3.52113
3.46716
3.41694
3.3708
3.32841
3.28991
3.25515
3.22416
3.19676
3.17286
3.15243
3.13563
3.12245
3.11116
3.10261
3.09706
3.09379
3.0919
3.09164
3.09171
3.09266
3.09266
3.0928
3.09191
3.09026
3.08748
3.08327
3.07824
3.0715
3.06409
3.05491
3.04497
3.03353
3.02114
3.00773
2.99316
2.97813
2.962
2.94574
2.92865
2.91143
2.89384
2.87588
2.85809
2.83963
2.82182
2.80326
2.78559
2.76739
2.75018
2.73278
2.7165
2.70035
2.68562
2.67134
2.65903
2.64698
2.6373
2.6289
2.62327
2.619
2.61845
2.61847
2.61928
2.62269
2.62993
2.63951
2.64985
2.65967
2.66943
2.67637
2.68313
2.68636
2.68844
2.68858
2.68848
2.68753
2.68555
2.68163
2.67496
2.67694
5.25892
5.12336
5.01144
4.9101
4.81379
4.71953
4.62657
4.53469
4.44385
4.35447
4.26724
4.18228
4.10004
4.02038
3.9436
3.86939
3.79819
3.72963
3.66448
3.60268
3.54439
3.48974
3.43843
3.39105
3.34674
3.30641
3.2692
3.23579
3.20577
3.17947
3.1564
3.13689
3.1208
3.10571
3.09479
3.08618
3.08029
3.0759
3.07317
3.07126
3.06964
3.06833
3.06632
3.06436
3.06104
3.05744
3.05232
3.04655
3.03951
3.03139
3.02236
3.01194
3.00089
2.98845
2.97544
2.96144
2.94677
2.93174
2.91577
2.90002
2.88317
2.86689
2.84964
2.83304
2.81578
2.79917
2.78223
2.76602
2.74978
2.73448
2.71948
2.70573
2.69262
2.68144
2.67062
2.66205
2.65489
2.65042
2.64779
2.64776
2.64838
2.65033
2.65564
2.66428
2.67457
2.68565
2.69534
2.70534
2.71211
2.71868
2.72181
2.72349
2.72357
2.72324
2.72229
2.71928
2.71474
2.70936
2.7013
2.70233
5.26472
5.15183
5.05965
4.97288
4.88593
4.79815
4.70924
4.62028
4.53182
4.44432
4.35813
4.27373
4.19092
4.11044
4.03178
3.95591
3.88239
3.8118
3.74414
3.67942
3.61762
3.55871
3.50297
3.45039
3.40108
3.35529
3.31273
3.27373
3.23804
3.20562
3.17656
3.15066
3.12836
3.10919
3.0916
3.07788
3.06682
3.05817
3.05147
3.04607
3.04223
3.03862
3.03586
3.03262
3.02962
3.0259
3.02169
3.01676
3.01072
3.00402
2.99595
2.98709
2.97703
2.96601
2.95422
2.94125
2.92809
2.91372
2.89943
2.88412
2.86903
2.85322
2.83774
2.82188
2.8064
2.79088
2.77579
2.76107
2.74685
2.7334
2.72079
2.70919
2.6992
2.68997
2.6825
2.67706
2.67349
2.67293
2.67328
2.67462
2.67787
2.68567
2.69561
2.70618
2.71793
2.72759
2.73774
2.74454
2.75093
2.75401
2.75543
2.7555
2.75518
2.75374
2.75082
2.74561
2.73959
2.73313
2.72415
2.72415
5.2499
5.16065
5.08719
5.01503
4.9382
4.85807
4.77544
4.69145
4.60692
4.52216
4.43765
4.35389
4.27127
4.1902
4.11094
4.03371
3.95854
3.88566
3.81517
3.74723
3.68231
3.6201
3.56113
3.50495
3.45195
3.40184
3.35473
3.31058
3.26941
3.23113
3.19601
3.16389
3.13489
3.10958
3.08651
3.06662
3.05017
3.03652
3.02561
3.01717
3.01031
3.00493
3.00033
2.99636
2.99265
2.98877
2.98479
2.98
2.97476
2.96852
2.96143
2.95352
2.94443
2.9348
2.92404
2.9129
2.90068
2.88815
2.87484
2.86134
2.84735
2.83334
2.81915
2.80511
2.79115
2.77757
2.76434
2.75173
2.7398
2.72878
2.7188
2.71033
2.70294
2.69694
2.69311
2.69159
2.6919
2.69319
2.696
2.702
2.71111
2.72264
2.73365
2.74605
2.75585
2.76607
2.77306
2.77937
2.78251
2.78379
2.78391
2.7835
2.78219
2.77859
2.77375
2.76722
2.76019
2.75284
2.74319
2.74224
5.24041
5.16742
5.10378
5.03829
4.96847
4.89445
4.81754
4.73864
4.65824
4.57727
4.49586
4.41453
4.33372
4.25361
4.17484
4.09734
4.02184
3.9481
3.87673
3.80766
3.74084
3.6763
3.61374
3.5536
3.49575
3.44047
3.38788
3.33818
3.29123
3.24754
3.20681
3.16937
3.13543
3.10462
3.07808
3.0529
3.03166
3.01347
2.99811
2.98524
2.97457
2.96601
2.95887
2.95313
2.94802
2.9435
2.93902
2.93438
2.92942
2.92378
2.91764
2.91058
2.90295
2.89445
2.88532
2.87555
2.86505
2.85409
2.84252
2.83068
2.81848
2.80624
2.79393
2.7818
2.76992
2.75847
2.7476
2.73744
2.72826
2.72006
2.71353
2.70798
2.70423
2.70174
2.70295
2.70394
2.70655
2.71108
2.72065
2.73081
2.7437
2.7553
2.76832
2.77866
2.78904
2.79638
2.80275
2.80614
2.80734
2.8076
2.80733
2.80581
2.80247
2.79715
2.79112
2.78361
2.77585
2.76772
2.75754
2.7558
5.23266
5.16336
5.10271
5.04106
4.97605
4.90743
4.83556
4.76115
4.68513
4.6078
4.53017
4.45205
4.37424
4.29673
4.21987
4.14391
4.06881
3.99475
3.92204
3.85071
3.78133
3.71346
3.64797
3.58465
3.52378
3.46567
3.40982
3.357
3.3064
3.25903
3.21408
3.17248
3.13369
3.09808
3.06575
3.0364
3.00955
2.98605
2.96598
2.94877
2.93441
2.92266
2.91285
2.90501
2.89817
2.89245
2.88705
2.88198
2.87686
2.87146
2.8659
2.85967
2.85326
2.84606
2.83859
2.83044
2.82182
2.81283
2.80319
2.79356
2.78325
2.77336
2.76288
2.75331
2.74331
2.73473
2.72597
2.71908
2.71242
2.70803
2.70451
2.70258
2.70297
2.70496
2.70738
2.71197
2.72013
2.73156
2.74316
2.75735
2.7698
2.78333
2.79431
2.80503
2.81279
2.81932
2.82299
2.82437
2.82458
2.8245
2.82312
2.81954
2.81467
2.80817
2.8013
2.79307
2.78468
2.77598
2.76534
2.76297
5.2235
5.15447
5.09537
5.03702
4.97522
4.91013
4.84129
4.77006
4.69697
4.62278
4.54786
4.4724
4.39645
4.3204
4.24415
4.16843
4.09315
4.01883
3.94564
3.87395
3.80406
3.73597
3.66965
3.60513
3.5425
3.48174
3.42316
3.36694
3.31297
3.26204
3.21334
3.16798
3.12497
3.08537
3.04847
3.0152
2.98444
2.95675
2.9326
2.91125
2.893
2.8773
2.86391
2.85282
2.84318
2.83547
2.82838
2.82271
2.81709
2.81212
2.80705
2.80173
2.79653
2.79033
2.78454
2.77744
2.77089
2.76309
2.75591
2.74775
2.74029
2.73212
2.72493
2.71722
2.71096
2.70446
2.6998
2.69545
2.69303
2.69211
2.69253
2.69474
2.69812
2.70258
2.71057
2.72076
2.73445
2.7475
2.7628
2.77631
2.7905
2.80221
2.81322
2.82172
2.82818
2.83252
2.83384
2.83452
2.83423
2.83326
2.82979
2.82483
2.81885
2.81157
2.80395
2.79508
2.78606
2.77681
2.76576
2.76285
5.21818
5.14507
5.08786
5.03064
4.97087
4.90669
4.83986
4.77012
4.69914
4.6264
4.55289
4.47828
4.40331
4.32823
4.25324
4.17886
4.10485
4.03165
3.95886
3.88711
3.8165
3.74725
3.67941
3.61335
3.54901
3.48674
3.42663
3.36856
3.31283
3.25924
3.20788
3.15916
3.11276
3.0696
3.029
2.9919
2.95789
2.92612
2.89784
2.87243
2.85036
2.83093
2.81472
2.80092
2.78973
2.78043
2.77281
2.76641
2.76068
2.7556
2.75038
2.74552
2.74011
2.73488
2.72916
2.72345
2.71754
2.71155
2.70561
2.69956
2.69386
2.68814
2.68301
2.67831
2.67436
2.67144
2.6695
2.66919
2.67013
2.67335
2.67681
2.68167
2.68886
2.70015
2.7123
2.72736
2.7419
2.75818
2.77278
2.78774
2.80031
2.81171
2.82093
2.82772
2.83243
2.83437
2.83475
2.835
2.83366
2.83092
2.82596
2.82014
2.81331
2.80549
2.79735
2.78813
2.77881
2.76941
2.75826
2.75536
5.21781
5.13918
5.08196
5.0264
4.96642
4.90269
4.83506
4.76551
4.694
4.62186
4.54938
4.47628
4.40319
4.32976
4.25609
4.18239
4.10868
4.03526
3.96242
3.8903
3.81969
3.75033
3.68253
3.61638
3.55147
3.48826
3.42652
3.36623
3.30819
3.25166
3.19812
3.14656
3.09826
3.05243
3.00964
2.9697
2.93269
2.89846
2.86712
2.83883
2.81403
2.79187
2.77328
2.75683
2.74338
2.73159
2.72188
2.71339
2.70608
2.69959
2.69381
2.68838
2.68333
2.67864
2.67376
2.66977
2.66495
2.66149
2.6569
2.65368
2.64953
2.64679
2.64353
2.64194
2.64031
2.64075
2.64147
2.64516
2.64869
2.65373
2.66059
2.67106
2.68352
2.69728
2.71326
2.72873
2.7456
2.7608
2.77627
2.78896
2.80096
2.80993
2.81712
2.82179
2.82355
2.82401
2.82377
2.82303
2.81982
2.81608
2.80951
2.80386
2.79578
2.78831
2.77926
2.77022
2.76033
2.75065
2.73928
2.73573
5.22042
5.13749
5.08068
5.02602
4.96592
4.90017
4.8318
4.76136
4.69053
4.61856
4.54657
4.47396
4.40057
4.32742
4.25369
4.18073
4.10788
4.03584
3.96428
3.89324
3.82302
3.75337
3.68472
3.61718
3.55054
3.48578
3.42218
3.36095
3.30144
3.24464
3.18965
3.1378
3.08754
3.04063
2.99533
2.95367
2.91359
2.87793
2.84311
2.81278
2.78421
2.7595
2.73688
2.71742
2.70033
2.6856
2.6733
2.66265
2.65397
2.64644
2.64047
2.63517
2.63109
2.62744
2.62436
2.62189
2.61931
2.61744
2.61517
2.61367
2.61193
2.6111
2.61031
2.61096
2.61162
2.61506
2.61787
2.62281
2.62878
2.63773
2.64896
2.66184
2.6769
2.69274
2.70911
2.72637
2.74201
2.75792
2.77105
2.78335
2.79268
2.80045
2.80552
2.80834
2.8088
2.80935
2.80859
2.80709
2.80227
2.79773
2.79033
2.78386
2.77452
2.76661
2.75578
2.74673
2.73504
2.72559
2.71333
2.7101
5.22365
5.13898
5.08346
5.02891
4.96888
4.9032
4.83436
4.76405
4.69212
4.61955
4.54612
4.47267
4.39929
4.32656
4.25425
4.18245
4.11097
4.0395
3.96809
3.89656
3.82545
3.75492
3.68542
3.61727
3.55045
3.48542
3.42205
3.36037
3.30093
3.24294
3.18742
3.13373
3.0822
3.03307
2.98618
2.94179
2.90001
2.86097
2.82421
2.7906
2.75916
2.73108
2.70518
2.6826
2.66238
2.64503
2.62979
2.6176
2.60746
2.60005
2.59395
2.58984
2.58646
2.58419
2.58246
2.58138
2.58058
2.58008
2.57934
2.57933
2.57897
2.5796
2.58089
2.58342
2.58597
2.59024
2.59667
2.60424
2.61434
2.62667
2.64016
2.65641
2.67193
2.69044
2.70669
2.72452
2.73967
2.75442
2.76653
2.77678
2.78521
2.7906
2.79419
2.79484
2.795
2.79426
2.79243
2.78809
2.78214
2.77588
2.76756
2.75987
2.74983
2.74126
2.73017
2.72147
2.7099
2.70187
2.6899
2.68913
5.22316
5.14147
5.08892
5.03671
4.97808
4.91255
4.84339
4.7717
4.69821
4.62457
4.55138
4.47846
4.40648
4.33471
4.26291
4.19083
4.11878
4.04627
3.97424
3.90232
3.83101
3.76076
3.69126
3.62337
3.55634
3.49106
3.42707
3.36463
3.30411
3.24496
3.18806
3.13279
3.07966
3.02883
2.98002
2.93384
2.89016
2.84872
2.81024
2.77384
2.73974
2.70844
2.67982
2.65357
2.63027
2.61031
2.59378
2.58014
2.56947
2.56117
2.55507
2.55096
2.54783
2.54641
2.54533
2.54531
2.54536
2.54561
2.54593
2.54738
2.54908
2.55098
2.55422
2.55897
2.56512
2.57306
2.58193
2.59331
2.6063
2.62141
2.63774
2.65512
2.67359
2.69099
2.70917
2.72465
2.7398
2.75187
2.76308
2.77053
2.77731
2.78046
2.78128
2.78095
2.77986
2.77776
2.77369
2.76779
2.76139
2.75376
2.74599
2.73763
2.72908
2.72065
2.7115
2.70347
2.69377
2.68693
2.67614
2.67657
5.22043
5.14537
5.09783
5.04876
4.99085
4.92508
4.85492
4.78335
4.7104
4.63813
4.56626
4.49429
4.4221
4.34981
4.27662
4.20387
4.13092
4.05846
3.98639
3.9148
3.84351
3.77301
3.70304
3.63423
3.5664
3.49989
3.43493
3.37103
3.30938
3.2487
3.19044
3.13395
3.07946
3.02767
2.97765
2.93031
2.88497
2.84179
2.80072
2.76161
2.72483
2.69049
2.65864
2.6302
2.60525
2.58374
2.56547
2.55054
2.53864
2.52949
2.52278
2.51806
2.51516
2.51381
2.51356
2.51434
2.51517
2.51624
2.51807
2.52063
2.52456
2.52943
2.53545
2.54253
2.5517
2.56201
2.57448
2.58836
2.60434
2.62147
2.63984
2.65856
2.67711
2.69494
2.71179
2.72619
2.74
2.74959
2.75897
2.76416
2.76849
2.76932
2.76863
2.7668
2.76498
2.76182
2.75717
2.75111
2.74479
2.73799
2.731
2.72363
2.71622
2.70846
2.70048
2.69232
2.68361
2.67575
2.66561
2.66438
5.21864
5.14962
5.10743
5.06069
5.00321
4.93885
4.8698
4.80013
4.72949
4.65823
4.58706
4.51438
4.44145
4.36817
4.29458
4.22166
4.14867
4.0761
4.00365
3.93134
3.85927
3.78772
3.71656
3.64665
3.57742
3.50959
3.44324
3.37796
3.31514
3.25348
3.19453
3.13751
3.08252
3.03017
2.979
2.93035
2.88295
2.83749
2.79398
2.75252
2.71332
2.67693
2.64367
2.6137
2.58707
2.56383
2.54388
2.52728
2.51388
2.50333
2.49567
2.49032
2.48731
2.48658
2.48736
2.48843
2.48978
2.49241
2.49623
2.5008
2.50664
2.51372
2.52215
2.53196
2.54373
2.55677
2.57197
2.5885
2.60679
2.62562
2.64544
2.66452
2.68337
2.70031
2.7158
2.72909
2.73986
2.74839
2.75476
2.75817
2.7606
2.75965
2.75782
2.75639
2.75433
2.75038
2.74609
2.74006
2.73509
2.72849
2.72224
2.7154
2.70818
2.70055
2.69236
2.68384
2.67456
2.66589
2.65546
2.65319
5.21721
5.15278
5.11613
5.07228
5.01765
4.9549
4.88807
4.81892
4.74957
4.67802
4.60658
4.53369
4.46081
4.38808
4.31475
4.24197
4.16854
4.09512
4.02155
3.94799
3.87462
3.80187
3.72931
3.65821
3.58743
3.51863
3.45093
3.38528
3.3217
3.26019
3.20086
3.1438
3.08806
3.0348
2.98208
2.93184
2.88235
2.8351
2.78971
2.74666
2.70591
2.66861
2.63354
2.60254
2.57382
2.54905
2.52715
2.50873
2.49368
2.48155
2.47271
2.46685
2.46301
2.46358
2.46451
2.46573
2.46805
2.47236
2.47818
2.48511
2.49306
2.50243
2.51317
2.52582
2.54003
2.55612
2.57385
2.59289
2.61285
2.63329
2.65341
2.67276
2.69071
2.70644
2.72048
2.7314
2.74058
2.74702
2.7513
2.7539
2.75462
2.75278
2.75154
2.75035
2.74825
2.74394
2.74043
2.73453
2.73045
2.72347
2.71827
2.71087
2.70389
2.69594
2.68737
2.67841
2.66884
2.6597
2.64903
2.64635
5.2181
5.15816
5.1258
5.08418
5.03048
4.96814
4.90267
4.83385
4.76507
4.69352
4.62242
4.55073
4.47857
4.40679
4.33343
4.2605
4.18637
4.11214
4.03767
3.96312
3.88854
3.81465
3.74057
3.66836
3.59627
3.52692
3.4585
3.39308
3.32909
3.26788
3.20781
3.15025
3.09319
3.03866
2.9842
2.93271
2.88149
2.83358
2.78672
2.74323
2.70175
2.66346
2.62736
2.59478
2.56444
2.53807
2.51399
2.4941
2.47697
2.46336
2.45332
2.44627
2.44206
2.44329
2.44409
2.44589
2.44896
2.45496
2.46281
2.47174
2.48231
2.49432
2.508
2.52365
2.54064
2.55952
2.57962
2.60063
2.62177
2.64287
2.66261
2.68142
2.69768
2.71232
2.72405
2.73372
2.74118
2.74604
2.74973
2.75144
2.75104
2.74993
2.7492
2.74792
2.74584
2.74157
2.73865
2.73296
2.7293
2.72231
2.71762
2.70952
2.70318
2.69438
2.68619
2.67683
2.66728
2.65781
2.64728
2.6443
5.22186
5.16324
5.13189
5.09172
5.03685
4.97522
4.90991
4.84246
4.7746
4.70515
4.6351
4.56473
4.49311
4.42201
4.34881
4.27612
4.20179
4.12708
4.05178
3.97601
3.90006
3.82498
3.74972
3.67694
3.60449
3.53499
3.46666
3.40086
3.33655
3.27427
3.21321
3.15422
3.09588
3.04022
2.98487
2.93282
2.88122
2.83313
2.78594
2.74227
2.69982
2.66083
2.62339
2.58955
2.55752
2.5296
2.50366
2.48212
2.46321
2.44813
2.43674
2.42853
2.42386
2.42505
2.42601
2.42819
2.43207
2.43947
2.44956
2.46086
2.47442
2.4893
2.50628
2.52457
2.54455
2.56573
2.58761
2.60964
2.63137
2.65181
2.67103
2.68802
2.70304
2.71585
2.72608
2.73475
2.74072
2.74548
2.74853
2.74998
2.74984
2.74953
2.74893
2.74782
2.74621
2.74225
2.73955
2.73423
2.73039
2.72361
2.71885
2.71046
2.7046
2.69513
2.6877
2.67767
2.66861
2.65893
2.64857
2.64541
5.2273
5.16594
5.13228
5.09152
5.03712
4.97811
4.91467
4.85025
4.78293
4.71515
4.64516
4.57566
4.50469
4.43442
4.36185
4.28933
4.21483
4.13942
4.06336
3.98667
3.91003
3.83431
3.75876
3.68537
3.61266
3.54223
3.47306
3.40604
3.34046
3.27684
3.21501
3.15484
3.09666
3.0404
2.98567
2.93351
2.88237
2.83411
2.78691
2.74246
2.69935
2.65937
2.62059
2.58579
2.55215
2.52298
2.4956
2.47246
2.45219
2.4355
2.42271
2.41331
2.40772
2.40884
2.40993
2.4124
2.41688
2.42577
2.43815
2.45211
2.46875
2.4867
2.50677
2.52771
2.54999
2.57271
2.59553
2.61762
2.63884
2.65812
2.676
2.69136
2.70513
2.71626
2.72605
2.73346
2.73954
2.74431
2.7472
2.74975
2.74993
2.75
2.74992
2.74956
2.74818
2.74463
2.74168
2.73676
2.73255
2.72628
2.72095
2.71292
2.70701
2.69725
2.69044
2.67973
2.67151
2.66135
2.65134
2.64808
5.23279
5.16625
5.13165
5.09116
5.04009
4.98274
4.92046
4.85676
4.78919
4.72237
4.65258
4.58395
4.51341
4.44369
4.37171
4.29948
4.2256
4.15015
4.07426
3.99706
3.92002
3.84322
3.76676
3.69158
3.61768
3.54531
3.47493
3.40667
3.34033
3.27651
3.21461
3.15492
3.09718
3.04134
2.98718
2.93489
2.88404
2.83515
2.78774
2.74252
2.69884
2.65806
2.61843
2.58289
2.5482
2.518
2.48961
2.46486
2.44351
2.42521
2.41102
2.40057
2.39374
2.39486
2.39605
2.39879
2.40376
2.41406
2.42841
2.4452
2.4647
2.48568
2.50826
2.53158
2.55546
2.57888
2.60167
2.6231
2.64296
2.66109
2.67719
2.6915
2.70379
2.71454
2.7236
2.73122
2.7378
2.74255
2.74695
2.74988
2.75065
2.75144
2.752
2.7521
2.75046
2.74738
2.74419
2.73959
2.73498
2.72904
2.72305
2.71582
2.70917
2.70005
2.69317
2.68236
2.67496
2.66418
2.65486
2.6513
5.23907
5.1679
5.13315
5.09332
5.04401
4.98698
4.92544
4.86154
4.79358
4.727
4.65735
4.58959
4.51951
4.4502
4.37878
4.30686
4.23402
4.15931
4.08445
4.00728
3.92962
3.85115
3.77261
3.69503
3.61919
3.5451
3.47404
3.40535
3.33928
3.27592
3.21439
3.15533
3.09767
3.04211
2.98781
2.9354
2.88441
2.83513
2.78765
2.742
2.69809
2.65693
2.61675
2.58071
2.54523
2.51414
2.48492
2.45888
2.4367
2.41709
2.40184
2.39058
2.38264
2.38386
2.38519
2.38814
2.39352
2.40484
2.42074
2.44007
2.46185
2.48548
2.51016
2.53533
2.56001
2.58384
2.60605
2.6267
2.64523
2.66216
2.67694
2.69025
2.70186
2.7122
2.72126
2.7294
2.73599
2.74212
2.747
2.75028
2.7518
2.75309
2.75422
2.75432
2.7527
2.74986
2.74647
2.74202
2.73724
2.73117
2.72528
2.71809
2.71108
2.70269
2.69517
2.68508
2.67787
2.66666
2.65804
2.65384
5.24597
5.17099
5.13541
5.09566
5.04675
4.98922
4.92853
4.86489
4.79667
4.7292
4.65899
4.59168
4.52252
4.45429
4.38384
4.3124
4.24044
4.16622
4.09181
4.01437
3.93593
3.85605
3.77581
3.69663
3.61948
3.54467
3.47318
3.40456
3.3386
3.27549
3.21407
3.15513
3.09736
3.04186
2.98743
2.93511
2.8842
2.83498
2.78767
2.74189
2.69795
2.65645
2.61584
2.57927
2.54309
2.51132
2.48139
2.45452
2.43173
2.41132
2.39546
2.38367
2.3751
2.37644
2.37789
2.38096
2.38664
2.39857
2.4155
2.43659
2.45993
2.48546
2.51149
2.5378
2.56275
2.58665
2.6081
2.62807
2.64558
2.66155
2.67563
2.68825
2.69976
2.70988
2.71948
2.72759
2.73519
2.74176
2.74693
2.75073
2.75266
2.75432
2.75564
2.75578
2.75408
2.75133
2.74785
2.74356
2.7386
2.73275
2.72676
2.71965
2.71274
2.70443
2.69672
2.68725
2.67965
2.6684
2.66014
2.65528
5.25145
5.17396
5.13723
5.09706
5.04838
4.99075
4.9305
4.86686
4.79849
4.73034
4.65966
4.59241
4.52386
4.45643
4.38675
4.31572
4.24415
4.1699
4.09534
4.0174
3.93828
3.85763
3.7767
3.69698
3.61947
3.54448
3.4729
3.40431
3.33833
3.27528
3.21383
3.15492
3.09709
3.04165
2.98719
2.93497
2.88409
2.83494
2.78767
2.74186
2.69781
2.65615
2.61525
2.57839
2.54183
2.50968
2.4794
2.45211
2.42903
2.40823
2.39208
2.38001
2.3711
2.37248
2.37398
2.37715
2.38296
2.3952
2.4127
2.43468
2.4589
2.48539
2.51224
2.53903
2.56429
2.58805
2.60931
2.62877
2.64587
2.66131
2.675
2.68743
2.69868
2.70899
2.71849
2.72684
2.73476
2.74144
2.74686
2.75072
2.75285
2.75471
2.75607
2.75622
2.7545
2.75175
2.74827
2.74397
2.73903
2.73325
2.72726
2.72022
2.71333
2.70502
2.69733
2.68797
2.6802
2.66902
2.66077
2.65563
)
;

boundaryField
{
    inlet
    {
        type            calculated;
        value           uniform 1.40001;
    }
    outlet
    {
        type            calculated;
        value           nonuniform List<scalar> 
40
(
1.7373
1.82829
1.94946
2.03639
2.10039
2.14956
2.22283
2.28208
2.32115
2.37393
2.41121
2.44893
2.4843
2.51671
2.54908
2.58089
2.61174
2.64141
2.66916
2.69452
2.71632
2.7344
2.74795
2.75512
2.75502
2.74757
2.72801
2.70246
2.68156
2.66904
2.65689
2.64573
2.6389
2.63687
2.63798
2.64064
2.64386
2.6464
2.64785
2.64821
)
;
    }
    top
    {
        type            symmetryPlane;
    }
    bottom
    {
        type            symmetryPlane;
    }
    obstacle
    {
        type            calculated;
        value           nonuniform List<scalar> 
110
(
6.01489
6.01573
6.00211
5.97726
5.94111
5.89172
5.8207
5.7185
5.55854
5.30624
2.2725
1.86421
2.16291
1.98053
1.88663
1.86788
1.85891
1.85061
1.83327
1.81414
1.80533
1.80189
1.80119
1.80255
1.80779
1.81712
1.83195
1.85165
1.87501
1.90093
1.92944
1.95872
1.9897
2.0208
2.05303
2.08461
2.11575
2.1455
2.17366
2.20099
2.22709
2.2502
2.2699
2.28899
2.30652
2.32233
2.33509
2.34747
2.35497
2.36281
2.36696
2.37236
2.374
2.37448
2.37275
2.371
2.36594
2.36126
2.35483
2.34733
2.33875
2.3294
2.3184
2.3076
2.29482
2.2825
2.26857
2.25496
2.23993
2.22473
2.20912
2.19267
2.17643
2.15923
2.14224
2.1247
2.10715
2.08945
2.0717
2.05387
2.03611
2.01831
2.00069
1.98308
1.96575
1.94852
1.93163
1.91488
1.89858
1.88237
1.86682
1.8513
1.83656
1.82201
1.8082
1.79488
1.78237
1.77046
1.75971
1.74976
1.7412
1.73416
1.72868
1.72556
1.72536
1.72572
1.72684
1.72933
1.73354
1.74346
)
;
    }
    frontAndBack
    {
        type            empty;
    }
}


// ************************************************************************* //
