/*--------------------------------*- C++ -*----------------------------------*\
  =========                 |
  \\      /  F ield         | OpenFOAM: The Open Source CFD Toolbox
   \\    /   O peration     | Website:  https://openfoam.org
    \\  /    A nd           | Version:  13
     \\/     M anipulation  |
\*---------------------------------------------------------------------------*/
FoamFile
{
    format      ascii;
    class       volScalarField;
    location    "6.5";
    object      Ma;
}
// * * * * * * * * * * * * * * * * * * * * * * * * * * * * * * * * * * * * * //

dimensions      [];

internalField   nonuniform List<scalar> 
5250
(
3
2.99997
2.9999
2.99972
2.99934
2.99821
2.99599
2.98911
2.97519
2.93524
2.84346
2.60677
2.08059
1.15052
0.480964
0.298449
0.330889
0.33667
0.304316
0.250941
0.20056
0.159482
0.118738
0.0737626
0.040388
3
2.99997
2.99989
2.99975
2.99929
2.99841
2.9956
2.99022
2.97379
2.93866
2.84281
2.614
2.09074
1.1654
0.489428
0.298888
0.332464
0.339083
0.307017
0.254476
0.205361
0.165715
0.127182
0.0873884
0.0633763
3
2.99997
2.9999
2.99974
2.99934
2.99835
2.99602
2.98985
2.97581
2.93851
2.84965
2.62339
2.11445
1.19931
0.508856
0.301629
0.33773
0.346455
0.315417
0.265052
0.218822
0.182545
0.148864
0.117277
0.10114
3
2.99997
2.99991
2.99975
2.99937
2.99844
2.99617
2.99039
2.97678
2.9415
2.85637
2.6405
2.15033
1.25319
0.538884
0.306454
0.346595
0.358703
0.329333
0.282029
0.239555
0.207474
0.179125
0.154293
0.142498
3
2.99997
2.99991
2.99978
2.9994
2.99856
2.99636
2.9911
2.97804
2.94555
2.8651
2.66352
2.19884
1.32869
0.579445
0.31462
0.359551
0.375836
0.348408
0.304649
0.266019
0.238192
0.214871
0.195417
0.186453
3
2.99998
2.99992
2.9998
2.99944
2.99871
2.99654
2.99218
2.97903
2.95145
2.87465
2.69302
2.25943
1.42874
0.631457
0.32914
0.378153
0.398701
0.37319
0.33318
0.298365
0.274702
0.256165
0.241622
0.235716
3
2.99998
2.99993
2.99981
2.99952
2.99877
2.99709
2.99241
2.98233
2.95428
2.89016
2.72247
2.33229
1.55295
0.69577
0.355912
0.405842
0.429
0.404945
0.368369
0.336958
0.31741
0.303905
0.294998
0.293962
3
2.99998
2.99994
2.99983
2.99957
2.99893
2.99733
2.99356
2.98365
2.96099
2.90133
2.75798
2.40954
1.70065
0.772827
0.399019
0.445749
0.467557
0.444548
0.411214
0.382799
0.367277
0.359396
0.358133
0.367163
3
2.99999
2.99994
2.99986
2.9996
2.99907
2.9976
2.9942
2.98562
2.96456
2.91264
2.7826
2.46838
1.80555
0.842542
0.432986
0.476585
0.497084
0.482163
0.455922
0.433523
0.423756
0.42347
0.435432
0.466752
3
2.99999
2.99996
2.99986
2.99968
2.99911
2.99796
2.99465
2.98742
2.96801
2.92244
2.80534
2.52215
1.90875
0.946682
0.495017
0.499195
0.514641
0.514153
0.498336
0.485824
0.484177
0.497877
0.537151
0.63708
3
2.99999
2.99996
2.99989
2.99968
2.99929
2.99805
2.99557
2.98836
2.9726
2.93028
2.82933
2.57523
2.01649
1.07869
0.570039
0.514145
0.531375
0.541676
0.537711
0.536254
0.546673
0.581047
0.660153
0.822128
3
2.99999
2.99996
2.99991
2.99972
2.99939
2.99828
2.99624
2.98972
2.97658
2.93907
2.85274
2.63023
2.13136
1.23877
0.658798
0.531164
0.549605
0.567644
0.574348
0.583405
0.607171
0.659021
0.758488
0.926191
3
2.99999
2.99997
2.99992
2.99978
2.99945
2.99863
2.99668
2.99156
2.97996
2.94883
2.87605
2.68818
2.25665
1.43372
0.764208
0.559632
0.575978
0.596673
0.610679
0.628094
0.66192
0.722519
0.820804
0.962179
3
3
2.99998
2.99994
2.99981
2.99958
2.99882
2.99739
2.99295
2.98383
2.95824
2.89963
2.74775
2.39187
1.67123
0.888075
0.610553
0.617144
0.633616
0.650964
0.671972
0.70919
0.769962
0.859057
0.977441
3.00001
3
2.99999
2.99994
2.99987
2.99962
2.99914
2.99773
2.99466
2.98651
2.96735
2.91906
2.80036
2.51239
1.90161
1.02504
0.674311
0.662142
0.675565
0.693884
0.715246
0.75118
0.807782
0.886327
0.987819
3.00001
3
2.99999
2.99996
2.99989
2.99969
2.99932
2.9981
2.99585
2.98871
2.9743
2.93344
2.83944
2.59996
2.07474
1.19416
0.754621
0.696859
0.710914
0.730068
0.754193
0.788593
0.840085
0.909394
0.996851
3.00001
3
2.99999
2.99997
2.99992
2.99976
2.99946
2.9985
2.9967
2.99097
2.97968
2.94677
2.87273
2.67987
2.24246
1.42719
0.86837
0.730044
0.740059
0.759543
0.787011
0.821339
0.868359
0.929801
1.00559
3.00001
3
3
2.99998
2.99993
2.99984
2.99954
2.99895
2.99722
2.99354
2.98353
2.96044
2.90128
2.75696
2.41223
1.71527
1.00971
0.781126
0.774517
0.789793
0.817864
0.85204
0.894746
0.948958
1.01487
3.00001
3
3
2.99998
2.99995
2.99986
2.99969
2.99913
2.99809
2.99478
2.9883
2.9694
2.92792
2.81844
2.56099
2.00045
1.18003
0.851067
0.81487
0.826062
0.850388
0.882598
0.920589
0.968035
1.02533
3.00001
3.00001
3
2.99999
2.99996
2.99991
2.99975
2.99938
2.99848
2.99622
2.99095
2.97706
2.9454
2.86263
2.66465
2.20974
1.40533
0.948269
0.851837
0.858764
0.879553
0.909838
0.944879
0.986946
1.03706
3.00001
3.00001
3
3
2.99998
2.99993
2.99981
2.99956
2.99883
2.99737
2.9929
2.98407
2.95821
2.90136
2.75149
2.40652
1.71018
1.08869
0.901971
0.892477
0.9064
0.933883
0.968424
1.00635
1.05043
3.00001
3.00001
3
3
2.99999
2.99995
2.99988
2.99966
2.99925
2.99793
2.99539
2.98785
2.97186
2.92871
2.828
2.57943
2.04338
1.27577
0.975523
0.931018
0.938295
0.96071
0.992235
1.02653
1.06536
3.00001
3.00001
3.00001
3
2.99999
2.99997
2.99991
2.99978
2.9994
2.99867
2.99638
2.9919
2.9788
2.95043
2.87494
2.69638
2.28173
1.52956
1.08001
0.97096
0.969664
0.985877
1.01434
1.04704
1.08186
3.00001
3.00001
3.00001
3
3
2.99998
2.99994
2.99984
2.9996
2.99904
2.99754
2.99434
2.98526
2.96605
2.91332
2.79217
2.49561
1.88424
1.23837
1.02847
1.00442
1.01406
1.03756
1.0684
1.10021
3.00001
3.00001
3.00001
3
3
2.99999
2.99996
2.99989
2.99974
2.99932
2.99836
2.996
2.9901
2.97639
2.94109
2.85795
2.65125
2.19363
1.45356
1.10963
1.04144
1.04399
1.06158
1.08919
1.11939
3.00001
3.00001
3.00001
3.00001
3
2.99999
2.99998
2.99993
2.99983
2.99952
2.99894
2.99711
2.99367
2.98306
2.96134
2.90141
2.76307
2.43068
1.7748
1.24431
1.08958
1.07496
1.08525
1.10875
1.13863
3.00001
3.00001
3.00001
3.00001
3
3
2.99999
2.99996
2.99988
2.9997
2.99927
2.99814
2.99574
2.98892
2.97474
2.93529
2.84688
2.62489
2.14155
1.44746
1.16614
1.11288
1.11422
1.13113
1.15633
3.00001
3.00001
3.00001
3.00001
3.00001
3
2.99999
2.99998
2.99992
2.99982
2.99949
2.99887
2.99698
2.99314
2.98243
2.95861
2.89709
2.75088
2.40774
1.75097
1.28805
1.15679
1.1432
1.15186
1.17253
3.00001
3.00001
3.00001
3.00001
3.00001
3
3
2.99999
2.99995
2.99988
2.99967
2.99928
2.99806
2.99564
2.98879
2.9738
2.93499
2.84365
2.62248
2.13766
1.48337
1.22741
1.17915
1.17839
1.19263
3.00001
3.00001
3.00001
3.00001
3.00001
3.00001
3
2.99999
2.99997
2.99993
2.9998
2.99953
2.99874
2.99725
2.99259
2.98355
2.95733
2.90013
2.75233
2.41774
1.77876
1.34224
1.21982
1.20525
1.21225
3.00001
3.00001
3.00001
3.00001
3.00001
3.00001
3
3
2.99999
2.99995
2.99989
2.99968
2.9993
2.99811
2.99577
2.9891
2.97471
2.9371
2.84954
2.63692
2.16984
1.54028
1.2899
1.24077
1.23786
3.00001
3.00001
3.00001
3.00001
3.00001
3.00001
3.00001
3
3
2.99997
2.99993
2.99981
2.99955
2.99885
2.99727
2.99334
2.98376
2.96111
2.90467
2.77014
2.45421
1.84881
1.40919
1.28119
1.26372
3.00001
3.00001
3.00001
3.00001
3.00001
3.00001
3.00001
3
3
2.99999
2.99996
2.99988
2.99973
2.99928
2.99841
2.99573
2.99067
2.97542
2.94414
2.85962
2.66871
2.23282
1.61902
1.3581
1.30164
3.00001
3.00001
3.00001
3.00001
3.00001
3.00001
3.00001
3.00001
3
3
2.99998
2.99994
2.99982
2.9996
2.99893
2.99767
2.99377
2.9862
2.96445
2.91747
2.79615
2.52055
1.96443
1.49711
1.34725
3.00001
3.00001
3.00001
3.00001
3.00001
3.00001
3.00001
3.00001
3.00001
3
2.99999
2.99996
2.9999
2.99976
2.99939
2.99857
2.99636
2.99173
2.97879
2.95141
2.87845
2.71298
2.3284
1.73209
1.43623
3.00001
3.00001
3.00001
3.00001
3.00001
3.00001
3.00001
3.00001
3.00001
3
3
2.99998
2.99995
2.99985
2.99966
2.99913
2.99797
2.99502
2.98807
2.97148
2.93071
2.83476
2.60634
2.12627
1.60437
3.00001
3.00001
3.00001
3.00001
3.00001
3.00001
3.00001
3.00001
3.00001
3.00001
3
2.99999
2.99997
2.99992
2.99981
2.99947
2.99885
2.99695
2.9932
2.98265
2.95971
2.90082
2.76388
2.44387
1.87433
3.00001
3.00001
3.00001
3.00001
3.00001
3.00001
3.00001
3.00001
3.00001
3.00001
3
3
2.99999
2.99996
2.99988
2.99972
2.99929
2.99834
2.99594
2.99027
2.97678
2.94357
2.86571
2.67875
2.26639
3.00001
3.00001
3.00001
3.00001
3.00001
3.00001
3.00001
3.00001
3.00001
3.00001
3.00001
3
3
2.99998
2.99993
2.99984
2.99959
2.99905
2.99763
2.99439
2.98655
2.96726
2.92266
2.81245
2.55991
3.00001
3.00001
3.00001
3.00001
3.00001
3.00001
3.00001
3.00001
3.00001
3.00001
3.00001
3
3
2.99999
2.99997
2.9999
2.99977
2.99942
2.99861
2.99667
2.99185
2.98101
2.95281
2.8897
2.73228
3.00001
3.00001
3.00001
3.00001
3.00001
3.00001
3.00001
3.00001
3.00001
3.00001
3.00001
3.00001
3
3
2.99998
2.99995
2.99985
2.99964
2.99911
2.99786
2.99485
2.98739
2.97016
2.92652
2.82473
3.00001
3.00001
3.00001
3.00001
3.00001
3.00001
3.00001
3.00001
3.00001
3.00001
3.00001
3.00001
3
3
2.99999
2.99996
2.99989
2.99975
2.99929
2.99845
2.99578
2.99051
2.97515
2.94143
2.85178
3.00001
3.00001
3.00001
3.00001
3.00001
3.00001
3.00001
3.00001
3.00001
3.00001
3.00001
3.00001
3.00001
3
2.99999
2.99997
2.99991
2.99976
2.9994
2.99852
2.99625
2.99101
2.97665
2.94396
2.85592
3.00001
3.00001
3.00001
3.00001
3.00001
3.00001
3.00001
3.00001
3.00001
3.00001
3.00001
3.00001
3.00001
3
2.99999
2.99997
2.99991
2.99978
2.99941
2.99862
2.99624
2.99142
2.97676
2.94514
2.85678
3.00001
3.00001
3.00001
3.00001
3.00001
3.00001
3.00001
3.00001
3.00001
3.00001
3.00001
3.00001
3.00001
3
2.99999
2.99997
2.99991
2.99979
2.99941
2.99862
2.99634
2.99121
2.97731
2.94414
2.85711
3.00001
3.00001
3.00001
3.00001
3.00001
3.00001
3.00001
3.00001
3.00001
3.00001
3.00001
3.00001
3.00001
3
2.99999
2.99997
2.99992
2.99976
2.99947
2.99851
2.99657
2.99083
2.97801
2.94314
2.85806
3.00001
3.00001
3.00001
3.00001
3.00001
3.00001
3.00001
3.00001
3.00001
3.00001
3.00001
3.00001
3.00001
3
2.99999
2.99997
2.99992
2.99978
2.99944
2.9986
2.99641
2.99126
2.97733
2.94447
2.85711
3.00001
3.00001
3.00001
3.00001
3.00001
3.00001
3.00001
3.00001
3.00001
3.00001
3.00001
3.00001
3.00001
3
2.99999
2.99997
2.99992
2.99977
2.99949
2.9985
2.99671
2.9907
2.97865
2.94293
2.85963
3.00001
3.00001
3.00001
3.00001
3.00001
3.00001
3.00001
3.00001
3.00001
3.00001
3.00001
3.00001
3.00001
3
2.99999
2.99997
2.99992
2.99977
2.99949
2.99852
2.99673
2.99074
2.97879
2.94312
2.86016
3.00001
3.00001
3.00001
3.00001
3.00001
3.00001
3.00001
3.00001
3.00001
3.00001
3.00001
3.00001
3.00001
3
2.99999
2.99997
2.99993
2.99977
2.99949
2.99853
2.99671
2.99087
2.97862
2.9436
2.86004
1.04643
1.01591
0.526483
0.206786
0.149577
0.269795
0.355384
0.395206
0.418488
0.447647
0.484984
0.521384
0.552962
0.58217
0.612397
0.644001
0.675348
0.704395
0.73031
0.755187
0.781726
0.804207
0.816797
0.822667
0.821491
0.807812
0.77716
0.73289
0.680307
0.62386
0.567539
0.512298
0.459723
0.409389
0.362526
0.318295
0.276761
0.237331
0.199315
0.162812
0.12801
0.0947846
0.0632635
0.0347513
0.0175588
0.0359916
0.0620259
0.0879756
0.112991
0.137161
0.160313
0.182123
0.203649
0.225614
0.247449
0.268345
0.288663
0.308305
0.327556
0.34634
0.364788
0.382818
0.400571
0.417964
0.435097
0.451904
0.468511
0.484814
0.500939
0.516785
0.532493
0.547946
0.563281
0.578385
0.593392
0.608208
0.622925
0.637467
0.651911
0.666195
0.680378
0.694408
0.708313
0.722071
0.735694
0.749168
0.762499
0.775663
0.788661
0.801461
0.814049
0.826383
0.838393
0.850012
0.86109
0.871473
0.880847
0.888925
0.894969
0.899435
1.04052
0.994546
0.768656
0.484484
0.396908
0.291308
0.172921
0.0681744
0.106402
0.183809
0.251134
0.298857
0.3319
0.35987
0.391229
0.426401
0.461551
0.494458
0.523302
0.55036
0.578288
0.604336
0.619359
0.624283
0.620412
0.602629
0.567159
0.518247
0.461306
0.403042
0.34629
0.292349
0.241725
0.1945
0.151766
0.112661
0.078291
0.0526912
0.0446621
0.0601693
0.0849665
0.111547
0.138023
0.163554
0.188013
0.211709
0.235324
0.258399
0.280968
0.302808
0.323837
0.343743
0.36316
0.382964
0.402748
0.421791
0.440183
0.458067
0.475579
0.4927
0.509516
0.52598
0.542184
0.558052
0.573693
0.589028
0.604163
0.619023
0.633705
0.648157
0.662443
0.676545
0.690483
0.704283
0.717919
0.73145
0.74482
0.758107
0.771228
0.784289
0.797162
0.809996
0.822622
0.835221
0.847597
0.859949
0.872061
0.884147
0.895965
0.907741
0.919197
0.930561
0.941508
0.952234
0.962354
0.972003
0.980695
0.98829
0.993864
0.997897
1.04736
1.05577
0.97946
0.827046
0.727283
0.644428
0.545938
0.444976
0.346219
0.258976
0.182175
0.111033
0.0587299
0.0874477
0.137232
0.183618
0.22409
0.259941
0.289955
0.315933
0.342366
0.369382
0.387726
0.390744
0.381926
0.359942
0.322912
0.272187
0.218998
0.169892
0.128343
0.0999764
0.089893
0.0989393
0.119455
0.145056
0.172069
0.198802
0.224449
0.249356
0.274045
0.298029
0.321251
0.343591
0.365018
0.38574
0.405982
0.425806
0.445177
0.464056
0.482309
0.49959
0.516376
0.533391
0.550682
0.567441
0.583632
0.599396
0.614843
0.630045
0.644984
0.659708
0.674186
0.688474
0.70253
0.716413
0.730083
0.743609
0.756939
0.770159
0.783186
0.796127
0.808868
0.82154
0.834012
0.846439
0.858666
0.870874
0.882872
0.894865
0.906638
0.918402
0.929946
0.94146
0.952771
0.964022
0.975091
0.986059
0.996869
1.00751
1.01801
1.02824
1.03832
1.04798
1.05747
1.06623
1.07445
1.08122
1.08656
1.08977
1.06587
1.1073
1.09441
1.02867
0.951992
0.883039
0.809396
0.729559
0.651254
0.576821
0.505642
0.435443
0.366348
0.299311
0.240131
0.18754
0.139702
0.0964881
0.0643548
0.0583852
0.0793608
0.104666
0.130808
0.13643
0.107906
0.0915484
0.0847309
0.111026
0.144125
0.178152
0.213203
0.245743
0.275294
0.30193
0.327548
0.352311
0.376129
0.398876
0.420524
0.441236
0.461399
0.480926
0.499923
0.51817
0.535855
0.552922
0.569658
0.586023
0.602091
0.617789
0.633058
0.647484
0.661432
0.675394
0.689898
0.704123
0.717981
0.731304
0.74451
0.757366
0.770221
0.782753
0.795308
0.807553
0.819815
0.831809
0.843824
0.85563
0.86746
0.879112
0.89078
0.902284
0.913812
0.925196
0.936621
0.947914
0.959256
0.970451
0.981699
0.992763
1.0039
1.01479
1.0258
1.03649
1.04735
1.05781
1.0685
1.0787
1.08918
1.09907
1.10931
1.11891
1.1289
1.13804
1.14741
1.15561
1.16374
1.17013
1.17552
1.17839
1.07674
1.13502
1.1551
1.13651
1.09391
1.04649
0.994226
0.937822
0.877492
0.819852
0.761582
0.703562
0.644492
0.586573
0.531722
0.480641
0.432411
0.38542
0.339764
0.294735
0.253871
0.217954
0.188424
0.172541
0.189751
0.226235
0.276668
0.329387
0.376232
0.414828
0.446873
0.474127
0.49763
0.5182
0.537429
0.555544
0.5731
0.589678
0.605686
0.620888
0.635809
0.650209
0.664417
0.678072
0.691557
0.704556
0.717523
0.730153
0.742851
0.755235
0.767601
0.779233
0.790547
0.801715
0.813571
0.825486
0.837272
0.848621
0.859883
0.870904
0.881934
0.892794
0.90366
0.91436
0.925053
0.935593
0.946131
0.956525
0.966919
0.977167
0.98743
0.99756
1.00774
1.01779
1.02793
1.03792
1.04802
1.05795
1.06802
1.07789
1.08793
1.09773
1.10772
1.11743
1.12735
1.13695
1.14678
1.15629
1.1661
1.17559
1.18533
1.19465
1.20407
1.213
1.22186
1.23008
1.23784
1.24452
1.24978
1.25305
1.08161
1.14642
1.18469
1.1933
1.17954
1.15503
1.12243
1.0853
1.04351
1.00039
0.956685
0.911084
0.865019
0.818347
0.773651
0.729718
0.686593
0.643689
0.601303
0.559637
0.520341
0.485977
0.458216
0.446277
0.452504
0.478609
0.518809
0.565376
0.609044
0.645356
0.672292
0.691777
0.70639
0.718371
0.729146
0.739634
0.749975
0.759987
0.769682
0.779062
0.788332
0.797499
0.806693
0.815783
0.824877
0.833894
0.842928
0.851957
0.861087
0.870236
0.879514
0.888408
0.896996
0.905499
0.91461
0.924152
0.933813
0.943254
0.952686
0.961986
0.971366
0.980681
0.990085
0.999437
1.00889
1.0183
1.0278
1.03724
1.04676
1.05622
1.06577
1.07524
1.08479
1.09426
1.1038
1.11326
1.1228
1.13224
1.14177
1.15116
1.16067
1.16998
1.17944
1.18867
1.19808
1.20727
1.21673
1.22593
1.23532
1.24435
1.25355
1.26235
1.27128
1.2797
1.28818
1.29593
1.30349
1.30985
1.31519
1.31815
1.08335
1.14977
1.19731
1.22374
1.23028
1.22399
1.20894
1.18736
1.16143
1.13191
1.1013
1.06823
1.03426
0.998763
0.963678
0.928566
0.89335
0.857366
0.819677
0.781334
0.742591
0.706742
0.677406
0.658458
0.654866
0.675541
0.716129
0.763742
0.808659
0.846081
0.873508
0.888952
0.894997
0.896508
0.896661
0.89772
0.900197
0.90324
0.906938
0.910721
0.914885
0.919183
0.923979
0.928932
0.934391
0.939964
0.94595
0.952078
0.958578
0.965261
0.972357
0.979331
0.986089
0.992744
0.999845
1.00751
1.01554
1.02353
1.03155
1.03952
1.04755
1.05558
1.06371
1.07187
1.08011
1.0884
1.09674
1.1051
1.11354
1.12199
1.13054
1.13907
1.14774
1.15635
1.16516
1.17386
1.18279
1.19154
1.20055
1.20932
1.21836
1.22713
1.23622
1.24507
1.25427
1.26316
1.27232
1.28114
1.29023
1.29898
1.30796
1.31656
1.32534
1.33369
1.34208
1.34993
1.3575
1.36421
1.36972
1.37314
1.08488
1.14933
1.20121
1.23768
1.25846
1.26623
1.26491
1.2563
1.24337
1.22578
1.20656
1.18452
1.16096
1.13574
1.1094
1.08299
1.05474
1.02549
0.991991
0.955743
0.918162
0.882444
0.846927
0.813793
0.803124
0.824759
0.866087
0.91536
0.96364
1.0014
1.02964
1.04807
1.05228
1.04653
1.03672
1.02775
1.02147
1.01747
1.0157
1.01507
1.0156
1.01671
1.01838
1.0206
1.02335
1.0265
1.03014
1.03414
1.03859
1.04336
1.0486
1.054
1.05935
1.06454
1.07008
1.07614
1.08282
1.08965
1.09669
1.10367
1.11082
1.11793
1.12526
1.13256
1.14011
1.14761
1.15535
1.16304
1.17095
1.17881
1.18686
1.19484
1.20301
1.21111
1.21937
1.22755
1.23589
1.24415
1.25258
1.2609
1.26943
1.27792
1.28659
1.2951
1.30378
1.31228
1.32094
1.32939
1.33798
1.34636
1.35482
1.36307
1.37132
1.3794
1.38732
1.39503
1.4023
1.40907
1.41458
1.41816
1.0878
1.14844
1.20126
1.24292
1.27253
1.2906
1.29992
1.30165
1.29847
1.29127
1.28099
1.26884
1.25375
1.238
1.21924
1.20054
1.17838
1.15374
1.12254
1.08816
1.05212
1.01106
0.960491
0.917057
0.907978
0.931876
0.972869
1.02193
1.07276
1.11348
1.14214
1.16277
1.1736
1.17337
1.16277
1.14756
1.13302
1.12103
1.11248
1.10671
1.10329
1.10123
1.10037
1.10013
1.10048
1.10134
1.10277
1.10456
1.10699
1.10976
1.11315
1.11692
1.12092
1.12474
1.12879
1.13324
1.13845
1.144
1.14989
1.15588
1.16209
1.16836
1.17483
1.18138
1.18813
1.19498
1.20201
1.20913
1.21643
1.22379
1.23134
1.23893
1.24671
1.2545
1.26249
1.27042
1.27856
1.28657
1.29483
1.30297
1.31132
1.31947
1.32782
1.336
1.34437
1.3526
1.36097
1.36924
1.37758
1.38585
1.39413
1.40231
1.41046
1.41844
1.4263
1.43387
1.44115
1.44777
1.45344
1.45683
1.09238
1.14836
1.19995
1.24381
1.27863
1.30366
1.32076
1.33068
1.33528
1.33582
1.33315
1.32844
1.32086
1.31211
1.30062
1.28726
1.27031
1.24687
1.21795
1.18592
1.14566
1.09258
1.02462
0.980604
0.980087
1.00624
1.04569
1.09683
1.15031
1.19428
1.22476
1.24521
1.2598
1.26713
1.26552
1.2549
1.23789
1.21869
1.20174
1.18797
1.17824
1.17131
1.16697
1.16398
1.16219
1.16104
1.16051
1.16057
1.1612
1.16239
1.16423
1.16664
1.16957
1.17256
1.17563
1.17902
1.1831
1.18776
1.19285
1.19818
1.20377
1.20948
1.21541
1.22143
1.22767
1.23401
1.24059
1.24723
1.25411
1.26102
1.26818
1.27533
1.28275
1.29013
1.29779
1.30539
1.31328
1.32113
1.3292
1.33714
1.34529
1.35331
1.3615
1.36956
1.37775
1.38581
1.39399
1.40202
1.4102
1.41822
1.42638
1.43437
1.44249
1.45039
1.45833
1.46595
1.47341
1.48023
1.48616
1.48982
1.09944
1.15022
1.19933
1.24309
1.28045
1.31
1.33236
1.34844
1.35912
1.36573
1.36913
1.36991
1.36861
1.36511
1.35889
1.34967
1.33398
1.31223
1.28474
1.25094
1.20094
1.12542
1.04992
1.01993
1.02887
1.0558
1.09771
1.14998
1.20226
1.24589
1.27967
1.30248
1.31805
1.3289
1.33367
1.3322
1.32391
1.30781
1.2871
1.26671
1.24912
1.23546
1.22577
1.21915
1.2148
1.21191
1.21005
1.20887
1.20836
1.20837
1.20903
1.21029
1.21228
1.21458
1.21707
1.21962
1.22276
1.22647
1.23086
1.2355
1.24056
1.24572
1.25121
1.25675
1.2626
1.2685
1.2747
1.28097
1.28753
1.29414
1.30104
1.30797
1.31518
1.32237
1.32984
1.3373
1.34495
1.35252
1.36024
1.3679
1.3757
1.38348
1.39136
1.39923
1.40718
1.41511
1.42309
1.43105
1.43902
1.44696
1.45489
1.46278
1.47061
1.47841
1.48607
1.49365
1.50091
1.50782
1.51375
1.5176
1.10886
1.15455
1.20026
1.24278
1.28058
1.31268
1.33856
1.35878
1.37417
1.38531
1.39331
1.39865
1.40155
1.40201
1.39938
1.39113
1.37506
1.35422
1.32574
1.28227
1.21254
1.11928
1.05593
1.04524
1.06139
1.09076
1.13565
1.18747
1.23539
1.27645
1.31055
1.33729
1.35697
1.37039
1.37936
1.38407
1.38418
1.37871
1.36592
1.34666
1.32487
1.30442
1.28732
1.27432
1.2651
1.25893
1.25486
1.25225
1.25055
1.24954
1.24918
1.24938
1.25024
1.25173
1.25364
1.25557
1.25785
1.26062
1.26418
1.2682
1.27267
1.27739
1.28243
1.28766
1.29314
1.29878
1.30467
1.31069
1.31698
1.32336
1.33004
1.33678
1.34381
1.35091
1.35827
1.36558
1.37309
1.38057
1.38821
1.3958
1.40353
1.41121
1.419
1.42674
1.43456
1.44234
1.45019
1.458
1.46587
1.47368
1.48154
1.4893
1.4971
1.50474
1.51238
1.51979
1.52705
1.53377
1.53979
1.54346
1.12059
1.16165
1.20347
1.24371
1.28084
1.31347
1.34171
1.36448
1.38324
1.39783
1.40929
1.41786
1.42395
1.42662
1.42473
1.4147
1.39901
1.3757
1.34025
1.27861
1.1812
1.09275
1.06003
1.06485
1.0838
1.11809
1.16412
1.21157
1.25461
1.2924
1.3253
1.35342
1.3767
1.39515
1.40828
1.41684
1.42214
1.42369
1.42083
1.41189
1.3956
1.37455
1.35256
1.3327
1.31649
1.3046
1.29636
1.29107
1.28772
1.28572
1.28452
1.28408
1.28414
1.28483
1.28621
1.28781
1.28959
1.29159
1.29434
1.2977
1.30169
1.30595
1.31066
1.31552
1.32074
1.32606
1.3317
1.33744
1.34349
1.34962
1.35606
1.36257
1.36941
1.37624
1.38329
1.39032
1.39755
1.40477
1.41217
1.41958
1.42712
1.43467
1.44232
1.44999
1.45771
1.46543
1.47319
1.48092
1.48868
1.49641
1.50413
1.51184
1.51948
1.52713
1.53463
1.5421
1.54927
1.55615
1.56216
1.56607
1.13461
1.17131
1.20913
1.24649
1.28208
1.31434
1.34304
1.36784
1.38838
1.40552
1.4195
1.43
1.43792
1.44077
1.43597
1.42387
1.40643
1.37614
1.32307
1.23071
1.12742
1.07303
1.06578
1.07782
1.10243
1.14064
1.18441
1.2258
1.26356
1.29795
1.32931
1.3577
1.3829
1.40483
1.42303
1.43729
1.44674
1.45251
1.45593
1.45569
1.45057
1.43877
1.42066
1.39893
1.37766
1.35876
1.34411
1.33348
1.32658
1.32225
1.31976
1.3184
1.31783
1.31783
1.31844
1.31959
1.3211
1.32261
1.32458
1.32712
1.33048
1.33429
1.33857
1.34311
1.34802
1.35309
1.35849
1.36402
1.36988
1.37587
1.3822
1.38867
1.39539
1.40214
1.4091
1.41609
1.42322
1.4304
1.43767
1.44497
1.45234
1.45972
1.46719
1.47463
1.48218
1.48968
1.49728
1.50483
1.51244
1.52001
1.52758
1.53513
1.54261
1.55008
1.55742
1.5647
1.57173
1.57843
1.58439
1.58818
1.15049
1.18305
1.21713
1.25129
1.28478
1.31608
1.34459
1.36982
1.39211
1.41027
1.42596
1.4375
1.44489
1.44446
1.43591
1.42156
1.39657
1.34926
1.26461
1.15647
1.0846
1.06656
1.07313
1.08912
1.1189
1.15804
1.19618
1.23194
1.26539
1.29698
1.32683
1.35496
1.38115
1.40517
1.42656
1.44515
1.46044
1.47158
1.47884
1.48313
1.4851
1.48338
1.47608
1.4622
1.44246
1.42093
1.40016
1.38292
1.3696
1.3606
1.35479
1.35154
1.3498
1.34912
1.34913
1.34972
1.35087
1.35217
1.35367
1.35545
1.358
1.36121
1.36506
1.36923
1.37386
1.37869
1.38388
1.38922
1.39487
1.40068
1.40682
1.41304
1.41948
1.42599
1.4327
1.43945
1.44639
1.45334
1.46048
1.46761
1.47488
1.48215
1.48951
1.49687
1.5043
1.51172
1.51918
1.52665
1.53412
1.54162
1.54906
1.55655
1.56392
1.57133
1.57856
1.58577
1.5927
1.59933
1.60524
1.60901
1.16704
1.19602
1.22665
1.2578
1.28884
1.31868
1.3466
1.37168
1.39429
1.41345
1.429
1.44047
1.44378
1.43856
1.42678
1.40494
1.3629
1.28582
1.1777
1.09434
1.06586
1.06757
1.07869
1.10173
1.13431
1.16881
1.2016
1.23287
1.26302
1.29245
1.32103
1.34883
1.37536
1.40054
1.4239
1.44523
1.46417
1.48035
1.49341
1.50225
1.50808
1.51178
1.51309
1.51003
1.50093
1.48477
1.4647
1.44337
1.42391
1.40785
1.39624
1.3885
1.384
1.38166
1.38075
1.38074
1.3814
1.38249
1.38387
1.38525
1.38713
1.38957
1.39285
1.39656
1.4008
1.4053
1.41019
1.41528
1.42071
1.42636
1.4323
1.43833
1.44461
1.45098
1.45756
1.46419
1.471
1.47784
1.48483
1.49182
1.49894
1.50604
1.51325
1.52044
1.5277
1.53494
1.54222
1.54951
1.55678
1.56409
1.57132
1.57862
1.58577
1.59299
1.60001
1.60704
1.61379
1.62024
1.62604
1.62972
1.18315
1.20987
1.23758
1.26624
1.29495
1.323
1.34984
1.37437
1.39646
1.41527
1.42996
1.43732
1.43474
1.42459
1.40559
1.36783
1.29759
1.1914
1.10091
1.06446
1.06191
1.07016
1.08828
1.11559
1.14585
1.17501
1.20324
1.23104
1.25882
1.28664
1.31426
1.34155
1.36807
1.39373
1.41812
1.44115
1.46251
1.48192
1.49904
1.51354
1.52444
1.53206
1.53753
1.54094
1.54137
1.53679
1.52543
1.5082
1.48724
1.46655
1.44802
1.43365
1.42348
1.41724
1.41385
1.41246
1.41233
1.41298
1.41419
1.41543
1.4169
1.41866
1.42117
1.42428
1.42802
1.43212
1.43668
1.4415
1.44673
1.45214
1.45782
1.46361
1.46963
1.47575
1.48208
1.48849
1.49506
1.5017
1.50849
1.51532
1.52226
1.52923
1.53628
1.54336
1.55047
1.5576
1.56473
1.57191
1.57902
1.5862
1.59326
1.6004
1.6074
1.61443
1.62129
1.62812
1.63469
1.64094
1.64657
1.65014
1.19931
1.22476
1.25007
1.27613
1.30267
1.32885
1.35417
1.37762
1.39857
1.4155
1.42663
1.42649
1.41739
1.40071
1.36689
1.30233
1.1993
1.10542
1.06286
1.05633
1.06252
1.07698
1.10037
1.12736
1.15332
1.17838
1.20329
1.22872
1.25469
1.28125
1.30795
1.33467
1.36095
1.38671
1.41163
1.43563
1.45841
1.47988
1.49971
1.51777
1.53342
1.54653
1.55597
1.56338
1.56862
1.57144
1.57063
1.56411
1.55089
1.53209
1.51144
1.49103
1.474
1.46092
1.45241
1.44739
1.44512
1.4446
1.44522
1.44635
1.4477
1.44908
1.45097
1.4534
1.4565
1.46005
1.46414
1.46858
1.47349
1.47862
1.48405
1.48963
1.49546
1.50139
1.50754
1.51377
1.52017
1.52664
1.53323
1.53989
1.54662
1.55342
1.56026
1.56716
1.57407
1.58104
1.58797
1.59497
1.6019
1.60888
1.61577
1.62269
1.62949
1.63628
1.64292
1.64948
1.65581
1.66179
1.66718
1.6706
1.21505
1.24003
1.26387
1.28792
1.31217
1.33642
1.35974
1.38151
1.40008
1.41345
1.41552
1.4077
1.39246
1.36123
1.30121
1.20215
1.10729
1.06067
1.05128
1.05633
1.06847
1.08896
1.11321
1.13636
1.15856
1.18058
1.20333
1.22705
1.25187
1.27726
1.30315
1.32907
1.35497
1.3805
1.40565
1.43005
1.4538
1.47644
1.49817
1.51844
1.53731
1.55427
1.56864
1.5804
1.58916
1.59636
1.60096
1.60291
1.60078
1.59234
1.57705
1.5574
1.53643
1.517
1.50116
1.48965
1.48252
1.47882
1.47753
1.47786
1.47897
1.48019
1.48166
1.48348
1.48592
1.48885
1.49236
1.49635
1.50082
1.50557
1.51069
1.51598
1.52155
1.52723
1.53315
1.53916
1.54536
1.55164
1.55804
1.56452
1.57108
1.57772
1.58439
1.59113
1.59786
1.60465
1.6114
1.61821
1.62494
1.63172
1.6384
1.6451
1.65167
1.65822
1.6646
1.67089
1.67691
1.68259
1.68765
1.69087
1.23092
1.25513
1.27844
1.30071
1.32305
1.34504
1.36618
1.38472
1.39943
1.40393
1.39731
1.3823
1.35311
1.29622
1.20105
1.10679
1.05824
1.04714
1.05129
1.06184
1.08052
1.10274
1.1238
1.14344
1.16305
1.18325
1.2048
1.22738
1.25111
1.27547
1.3005
1.32569
1.3511
1.3763
1.40135
1.42593
1.45002
1.47345
1.49619
1.51794
1.53875
1.55795
1.57578
1.59155
1.60475
1.61534
1.62376
1.63062
1.63437
1.63518
1.63146
1.62094
1.60363
1.58387
1.56279
1.54453
1.52985
1.52005
1.51419
1.51166
1.51132
1.51216
1.51338
1.51479
1.51666
1.51902
1.52194
1.52534
1.52927
1.53357
1.53828
1.54323
1.54849
1.55391
1.55956
1.56535
1.57129
1.57737
1.58355
1.58985
1.5962
1.60266
1.60912
1.61568
1.6222
1.6288
1.63533
1.64192
1.64843
1.65498
1.66141
1.66785
1.67414
1.6804
1.68644
1.69237
1.69798
1.70324
1.70783
1.71075
1.24934
1.26986
1.29311
1.31457
1.33483
1.35448
1.37247
1.3868
1.39227
1.38651
1.37144
1.34314
1.28842
1.19645
1.10375
1.05474
1.04278
1.04662
1.05683
1.07497
1.09642
1.11581
1.13359
1.15082
1.16879
1.18784
1.20833
1.22995
1.25274
1.27622
1.30041
1.32485
1.34964
1.37436
1.39912
1.42358
1.44785
1.47161
1.49489
1.51743
1.53924
1.56007
1.57986
1.59816
1.61489
1.62954
1.64158
1.65149
1.6598
1.66551
1.66836
1.66809
1.6626
1.64998
1.63166
1.61098
1.59061
1.57309
1.56
1.55134
1.54693
1.54532
1.54571
1.54678
1.54815
1.54988
1.55227
1.55514
1.55851
1.56227
1.56648
1.57102
1.57591
1.58103
1.5864
1.59192
1.59762
1.60346
1.60941
1.61548
1.62161
1.62785
1.6341
1.64045
1.64675
1.65314
1.65944
1.66581
1.67206
1.67835
1.6845
1.69066
1.69662
1.70254
1.70819
1.71371
1.71883
1.72357
1.72755
1.73007
1.26907
1.28548
1.30717
1.32745
1.34631
1.36304
1.37657
1.38225
1.37649
1.36096
1.33261
1.27871
1.18877
1.09805
1.04986
1.03788
1.04189
1.05289
1.07181
1.0929
1.11122
1.12748
1.14299
1.159
1.17609
1.19452
1.21424
1.23513
1.25699
1.27961
1.30291
1.32659
1.35072
1.37488
1.39926
1.42342
1.44758
1.4713
1.49477
1.51772
1.5401
1.56189
1.58274
1.60276
1.6215
1.63886
1.65459
1.66794
1.67928
1.68861
1.6965
1.70114
1.70299
1.70124
1.69369
1.67898
1.6601
1.63865
1.61903
1.60232
1.59069
1.58339
1.58022
1.57961
1.58052
1.58159
1.58324
1.58555
1.58845
1.59169
1.59534
1.59937
1.6038
1.60856
1.61357
1.61882
1.62423
1.62983
1.63552
1.64138
1.64727
1.65331
1.65931
1.66545
1.67151
1.67766
1.68372
1.68983
1.6958
1.70181
1.70763
1.71345
1.71902
1.72454
1.7297
1.73471
1.73917
1.74322
1.74634
1.74829
1.2951
1.30255
1.31927
1.33987
1.35692
1.37011
1.37484
1.36838
1.35195
1.32247
1.26784
1.17833
1.08956
1.04345
1.0323
1.03684
1.04957
1.0701
1.09125
1.1094
1.12457
1.13891
1.15335
1.16894
1.18562
1.2037
1.22277
1.243
1.26399
1.28587
1.30827
1.33125
1.35458
1.37815
1.40192
1.42564
1.44941
1.4729
1.49632
1.51926
1.54198
1.56403
1.58562
1.60641
1.62642
1.64541
1.6633
1.67966
1.69439
1.70676
1.71745
1.72649
1.7334
1.73703
1.73764
1.73422
1.72451
1.70803
1.68805
1.66663
1.64752
1.63222
1.62195
1.61625
1.61406
1.61429
1.61527
1.61667
1.61882
1.62151
1.62464
1.6282
1.63213
1.63643
1.641
1.6459
1.65095
1.65628
1.66167
1.66728
1.6729
1.67869
1.68446
1.69035
1.69618
1.70211
1.70791
1.71378
1.71947
1.7252
1.73065
1.73612
1.74123
1.74627
1.75082
1.75515
1.75875
1.76184
1.76377
1.76499
1.32166
1.32178
1.33299
1.34957
1.36499
1.37052
1.36304
1.34514
1.31335
1.25619
1.16553
1.07829
1.03508
1.02541
1.03075
1.04598
1.06851
1.0903
1.10839
1.12333
1.13693
1.15042
1.16481
1.18022
1.19685
1.21448
1.23314
1.25266
1.27301
1.29406
1.31571
1.33789
1.36041
1.38332
1.40632
1.42957
1.45276
1.47599
1.49908
1.52194
1.54457
1.56674
1.5886
1.6098
1.63059
1.65052
1.6698
1.68791
1.705
1.7204
1.73404
1.74563
1.75575
1.76437
1.76975
1.77204
1.7715
1.76644
1.75428
1.73658
1.71522
1.69462
1.67579
1.66229
1.65316
1.64891
1.64774
1.64847
1.6495
1.65124
1.65384
1.65704
1.66054
1.6644
1.66851
1.67293
1.67763
1.68253
1.68765
1.69289
1.69829
1.70377
1.70932
1.71494
1.72053
1.72619
1.73172
1.73734
1.74271
1.74813
1.75322
1.75827
1.76289
1.76733
1.77116
1.77456
1.77703
1.77879
1.77956
1.78023
1.35898
1.34567
1.34798
1.35815
1.36661
1.35961
1.33976
1.30551
1.24454
1.1509
1.06433
1.02445
1.01709
1.02355
1.04198
1.06713
1.08993
1.10815
1.12316
1.13633
1.14941
1.16285
1.17744
1.19288
1.20947
1.2268
1.24511
1.26402
1.2838
1.30409
1.32508
1.34646
1.36833
1.39047
1.41287
1.43548
1.45813
1.48091
1.50352
1.52615
1.54846
1.57067
1.59243
1.61397
1.63494
1.65551
1.67536
1.69456
1.71285
1.73012
1.74613
1.7606
1.773
1.7841
1.79362
1.80116
1.80507
1.80604
1.80391
1.79666
1.78244
1.76325
1.74137
1.72089
1.70328
1.69118
1.68347
1.68065
1.68022
1.68112
1.68266
1.68506
1.68816
1.69151
1.6953
1.69934
1.70365
1.70822
1.71295
1.71797
1.72299
1.72831
1.73348
1.73895
1.74416
1.74966
1.75481
1.76021
1.76518
1.7703
1.77492
1.77952
1.78349
1.78721
1.79007
1.79223
1.79327
1.79381
1.79325
1.79313
1.41185
1.3732
1.36494
1.36404
1.35786
1.3375
1.30001
1.23192
1.13402
1.04806
1.01245
1.00807
1.01617
1.03772
1.06577
1.08943
1.10825
1.12319
1.13651
1.14922
1.16255
1.17645
1.19139
1.20696
1.22351
1.24058
1.25852
1.27691
1.29613
1.31573
1.33609
1.3567
1.37792
1.39928
1.42107
1.44294
1.46504
1.48718
1.50936
1.5315
1.55355
1.57544
1.5971
1.61853
1.63953
1.66027
1.68034
1.70011
1.71896
1.73733
1.75459
1.7709
1.78585
1.79909
1.81069
1.821
1.82974
1.83551
1.8381
1.83751
1.83355
1.82391
1.80765
1.78686
1.76504
1.74457
1.72888
1.71776
1.71222
1.71026
1.71089
1.712
1.714
1.71699
1.72052
1.72436
1.72833
1.7326
1.73696
1.74168
1.74641
1.75148
1.75644
1.76167
1.76667
1.77188
1.77678
1.7818
1.78642
1.79104
1.79514
1.79904
1.80223
1.80487
1.80635
1.80695
1.80666
1.8054
1.80308
1.80224
1.50964
1.40424
1.37884
1.36305
1.33799
1.29187
1.21215
1.11136
1.03165
1.00015
0.999387
1.01022
1.03452
1.0642
1.08907
1.10837
1.12352
1.13689
1.14961
1.16283
1.17659
1.19124
1.20646
1.22244
1.23887
1.25593
1.27342
1.29149
1.31001
1.3291
1.34861
1.36863
1.38902
1.4098
1.43083
1.45214
1.47357
1.49513
1.51673
1.53831
1.55987
1.58126
1.60259
1.62357
1.64446
1.66484
1.68504
1.70461
1.72383
1.74246
1.76047
1.77773
1.79404
1.8092
1.82295
1.83497
1.8458
1.85527
1.86268
1.86641
1.86682
1.86484
1.85895
1.84644
1.82832
1.80602
1.78424
1.76448
1.75051
1.74133
1.73774
1.73693
1.73796
1.73973
1.74237
1.74607
1.74978
1.75409
1.75819
1.76284
1.76725
1.77218
1.77684
1.78192
1.78667
1.79169
1.79632
1.80105
1.80529
1.80941
1.81289
1.81593
1.81808
1.81915
1.81907
1.81807
1.81602
1.81286
1.80752
1.80457
1.71187
1.46941
1.39687
1.35089
1.28826
1.18994
1.08031
1.00763
0.983656
0.987519
1.00588
1.0345
1.06354
1.08859
1.10813
1.12351
1.13691
1.14992
1.16323
1.17717
1.19174
1.20686
1.22247
1.23856
1.25506
1.272
1.2893
1.30704
1.32511
1.34363
1.36246
1.38174
1.4013
1.42127
1.44144
1.46194
1.48253
1.50336
1.52418
1.54514
1.56602
1.58691
1.60767
1.62827
1.64867
1.66882
1.6887
1.70822
1.72739
1.74602
1.76415
1.78161
1.79842
1.81437
1.82939
1.84315
1.85542
1.8663
1.87621
1.88421
1.88953
1.89119
1.88978
1.88591
1.87763
1.86241
1.84182
1.81931
1.79743
1.78003
1.76753
1.76154
1.75906
1.75978
1.76122
1.76356
1.76698
1.77112
1.7754
1.77984
1.78435
1.78899
1.79369
1.79846
1.8032
1.80788
1.8124
1.81666
1.82056
1.82394
1.82667
1.8285
1.82914
1.82848
1.827
1.82447
1.82001
1.81313
1.8023
1.79618
2.05286
1.59508
1.4097
1.30592
1.17438
1.04272
0.972602
0.956992
0.967407
0.996602
1.03305
1.06291
1.08734
1.10639
1.12148
1.13496
1.14827
1.16207
1.1765
1.1915
1.20692
1.22277
1.23883
1.25525
1.27181
1.28868
1.30558
1.32285
1.34022
1.35813
1.37621
1.39483
1.41357
1.43281
1.45216
1.47189
1.49171
1.5118
1.53192
1.55217
1.5724
1.59255
1.61263
1.6325
1.65225
1.67167
1.69091
1.70978
1.72837
1.74652
1.7643
1.78156
1.79831
1.81442
1.82982
1.84433
1.85784
1.87
1.88089
1.89078
1.89921
1.90553
1.9085
1.90786
1.905
1.8992
1.88792
1.87055
1.84807
1.82574
1.80462
1.78986
1.78026
1.77667
1.77592
1.77767
1.77977
1.78305
1.7872
1.79182
1.7964
1.80119
1.80582
1.81058
1.81514
1.81965
1.82386
1.82768
1.83097
1.83346
1.835
1.83515
1.83429
1.83246
1.82887
1.82293
1.81358
1.80231
1.78712
1.77868
2.38408
1.81009
1.42371
1.196
0.996609
0.916436
0.912695
0.934904
0.975821
1.01983
1.05418
1.07981
1.0988
1.11371
1.12736
1.14127
1.15573
1.17104
1.18679
1.20308
1.21932
1.23584
1.25209
1.26859
1.28498
1.30186
1.31876
1.3362
1.35356
1.37131
1.38889
1.40691
1.42482
1.44322
1.46156
1.48036
1.49916
1.51828
1.53741
1.55669
1.57589
1.59512
1.61425
1.63323
1.6521
1.67068
1.68913
1.7072
1.72507
1.74254
1.75969
1.77641
1.79272
1.8085
1.82379
1.83836
1.8523
1.86525
1.8772
1.88788
1.89767
1.90632
1.91301
1.9171
1.91753
1.91499
1.91074
1.90259
1.88895
1.86806
1.84563
1.82288
1.80547
1.79321
1.78772
1.78564
1.78712
1.78948
1.79264
1.79684
1.80169
1.80664
1.81161
1.81642
1.82105
1.8253
1.82919
1.83237
1.83481
1.83598
1.83607
1.83516
1.83255
1.82788
1.82022
1.80935
1.79519
1.78015
1.76249
1.75353
2.58085
2.0799
1.42975
0.975261
0.794767
0.815439
0.864441
0.92734
0.983203
1.0252
1.05507
1.07643
1.09245
1.10718
1.12237
1.13845
1.15521
1.17251
1.18994
1.20752
1.22501
1.24254
1.25985
1.27716
1.2941
1.31115
1.32792
1.34491
1.36169
1.37879
1.39573
1.41305
1.43027
1.4479
1.46544
1.48339
1.50123
1.5194
1.53746
1.55571
1.57385
1.59203
1.61008
1.62802
1.64581
1.66339
1.68077
1.69789
1.71477
1.73136
1.74764
1.76361
1.77924
1.79445
1.80933
1.82361
1.83756
1.85065
1.86326
1.87474
1.88537
1.89501
1.90379
1.91093
1.91579
1.91748
1.9159
1.91218
1.90628
1.8953
1.87841
1.85593
1.83331
1.81341
1.79935
1.79159
1.78807
1.78881
1.79129
1.79467
1.79871
1.80363
1.80882
1.81382
1.81841
1.82247
1.82571
1.82797
1.82937
1.82952
1.82808
1.82475
1.81898
1.80973
1.79712
1.78195
1.7648
1.74831
1.73121
1.72367
2.63842
2.1561
1.36504
0.70594
0.566431
0.664687
0.776089
0.868204
0.931166
0.974245
1.00531
1.0289
1.04946
1.0696
1.08998
1.11058
1.1311
1.15142
1.17142
1.19111
1.21053
1.22962
1.24853
1.26706
1.28537
1.3031
1.32068
1.33784
1.35503
1.37193
1.38903
1.40593
1.42312
1.44013
1.45745
1.47458
1.49199
1.50919
1.52664
1.54382
1.56119
1.57825
1.59543
1.61226
1.62911
1.64563
1.66207
1.67823
1.69419
1.70996
1.72538
1.74073
1.75559
1.77043
1.78472
1.7989
1.81253
1.82587
1.83859
1.85079
1.86217
1.87273
1.88246
1.89143
1.89899
1.90449
1.90756
1.90712
1.90396
1.89949
1.89127
1.87759
1.85711
1.8349
1.81345
1.79804
1.78755
1.78353
1.78269
1.78506
1.78874
1.79299
1.79755
1.80228
1.8066
1.80995
1.81285
1.81416
1.81371
1.81157
1.80756
1.80043
1.78959
1.7755
1.759
1.74161
1.72425
1.70948
1.69577
1.6909
2.64113
2.13649
1.25371
0.509469
0.338019
0.495611
0.648822
0.748965
0.815935
0.86445
0.902486
0.935466
0.965916
0.994602
1.02194
1.04812
1.07329
1.09731
1.12051
1.14289
1.16495
1.18638
1.20755
1.2279
1.24807
1.26728
1.28631
1.30447
1.32278
1.34042
1.35842
1.37585
1.39371
1.41102
1.42875
1.44591
1.46349
1.48049
1.49785
1.51465
1.53173
1.54827
1.56498
1.58122
1.5975
1.61342
1.62924
1.64485
1.66021
1.67554
1.69044
1.70549
1.71997
1.73467
1.74874
1.76299
1.77658
1.79025
1.80319
1.8161
1.82809
1.83988
1.85049
1.86086
1.87008
1.87838
1.88464
1.88898
1.8898
1.88775
1.88431
1.87789
1.8673
1.84947
1.82778
1.80586
1.78878
1.77674
1.77114
1.76905
1.77068
1.7737
1.77741
1.78135
1.78477
1.7874
1.78821
1.78742
1.78469
1.77979
1.77128
1.75902
1.74357
1.72637
1.70865
1.6922
1.67783
1.66714
1.65799
1.65595
2.64253
2.13438
1.22493
0.472473
0.241971
0.391401
0.5276
0.616264
0.679904
0.73183
0.777758
0.81948
0.85765
0.892893
0.925656
0.956461
0.985557
1.01336
1.03997
1.06566
1.09035
1.11426
1.13726
1.15956
1.18099
1.20201
1.22234
1.2424
1.26201
1.2816
1.30085
1.32014
1.3391
1.35802
1.37663
1.3951
1.41333
1.43126
1.44905
1.46641
1.48371
1.50052
1.51729
1.53361
1.54985
1.56578
1.58155
1.59718
1.61257
1.62796
1.64305
1.65818
1.67304
1.68787
1.70252
1.71693
1.73136
1.74522
1.75929
1.77251
1.78597
1.79836
1.81083
1.82202
1.83326
1.84309
1.85234
1.85949
1.86506
1.86728
1.86659
1.86372
1.85911
1.85019
1.83527
1.81386
1.79279
1.77376
1.76074
1.75231
1.74915
1.74836
1.74984
1.75174
1.75314
1.75324
1.75134
1.74759
1.74122
1.73121
1.71714
1.70073
1.68275
1.66544
1.64963
1.63708
1.62712
1.62116
1.61561
1.61603
2.63897
2.12615
1.20643
0.461057
0.23609
0.356372
0.460764
0.525954
0.576334
0.62334
0.668476
0.711231
0.751124
0.788518
0.823591
0.856786
0.888208
0.918154
0.946684
0.973967
1.00014
1.02529
1.04968
1.07334
1.09653
1.11928
1.14181
1.16405
1.18588
1.20757
1.22875
1.24987
1.27034
1.29082
1.31052
1.33029
1.34914
1.36819
1.38617
1.40451
1.4217
1.43942
1.45599
1.47323
1.4894
1.50629
1.52223
1.53888
1.55467
1.57113
1.58679
1.60304
1.61858
1.63453
1.64995
1.66551
1.68075
1.69584
1.71081
1.72537
1.73985
1.75378
1.76745
1.78048
1.79297
1.80486
1.81586
1.82578
1.8342
1.8406
1.84432
1.84453
1.84245
1.83879
1.83161
1.81816
1.79822
1.77637
1.75629
1.7404
1.72951
1.72288
1.71907
1.71665
1.71395
1.70982
1.70368
1.69501
1.68243
1.66659
1.64847
1.62989
1.61249
1.59763
1.58601
1.57769
1.57209
1.56921
1.56633
1.56809
2.63747
2.12322
1.20218
0.461727
0.246712
0.357488
0.445699
0.491673
0.525361
0.560054
0.597013
0.634386
0.670905
0.705935
0.73948
0.771505
0.802204
0.831603
0.859941
0.887269
0.913876
0.939808
0.965293
0.990329
1.01504
1.03937
1.06336
1.08698
1.11022
1.13297
1.15533
1.17714
1.19863
1.21947
1.24009
1.25999
1.27977
1.29886
1.3179
1.33639
1.35485
1.37296
1.39104
1.40891
1.42676
1.44445
1.46216
1.47967
1.49726
1.51456
1.53203
1.54909
1.5664
1.58322
1.60028
1.61684
1.63358
1.64982
1.66615
1.68197
1.69771
1.71303
1.72792
1.74255
1.75629
1.76987
1.78229
1.79437
1.80474
1.81421
1.82118
1.82599
1.82668
1.82521
1.82211
1.81576
1.80306
1.78368
1.76061
1.73851
1.71909
1.70421
1.69229
1.68296
1.67319
1.66299
1.65026
1.63453
1.61569
1.59585
1.57614
1.55869
1.54424
1.53337
1.52576
1.52082
1.51788
1.51653
1.51484
1.51725
2.63889
2.12312
1.2037
0.465382
0.256665
0.365652
0.45062
0.487756
0.510328
0.535313
0.564467
0.595621
0.627213
0.658241
0.688378
0.717369
0.745391
0.77246
0.798944
0.824832
0.850479
0.87575
0.900926
0.925754
0.950452
0.97475
0.998806
1.02243
1.04568
1.06849
1.09083
1.1128
1.13426
1.15546
1.17616
1.19674
1.21686
1.23695
1.25668
1.27641
1.29593
1.31538
1.33478
1.35397
1.37329
1.3922
1.41146
1.43007
1.44921
1.46753
1.48647
1.50454
1.52317
1.54104
1.55925
1.57694
1.59463
1.61211
1.62923
1.64637
1.66287
1.67946
1.69533
1.71109
1.72615
1.7408
1.75478
1.76799
1.78038
1.79143
1.80125
1.80876
1.81384
1.81475
1.81353
1.81057
1.80382
1.79167
1.77058
1.74652
1.72022
1.69675
1.67468
1.65546
1.63621
1.61697
1.59546
1.57305
1.55007
1.52896
1.51051
1.49599
1.48501
1.47738
1.47218
1.4689
1.46673
1.46573
1.46405
1.46648
2.63841
2.12488
1.20667
0.467608
0.261947
0.371937
0.457714
0.491993
0.509352
0.529265
0.554396
0.582239
0.610748
0.639066
0.666806
0.69367
0.71951
0.744447
0.768708
0.792635
0.816369
0.840104
0.863762
0.8874
0.910854
0.934169
0.957191
0.980008
1.00249
1.02472
1.04662
1.06828
1.08969
1.1109
1.13197
1.15288
1.17372
1.19442
1.2151
1.23564
1.25617
1.27656
1.29692
1.31713
1.33729
1.35731
1.37722
1.39703
1.41668
1.43624
1.45563
1.47491
1.49402
1.51294
1.5318
1.55028
1.56887
1.58679
1.6051
1.62238
1.6403
1.6569
1.67421
1.69012
1.70653
1.72165
1.73681
1.75093
1.76442
1.77699
1.78819
1.79805
1.80554
1.81007
1.81057
1.80912
1.80559
1.79809
1.78295
1.76036
1.73146
1.70043
1.66785
1.6366
1.60516
1.57508
1.54502
1.51766
1.49296
1.47306
1.45711
1.44564
1.43708
1.43128
1.42696
1.42405
1.42173
1.42044
1.4183
1.42042
2.63933
2.12624
1.2092
0.46856
0.264136
0.375872
0.463004
0.496437
0.511366
0.528885
0.552262
0.57892
0.606403
0.633692
0.660502
0.686586
0.711619
0.735646
0.75881
0.781584
0.804137
0.826768
0.849359
0.872014
0.89449
0.916903
0.939031
0.961058
0.9828
1.00445
1.02589
1.04725
1.06849
1.08966
1.11082
1.13188
1.153
1.17399
1.19505
1.21596
1.23693
1.2577
1.27851
1.29913
1.31973
1.34017
1.36049
1.38074
1.40075
1.42082
1.44045
1.46034
1.47956
1.49921
1.51799
1.53734
1.55569
1.57461
1.59256
1.61088
1.62844
1.64604
1.66315
1.67991
1.69637
1.71216
1.72766
1.74237
1.75648
1.76973
1.78184
1.7928
1.80173
1.80862
1.81104
1.81021
1.80799
1.80298
1.79224
1.77412
1.74507
1.71047
1.66917
1.62665
1.58309
1.54314
1.50663
1.47686
1.45248
1.43468
1.42096
1.41151
1.40406
1.3989
1.39452
1.3914
1.38855
1.38676
1.38414
1.38595
2.64017
2.12689
1.21053
0.468762
0.26477
0.377721
0.465706
0.498917
0.512768
0.529218
0.55189
0.57817
0.605427
0.632495
0.659101
0.685035
0.709938
0.733785
0.756687
0.779133
0.801329
0.823606
0.845853
0.868174
0.89032
0.9124
0.934194
0.955902
0.977359
0.998768
1.02001
1.04123
1.06238
1.0835
1.10464
1.12571
1.14686
1.16791
1.18905
1.21003
1.2311
1.25198
1.27289
1.29362
1.31433
1.33489
1.35533
1.37571
1.39584
1.41603
1.43578
1.45579
1.47511
1.4949
1.51375
1.53328
1.55162
1.57081
1.58864
1.60738
1.62467
1.64283
1.65957
1.67698
1.69309
1.70952
1.72483
1.74002
1.75422
1.7678
1.78031
1.79166
1.8013
1.8091
1.81286
1.81272
1.81096
1.80689
1.79809
1.78233
1.7549
1.71892
1.67299
1.6232
1.57166
1.52554
1.48575
1.45546
1.43201
1.41573
1.40322
1.39466
1.38752
1.38244
1.3778
1.37442
1.37114
1.36901
1.36606
1.36766
)
;

boundaryField
{
    inlet
    {
        type            calculated;
        value           uniform 3.00001;
    }
    outlet
    {
        type            calculated;
        value           nonuniform List<scalar> 
40
(
0.899435
0.997897
1.08977
1.17839
1.25305
1.31815
1.37314
1.41816
1.45683
1.48982
1.5176
1.54346
1.56607
1.58818
1.60901
1.62972
1.65014
1.6706
1.69087
1.71075
1.73007
1.74829
1.76499
1.78023
1.79313
1.80224
1.80457
1.79618
1.77868
1.75353
1.72367
1.6909
1.65595
1.61603
1.56809
1.51725
1.46648
1.42042
1.38595
1.36766
)
;
    }
    top
    {
        type            symmetryPlane;
    }
    bottom
    {
        type            symmetryPlane;
    }
    obstacle
    {
        type            calculated;
        value           nonuniform List<scalar> 
110
(
0.0270428
0.0567225
0.0971074
0.139398
0.183665
0.232896
0.290735
0.362883
0.459979
0.624696
0.792081
0.879243
0.455242
0.0594214
0.148031
0.269784
0.355257
0.395063
0.418486
0.447493
0.484786
0.521253
0.552905
0.582146
0.612381
0.643987
0.675336
0.704385
0.730304
0.755185
0.781725
0.804202
0.816791
0.822664
0.82149
0.807812
0.777154
0.732864
0.680242
0.623749
0.567381
0.512096
0.459479
0.409103
0.362198
0.317923
0.276327
0.236805
0.198621
0.161908
0.126852
0.0932033
0.060812
0.0296325
0.002431
0.0324802
0.0603215
0.0868984
0.112231
0.136588
0.159868
0.181768
0.203353
0.225353
0.247225
0.268157
0.288503
0.308168
0.327437
0.346236
0.364697
0.382737
0.400499
0.4179
0.435041
0.451853
0.468465
0.484773
0.500903
0.516751
0.532463
0.547919
0.563256
0.578363
0.593372
0.60819
0.622909
0.637452
0.651898
0.666183
0.680368
0.694399
0.708305
0.722064
0.735688
0.749163
0.762494
0.775659
0.788657
0.801458
0.814047
0.826381
0.838391
0.850011
0.861089
0.871472
0.880846
0.888925
0.894969
0.899435
)
;
    }
    frontAndBack
    {
        type            empty;
    }
}


// ************************************************************************* //
