/*--------------------------------*- C++ -*----------------------------------*\
  =========                 |
  \\      /  F ield         | OpenFOAM: The Open Source CFD Toolbox
   \\    /   O peration     | Website:  https://openfoam.org
    \\  /    A nd           | Version:  13
     \\/     M anipulation  |
\*---------------------------------------------------------------------------*/
FoamFile
{
    format      ascii;
    class       volScalarField;
    location    "6.5";
    object      p;
}
// * * * * * * * * * * * * * * * * * * * * * * * * * * * * * * * * * * * * * //

dimensions      [1 -1 -2 0 0 0 0];

internalField   nonuniform List<scalar> 
5250
(
1.00001
1.00003
1.00009
1.00025
1.00057
1.00155
1.00353
1.00935
1.02183
1.05621
1.13819
1.36083
1.98008
3.8084
8.97766
11.4309
11.2017
11.06
11.1417
11.361
11.5832
11.722
11.8277
11.9107
11.9745
1.00001
1.00003
1.0001
1.00023
1.00062
1.00141
1.00374
1.00871
1.02241
1.05414
1.13788
1.35397
1.96587
3.76452
8.87276
11.4381
11.2004
11.0506
11.133
11.353
11.5749
11.7139
11.821
11.9054
11.9705
1.00001
1.00003
1.00009
1.00024
1.00055
1.00148
1.00337
1.009
1.02074
1.05421
1.13155
1.34531
1.93247
3.67086
8.63663
11.4534
11.1936
11.0215
11.1023
11.3199
11.539
11.6758
11.7822
11.8657
11.9309
1.00001
1.00003
1.00008
1.00023
1.00053
1.00141
1.00322
1.00858
1.01977
1.0518
1.12524
1.32877
1.88417
3.52776
8.26714
11.4829
11.1846
10.9732
11.0499
11.261
11.4755
11.6078
11.7111
11.7927
11.8587
1.00001
1.00003
1.00008
1.00021
1.0005
1.00131
1.00304
1.00801
1.01859
1.04838
1.11731
1.30648
1.82101
3.33897
7.76372
11.5264
11.175
10.908
10.9782
11.1792
11.3877
11.5134
11.6109
11.6888
11.7565
1.00001
1.00002
1.00008
1.00018
1.00049
1.00112
1.00301
1.00683
1.01816
1.04251
1.10995
1.27672
1.74692
3.10795
7.12529
11.5754
11.1645
10.8252
10.886
11.0712
11.271
11.3864
11.4739
11.5447
11.6133
1
1.00002
1.00006
1.00018
1.00041
1.0011
1.00249
1.00667
1.01526
1.04013
1.09592
1.24994
1.65872
2.85279
6.37918
11.6008
11.1494
10.7286
10.7752
10.9356
11.1218
11.2203
11.2893
11.3433
11.4072
1
1.00002
1.00006
1.00015
1.00039
1.0009
1.0024
1.00545
1.01453
1.03355
1.08737
1.21538
1.57391
2.5846
5.55746
11.521
11.0968
10.6172
10.646
10.7702
10.9348
11.0069
11.0445
11.0625
11.101
1
1.00002
1.00005
1.00014
1.00033
1.00086
1.00201
1.00524
1.01212
1.03165
1.07541
1.19498
1.50509
2.40107
5.03901
11.1224
10.9153
10.488
10.492
10.5687
10.7003
10.7326
10.7198
10.6642
10.613
1
1.00002
1.00005
1.00012
1.0003
1.00075
1.00186
1.00446
1.01138
1.02712
1.06902
1.17125
1.44943
2.23273
4.5444
10.3327
10.5913
10.4002
10.3135
10.3474
10.4157
10.3965
10.3054
10.0874
9.75839
1
1.00001
1.00004
1.0001
1.00027
1.00065
1.00163
1.00403
1.00975
1.02459
1.05985
1.15205
1.39181
2.07349
4.0617
9.36485
10.417
10.2927
10.1231
10.1141
10.0978
10.0124
9.76555
9.18658
7.6919
1
1.00001
1.00004
1.00009
1.00024
1.00055
1.00145
1.00339
1.00867
1.02093
1.05241
1.1306
1.33706
1.91265
3.58699
8.24
10.3045
10.1911
9.95021
9.86847
9.78937
9.60908
9.21578
8.42616
6.87704
1
1.00001
1.00003
1.00008
1.0002
1.00046
1.00124
1.00282
1.0075
1.01718
1.04517
1.10811
1.28282
1.74969
3.11108
6.97508
10.223
10.0954
9.79611
9.62618
9.48948
9.229
8.74104
7.93617
6.70678
1
1.00001
1.00003
1.00006
1.00017
1.00039
1.001
1.00237
1.00593
1.01455
1.03574
1.08911
1.22508
1.59348
2.63641
5.6085
10.0546
9.96796
9.67606
9.40192
9.20101
8.89788
8.39706
7.65977
6.68957
1
1.00001
1.00002
1.00005
1.00013
1.00032
1.0008
1.0019
1.00486
1.01136
1.02929
1.06989
1.17923
1.46011
2.2545
4.49545
9.5572
9.74445
9.55062
9.20101
8.94373
8.62268
8.14517
7.48805
6.68057
1
1.00001
1.00002
1.00004
1.0001
1.00027
1.00061
1.00161
1.00375
1.00955
1.02301
1.05743
1.14299
1.36867
1.99584
3.78912
8.41428
9.47082
9.34255
9.03628
8.72631
8.39355
7.9467
7.36061
6.66357
1
1
1.00001
1.00003
1.00008
1.00021
1.00049
1.00129
1.00297
1.00766
1.01816
1.04587
1.11284
1.28975
1.77147
3.1458
6.89496
9.23538
9.15922
8.91224
8.55307
8.20298
7.78229
7.25593
6.64326
1
1
1.00001
1.00003
1.00007
1.00016
1.00039
1.00097
1.00232
1.00589
1.01386
1.03555
1.08539
1.21947
1.56955
2.55892
5.28358
8.97225
9.00182
8.82617
8.44173
8.05061
7.64467
7.16772
6.62289
1
1
1.00001
1.00002
1.00005
1.00013
1.00029
1.00075
1.00173
1.00443
1.01052
1.02625
1.06415
1.16075
1.41239
2.10291
4.00189
8.31482
8.85185
8.70443
8.35007
7.92802
7.53076
7.09354
6.60366
1
1
1.00001
1.00001
1.00004
1.00009
1.00022
1.00057
1.00129
1.00341
1.0077
1.02043
1.04724
1.12233
1.30508
1.81751
3.23723
6.9219
8.59054
8.51568
8.26722
7.83703
7.43927
7.03041
6.58503
1
1
1
1.00001
1.00003
1.00006
1.00017
1.00039
1.00103
1.00233
1.00612
1.01413
1.03627
1.08725
1.22302
1.5787
2.56811
5.2299
8.27092
8.33671
8.18234
7.81489
7.38
6.97924
6.56755
1
1
1
1.00001
1.00002
1.00005
1.00011
1.0003
1.00069
1.00175
1.00422
1.01024
1.02546
1.06156
1.15467
1.39268
2.0386
3.75827
7.56428
8.20681
8.09135
7.78852
7.34349
6.94192
6.55252
1
1
1
1.00001
1.00001
1.00003
1.00009
1.0002
1.00052
1.00121
1.00307
1.00732
1.0181
1.04434
1.10955
1.27738
1.72653
2.95969
6.10896
7.96912
7.93355
7.74641
7.3454
6.92425
6.5415
1
1
1
1
1.00001
1.00002
1.00006
1.00014
1.00037
1.00083
1.00219
1.00492
1.01297
1.02974
1.07671
1.18582
1.48389
2.27123
4.32854
7.5096
7.80885
7.68317
7.35813
6.92626
6.54176
1
1
1
1
1.00001
1.00002
1.00004
1.0001
1.00025
1.00058
1.00149
1.0034
1.0089
1.02031
1.05264
1.1251
1.32328
1.83519
3.21418
6.47232
7.6218
7.56246
7.35024
6.94073
6.54717
1
1
1
1
1
1.00001
1.00003
1.00007
1.00016
1.00042
1.00095
1.00248
1.00573
1.01449
1.03466
1.08621
1.21444
1.5535
2.46154
4.79337
7.24454
7.41028
7.30057
6.99594
6.56665
1
1
1
1
1
1.00001
1.00002
1.00005
1.00011
1.00028
1.00063
1.00165
1.00372
1.00975
1.0222
1.05724
1.13625
1.34991
1.89751
3.31276
6.43503
7.25669
7.19964
7.00232
6.60951
1
1
1
1
1
1
1.00001
1.00003
1.00008
1.00017
1.00044
1.00105
1.00254
1.00629
1.01489
1.03746
1.0897
1.22724
1.57867
2.5162
4.857
6.92782
7.06681
6.97027
6.70552
1
1
1
1
1
1
1.00001
1.00002
1.00005
1.00011
1.00028
1.00067
1.00164
1.00402
1.00948
1.02385
1.05632
1.14133
1.351
1.9004
3.2701
6.20525
6.9312
6.89125
6.72666
1
1
1
1
1
1
1.00001
1.00001
1.00003
1.00007
1.00019
1.00042
1.00109
1.00249
1.00636
1.01486
1.03697
1.08956
1.22361
1.57004
2.47323
4.71172
6.61103
6.78039
6.69876
1
1
1
1
1
1
1
1.00001
1.00002
1.00005
1.00011
1.00028
1.00065
1.0016
1.0039
1.00923
1.02307
1.0545
1.13625
1.33678
1.85702
3.13757
5.88176
6.63508
6.61489
1
1
1
1
1
1
1
1.00001
1.00001
1.00003
1.00007
1.00017
1.00042
1.00098
1.0025
1.00568
1.01471
1.03366
1.08583
1.20671
1.53063
2.34957
4.36947
6.27666
6.51652
1
1
1
1
1
1
1
1
1.00001
1.00002
1.00004
1.00011
1.00025
1.00064
1.00143
1.00369
1.00845
1.02127
1.0503
1.12463
1.30779
1.77632
2.93146
5.46314
6.33439
1
1
1
1
1
1
1
1
1
1.00001
1.00003
1.00006
1.00016
1.00036
1.00093
1.00212
1.00536
1.01252
1.03086
1.07436
1.18324
1.4587
2.15416
3.83298
5.88898
1
1
1
1
1
1
1
1
1
1.00001
1.00002
1.00004
1.0001
1.00022
1.00056
1.00125
1.00325
1.00726
1.01883
1.04301
1.10892
1.26335
1.66498
2.64941
4.89075
1
1
1
1
1
1
1
1
1
1
1.00001
1.00002
1.00005
1.00013
1.00032
1.00075
1.00187
1.00426
1.01089
1.0247
1.06286
1.14745
1.37172
1.90971
3.18291
1
1
1
1
1
1
1
1
1
1
1.00001
1.00001
1.00003
1.00008
1.00018
1.00046
1.00106
1.0026
1.00629
1.01482
1.03681
1.08699
1.21739
1.53686
2.344
1
1
1
1
1
1
1
1
1
1
1
1.00001
1.00002
1.00004
1.00011
1.00026
1.00061
1.00153
1.00348
1.0089
1.02009
1.05121
1.11924
1.29974
1.73263
1
1
1
1
1
1
1
1
1
1
1
1
1.00001
1.00003
1.00006
1.00015
1.00036
1.00089
1.00203
1.00516
1.01159
1.02981
1.06805
1.17185
1.41598
1
1
1
1
1
1
1
1
1
1
1
1
1.00001
1.00002
1.00004
1.00009
1.00022
1.0005
1.00128
1.00288
1.0074
1.01661
1.04261
1.09838
1.24866
1
1
1
1
1
1
1
1
1
1
1
1
1
1.00001
1.00002
1.00006
1.00014
1.00034
1.00077
1.00197
1.00447
1.01152
1.02621
1.06704
1.15906
1
1
1
1
1
1
1
1
1
1
1
1
1
1.00001
1.00002
1.00004
1.00011
1.00024
1.00062
1.00144
1.00365
1.00877
1.02166
1.05366
1.13357
1
1
1
1
1
1
1
1
1
1
1
1
1
1.00001
1.00001
1.00004
1.00009
1.00021
1.00056
1.00127
1.00343
1.00782
1.02113
1.04961
1.13073
1
1
1
1
1
1
1
1
1
1
1
1
1
1.00001
1.00001
1.00003
1.00009
1.0002
1.00054
1.00122
1.00333
1.00765
1.02055
1.04906
1.12854
1
1
1
1
1
1
1
1
1
1
1
1
1
1.00001
1.00001
1.00003
1.00008
1.0002
1.0005
1.00129
1.00311
1.00813
1.01954
1.0508
1.12692
1
1
1
1
1
1
1
1
1
1
1
1
1
1.00001
1.00001
1.00003
1.00008
1.00021
1.0005
1.00125
1.00322
1.00777
1.02028
1.04956
1.12877
1
1
1
1
1
1
1
1
1
1
1
1
1
1.00001
1.00001
1.00003
1.00008
1.00019
1.00052
1.0012
1.00329
1.00756
1.02057
1.04888
1.12933
1
1
1
1
1
1
1
1
1
1
1
1
1
1.00001
1.00001
1.00003
1.00008
1.00021
1.00048
1.00128
1.00306
1.00796
1.01964
1.05006
1.12722
1
1
1
1
1
1
1
1
1
1
1
1
1
1.00001
1.00001
1.00003
1.00008
1.00021
1.00048
1.00128
1.00303
1.00796
1.01947
1.05004
1.1267
1
1
1
1
1
1
1
1
1
1
1
1
1
1.00001
1.00001
1.00003
1.00008
1.0002
1.00048
1.00126
1.00307
1.00782
1.01968
1.04956
1.12704
3.40707
2.40055
2.80256
3.8809
3.78028
3.62792
3.54072
3.50119
3.46544
3.40275
3.32976
3.26341
3.20496
3.14472
3.07823
3.00827
2.93994
2.87851
2.82338
2.76552
2.70095
2.66484
2.65011
2.64658
2.66564
2.729
2.8367
2.98145
3.14824
3.32286
3.49599
3.66265
3.81928
3.96442
4.09575
4.21442
4.32106
4.41721
4.50425
4.58249
4.65084
4.71025
4.76131
4.80446
4.84189
4.87385
4.89785
4.91489
4.92598
4.93189
4.93292
4.93122
4.92571
4.9144
4.89874
4.88064
4.86005
4.83722
4.812
4.7847
4.75536
4.72423
4.69135
4.65694
4.62104
4.58383
4.54536
4.50577
4.46512
4.42354
4.38105
4.33779
4.29379
4.24915
4.20393
4.15819
4.11201
4.06544
4.01856
3.97144
3.92415
3.87676
3.82935
3.78198
3.73473
3.68767
3.64085
3.59436
3.54826
3.50264
3.45761
3.41331
3.36991
3.32767
3.28694
3.24822
3.21225
3.18015
3.15345
3.13525
4.22422
3.36668
3.49795
3.86629
3.75048
3.59806
3.53744
3.53817
3.49841
3.40943
3.32178
3.24924
3.19489
3.14128
3.07713
3.00761
2.93821
2.87445
2.81806
2.76429
2.70787
2.66575
2.64685
2.64194
2.65771
2.71661
2.82116
2.96548
3.13385
3.3099
3.48411
3.65102
3.80785
3.95304
4.08477
4.20326
4.3097
4.40477
4.49331
4.57302
4.64207
4.70201
4.75356
4.79781
4.83592
4.86787
4.89212
4.90959
4.92096
4.92711
4.92822
4.9269
4.92223
4.9117
4.89525
4.8768
4.8564
4.83375
4.80874
4.78153
4.75229
4.72122
4.68843
4.65409
4.61829
4.58116
4.54279
4.5033
4.46275
4.42125
4.37888
4.3357
4.29181
4.24725
4.20211
4.15645
4.11034
4.06384
4.01702
3.96995
3.9227
3.87536
3.82798
3.78065
3.73344
3.6864
3.63961
3.59314
3.54705
3.50144
3.45639
3.41206
3.36859
3.32625
3.28536
3.2464
3.21019
3.17778
3.15058
3.13186
5.06755
4.10908
3.80182
3.8167
3.76404
3.63629
3.54425
3.51084
3.46232
3.39322
3.31659
3.25133
3.20331
3.14603
3.07518
3.00171
2.92925
2.86256
2.80547
2.75661
2.71038
2.66794
2.64194
2.6331
2.64423
2.69638
2.79553
2.93969
3.11084
3.2881
3.46229
3.62878
3.78656
3.93452
4.06779
4.18724
4.29485
4.39214
4.48102
4.56116
4.63092
4.69161
4.74398
4.78892
4.82707
4.85876
4.88346
4.90146
4.91333
4.91978
4.92104
4.92002
4.91624
4.9072
4.89054
4.87153
4.8509
4.82838
4.80362
4.77663
4.74755
4.7166
4.68393
4.64971
4.61403
4.57704
4.5388
4.49944
4.45904
4.41768
4.37544
4.3324
4.28863
4.24419
4.19916
4.1536
4.10758
4.06115
4.0144
3.9674
3.92021
3.87292
3.8256
3.77832
3.73115
3.68416
3.6374
3.59094
3.54487
3.49924
3.45417
3.40979
3.36622
3.32373
3.28273
3.24361
3.20702
3.17399
3.14593
3.12633
5.48486
4.55138
4.03986
3.86148
3.78573
3.67275
3.57004
3.51494
3.45875
3.3879
3.31102
3.24423
3.18883
3.13199
3.06638
2.99474
2.92409
2.8586
2.80288
2.75297
2.70556
2.66584
2.6323
2.6153
2.62634
2.67961
2.77221
2.91323
3.08168
3.25983
3.43518
3.60312
3.76142
3.90919
4.04303
4.1638
4.27282
4.37146
4.46087
4.54136
4.61224
4.67405
4.7274
4.77318
4.8119
4.844
4.86929
4.888
4.9005
4.90743
4.90895
4.90816
4.90514
4.89772
4.88258
4.86299
4.84184
4.81929
4.79477
4.76812
4.73934
4.70867
4.67624
4.64225
4.60681
4.57004
4.53205
4.49293
4.45277
4.41164
4.36963
4.32681
4.28325
4.23902
4.19417
4.14877
4.1029
4.0566
4.00996
3.96305
3.91597
3.86876
3.82154
3.77434
3.72726
3.68033
3.63365
3.58723
3.54122
3.49559
3.4505
3.40608
3.36258
3.32001
3.27878
3.23921
3.20205
3.16817
3.13899
3.11811
5.71434
4.86783
4.29479
3.97913
3.83775
3.72779
3.6219
3.5374
3.46962
3.3963
3.31822
3.2479
3.18714
3.12577
3.0586
2.98752
2.91827
2.85414
2.79796
2.7479
2.70282
2.66529
2.63784
2.62643
2.63563
2.68023
2.77611
2.90647
3.0609
3.22695
3.39763
3.56398
3.72181
3.86938
4.00462
4.12753
4.23872
4.33953
4.43065
4.51265
4.58519
4.64862
4.70336
4.75029
4.78987
4.82268
4.84876
4.86842
4.88189
4.8897
4.89187
4.89129
4.88898
4.88313
4.87075
4.85149
4.83008
4.80736
4.78299
4.75672
4.72841
4.69817
4.66615
4.63252
4.59742
4.56098
4.52331
4.48451
4.44466
4.40383
4.36212
4.31957
4.27628
4.23228
4.18765
4.14245
4.09675
4.05061
4.00413
3.95736
3.91041
3.86334
3.81626
3.76919
3.72222
3.67541
3.62884
3.58244
3.53652
3.49102
3.44612
3.40173
3.35814
3.31543
3.27393
3.23395
3.19615
3.16139
3.13099
3.10853
5.86111
5.11166
4.53583
4.16039
3.9416
3.79877
3.68044
3.58191
3.49683
3.41748
3.33747
3.26137
3.19385
3.12881
3.06083
2.99052
2.92231
2.85922
2.80417
2.75682
2.71681
2.68649
2.66859
2.66939
2.68366
2.72886
2.81982
2.92832
3.05466
3.19075
3.33935
3.49727
3.65562
3.80724
3.94819
4.07606
4.19095
4.29447
4.3878
4.47185
4.54665
4.6124
4.66934
4.71811
4.75922
4.7933
4.82066
4.84164
4.8565
4.86561
4.86899
4.86861
4.86696
4.8626
4.85311
4.83562
4.81469
4.79193
4.76764
4.7417
4.71392
4.68427
4.65282
4.61972
4.58511
4.54913
4.5119
4.47351
4.43406
4.39362
4.35228
4.31007
4.2671
4.22339
4.17903
4.13406
4.08857
4.04262
3.99632
3.94972
3.90295
3.85605
3.80915
3.76225
3.71535
3.66872
3.62237
3.57632
3.53057
3.48517
3.44029
3.39591
3.35225
3.30939
3.26765
3.22727
3.18886
3.15322
3.12163
3.0976
5.95983
5.29817
4.74516
4.33833
4.06516
3.88155
3.74325
3.63085
3.53535
3.44877
3.36567
3.28567
3.21075
3.14013
3.0709
3.00144
2.93435
2.87328
2.8215
2.78176
2.75487
2.74205
2.74472
2.76004
2.80067
2.86844
2.93306
3.00052
3.07915
3.17493
3.2719
3.39395
3.54354
3.7019
3.85796
3.99998
4.12522
4.23525
4.33239
4.41906
4.4962
4.5646
4.62431
4.67574
4.71928
4.75551
4.78484
4.80773
4.82447
4.83541
4.84073
4.84064
4.83965
4.83664
4.82971
4.81552
4.79588
4.77362
4.7496
4.72398
4.69669
4.66767
4.6369
4.60447
4.57049
4.53509
4.49841
4.46053
4.42156
4.38157
4.34065
4.29885
4.25624
4.21286
4.16879
4.12408
4.07883
4.03309
3.98701
3.94061
3.89409
3.84739
3.8007
3.75404
3.70769
3.6613
3.61517
3.56925
3.52365
3.47834
3.4335
3.38913
3.34543
3.30247
3.26051
3.21979
3.18083
3.14437
3.11171
3.08605
6.02776
5.4398
4.9198
4.50404
4.19664
3.97706
3.81469
3.68583
3.57944
3.48526
3.39775
3.3144
3.23597
3.1624
3.09151
3.02302
2.9576
2.90021
2.85583
2.83061
2.82566
2.83147
2.85516
2.91501
3.01468
3.07812
3.10916
3.13141
3.15193
3.18127
3.24135
3.29969
3.3945
3.53846
3.7075
3.87383
4.02258
4.15075
4.2598
4.35351
4.43446
4.50572
4.56809
4.62233
4.66884
4.70797
4.74017
4.76575
4.78501
4.79832
4.80598
4.80759
4.80699
4.80491
4.79989
4.7894
4.77224
4.75141
4.72813
4.70302
4.67626
4.64789
4.61786
4.5862
4.55299
4.51831
4.4823
4.44503
4.40664
4.36718
4.32675
4.28539
4.24319
4.20017
4.15643
4.112
4.06702
4.02154
3.97573
3.92954
3.88332
3.83706
3.79083
3.74457
3.69843
3.65232
3.60637
3.56059
3.51511
3.46992
3.42517
3.38087
3.33719
3.2942
3.25211
3.21115
3.17174
3.13461
3.10104
3.07395
6.07569
5.54788
5.06331
4.65278
4.32778
4.081
3.89455
3.74871
3.62958
3.52718
3.43433
3.34784
3.26614
3.1899
3.11755
3.04972
2.98748
2.93689
2.90637
2.9067
2.91529
2.94631
3.02291
3.17952
3.30846
3.34598
3.34182
3.32422
3.28187
3.23719
3.24031
3.26176
3.31036
3.39193
3.51779
3.68732
3.85724
4.01494
4.15104
4.26448
4.35788
4.43587
4.50197
4.55914
4.60838
4.65035
4.68585
4.71478
4.73733
4.75377
4.76439
4.76903
4.76885
4.76771
4.7645
4.75742
4.74348
4.72492
4.70313
4.679
4.65302
4.62538
4.59616
4.56534
4.53298
4.49914
4.4639
4.42737
4.38964
4.35078
4.3109
4.27004
4.22827
4.18563
4.14224
4.09811
4.05346
4.00823
3.96279
3.91721
3.87146
3.8256
3.77973
3.73377
3.68786
3.64198
3.59624
3.55066
3.50535
3.46034
3.41572
3.37154
3.32792
3.28495
3.2428
3.20166
3.16195
3.12426
3.08999
3.06165
6.10984
5.63118
5.1806
4.78292
4.45202
4.18764
3.98086
3.8177
3.68545
3.57405
3.4747
3.38514
3.30032
3.22216
3.14916
3.08289
3.02648
2.9881
2.98611
2.99527
3.02874
3.11337
3.29621
3.5398
3.65459
3.65112
3.626
3.56069
3.4327
3.32854
3.27074
3.2717
3.28695
3.3271
3.39433
3.49669
3.64228
3.81057
3.97534
4.12176
4.24365
4.342
4.42069
4.48482
4.53821
4.58343
4.62197
4.65414
4.68041
4.70067
4.71497
4.72341
4.72571
4.7252
4.72334
4.71883
4.70937
4.69372
4.67411
4.65159
4.6268
4.60012
4.57179
4.54187
4.51042
4.47748
4.44311
4.40738
4.3704
4.33221
4.29294
4.25261
4.2113
4.16906
4.12602
4.08221
4.03791
3.99332
3.94844
3.90335
3.85807
3.81258
3.767
3.72132
3.67566
3.63004
3.58455
3.53921
3.49412
3.44932
3.40489
3.36087
3.31738
3.27448
3.23235
3.19114
3.15123
3.11314
3.07836
3.04894
6.13461
5.69645
5.27676
4.89553
4.56607
4.29211
4.0702
3.89164
3.74626
3.62487
3.51937
3.42531
3.33796
3.25888
3.18635
3.12419
3.07774
3.06804
3.07615
3.10718
3.1879
3.36456
3.715
3.96516
4.00938
3.98857
3.92317
3.78051
3.60309
3.46107
3.36459
3.31266
3.30851
3.31774
3.34775
3.40103
3.47994
3.59086
3.74576
3.90837
4.06277
4.19622
4.30429
4.38898
4.45506
4.50753
4.55029
4.5858
4.61521
4.63918
4.65742
4.66989
4.67667
4.67764
4.6769
4.67448
4.66887
4.65744
4.64069
4.62038
4.59731
4.57197
4.54475
4.51584
4.48536
4.45337
4.41993
4.38508
4.34891
4.31148
4.27287
4.23312
4.19231
4.15049
4.10786
4.06466
4.02103
3.97703
3.93271
3.88807
3.84318
3.79805
3.75279
3.70743
3.66207
3.61675
3.57154
3.52648
3.48165
3.43709
3.39289
3.34908
3.30576
3.26302
3.22098
3.1798
3.13982
3.10148
3.06636
3.03607
6.15281
5.74819
5.35583
4.99227
4.66886
4.39143
4.15967
3.96874
3.81151
3.68019
3.56767
3.46876
3.37966
3.29981
3.22991
3.17622
3.15598
3.16238
3.18965
3.26415
3.43378
3.78608
4.21024
4.37773
4.36664
4.31527
4.19143
3.97647
3.77904
3.6199
3.50019
3.41661
3.36655
3.34755
3.35122
3.36875
3.40691
3.4604
3.545
3.66926
3.82281
3.97975
4.12334
4.24401
4.33926
4.41176
4.46666
4.50908
4.54275
4.56996
4.59163
4.60804
4.61923
4.6249
4.62506
4.62419
4.6214
4.61503
4.60223
4.58479
4.56399
4.54046
4.51469
4.487
4.45762
4.42665
4.39419
4.36027
4.32499
4.28836
4.25046
4.21131
4.17099
4.12973
4.08782
4.04534
4.00238
3.95894
3.9151
3.87089
3.82639
3.78166
3.73677
3.69178
3.64678
3.60179
3.55691
3.51217
3.46764
3.42337
3.37945
3.3359
3.29283
3.2503
3.20844
3.16738
3.12746
3.08901
3.05374
3.0228
6.1656
5.78904
5.42156
5.07557
4.76141
4.48453
4.24748
4.04755
3.88031
3.73975
3.62001
3.51623
3.42513
3.3471
3.28339
3.25187
3.25624
3.27894
3.34471
3.49932
3.82756
4.37293
4.70282
4.73133
4.69871
4.60221
4.39904
4.16374
3.96126
3.79611
3.66331
3.55839
3.47851
3.42287
3.38711
3.38226
3.38868
3.40797
3.44531
3.50329
3.59639
3.72977
3.87943
4.02862
4.16166
4.27032
4.35352
4.41491
4.45989
4.49345
4.51924
4.53909
4.5542
4.56409
4.56897
4.56887
4.56783
4.56477
4.55798
4.54441
4.52649
4.50527
4.48136
4.45519
4.4271
4.39728
4.36588
4.33297
4.29864
4.26287
4.22572
4.18719
4.14763
4.10723
4.06613
4.02438
3.98204
3.93916
3.89582
3.85209
3.80805
3.76375
3.71929
3.67471
3.63009
3.58548
3.54096
3.49657
3.45239
3.40846
3.36485
3.32163
3.27885
3.23661
3.195
3.15416
3.1144
3.07598
3.04072
3.00926
6.17758
5.82272
5.47712
5.14813
4.84461
4.57192
4.33269
4.12696
3.95179
3.80313
3.67669
3.56847
3.47689
3.40342
3.35742
3.35972
3.37783
3.43544
3.57496
3.87302
4.46823
4.946
5.07573
5.05384
4.97772
4.80803
4.56422
4.33897
4.14561
3.98134
3.84116
3.72158
3.62067
3.53801
3.47298
3.42787
3.39984
3.40074
3.40817
3.42715
3.46691
3.53047
3.63533
3.77135
3.91864
4.06021
4.1826
4.27944
4.35103
4.40197
4.43799
4.46385
4.48276
4.49651
4.50545
4.50943
4.50928
4.50817
4.50496
4.49778
4.48387
4.46562
4.44408
4.41981
4.39329
4.36481
4.33462
4.30283
4.26952
4.23465
4.19829
4.16067
4.12207
4.08257
4.04228
4.00123
3.95953
3.91724
3.87446
3.83125
3.78772
3.74391
3.69992
3.65579
3.61161
3.56743
3.52333
3.47934
3.43556
3.39202
3.3488
3.30595
3.26355
3.22168
3.18042
3.13989
3.10043
3.06218
3.02709
2.99533
6.18995
5.85273
5.5266
5.21398
4.92142
4.65426
4.41564
4.20612
4.02513
3.86986
3.73801
3.62702
3.53918
3.47573
3.47335
3.48754
3.5388
3.66837
3.95098
4.52456
5.12575
5.36767
5.35916
5.3096
5.18569
4.94903
4.717
4.51126
4.33001
4.16895
4.02438
3.89437
3.77821
3.67611
3.58838
3.51563
3.45903
3.42002
3.40241
3.40417
3.41133
3.43176
3.47525
3.54716
3.66209
3.79911
3.94298
4.07621
4.18762
4.27294
4.33395
4.37564
4.40371
4.42271
4.43561
4.44348
4.44677
4.44655
4.44533
4.442
4.43469
4.42054
4.40213
4.38036
4.35582
4.32898
4.30021
4.26968
4.23748
4.20359
4.16828
4.13177
4.09421
4.05566
4.01621
3.97594
3.93496
3.89334
3.85119
3.80858
3.76561
3.72235
3.67888
3.63525
3.59156
3.54786
3.50421
3.46069
3.41735
3.37427
3.33149
3.28909
3.24713
3.20569
3.16487
3.12477
3.08572
3.04779
3.01303
2.98114
6.20894
5.88475
5.57456
5.27613
4.99392
4.73258
4.49567
4.28451
4.09968
3.94005
3.80506
3.69608
3.61659
3.59621
3.60863
3.65513
3.77609
4.04379
4.59338
5.26481
5.61129
5.62757
5.59473
5.50017
5.30262
5.07485
4.86775
4.68181
4.51165
4.35361
4.2059
4.06827
3.94102
3.82487
3.72041
3.6284
3.54944
3.4842
3.43518
3.40206
3.39296
3.39351
3.40041
3.42295
3.47213
3.55682
3.67791
3.81519
3.95425
4.07927
4.18019
4.25443
4.30516
4.33812
4.35885
4.3716
4.3789
4.38123
4.38089
4.37952
4.376
4.36842
4.35422
4.33578
4.31392
4.28923
4.26221
4.23315
4.20218
4.16951
4.13546
4.10015
4.06369
4.02613
3.98761
3.94819
3.90801
3.86713
3.82569
3.78375
3.74142
3.69875
3.65586
3.6128
3.56965
3.52648
3.48336
3.44037
3.39754
3.35498
3.31272
3.27085
3.22941
3.18852
3.14824
3.10869
3.07019
3.03274
2.9985
2.9667
6.24385
5.92247
5.6227
5.33575
5.0627
4.80734
4.57305
4.3619
4.17545
4.01429
3.88154
3.78039
3.73814
3.74753
3.78806
3.89942
4.15147
4.67428
5.3925
5.81709
5.8792
5.85367
5.77434
5.60632
5.39579
5.19811
5.01748
4.84852
4.68686
4.531
4.38105
4.23802
4.10288
3.9767
3.86018
3.754
3.65864
3.57475
3.50308
3.44509
3.40193
3.38033
3.36944
3.37024
3.3787
3.40569
3.46309
3.55833
3.68353
3.82149
3.95522
4.07077
4.16062
4.22411
4.2653
4.2902
4.30428
4.31128
4.31275
4.31227
4.31064
4.30676
4.29862
4.28461
4.26642
4.24469
4.22003
4.19279
4.16338
4.13221
4.09955
4.06551
4.03022
3.99377
3.95628
3.91783
3.87856
3.83854
3.7979
3.75672
3.7151
3.67313
3.63089
3.58846
3.54593
3.50336
3.46084
3.41843
3.3762
3.33424
3.29257
3.25132
3.21051
3.17026
3.13064
3.09176
3.05398
3.01719
2.98365
2.95222
6.30614
5.96955
5.67214
5.39327
5.12819
4.87872
4.64804
4.43879
4.25371
4.09617
3.97281
3.90275
3.90828
3.94221
4.04334
4.27953
4.77468
5.51868
5.99643
6.10677
6.08807
6.02281
5.87936
5.68219
5.4956
5.32553
5.16487
5.00787
4.85219
4.69807
4.54693
4.40044
4.26
4.12681
4.00168
3.88524
3.77795
3.68024
3.5926
3.51586
3.4507
3.39976
3.36382
3.34893
3.33485
3.33636
3.34802
3.3809
3.44936
3.55457
3.68184
3.81762
3.94506
4.05125
4.1302
4.18321
4.21535
4.23266
4.24044
4.24122
4.2406
4.23869
4.23438
4.2256
4.21179
4.19397
4.17257
4.14791
4.12063
4.09125
4.06014
4.0275
3.99352
3.9583
3.92197
3.88462
3.84637
3.80732
3.76759
3.72728
3.68647
3.64527
3.60377
3.56206
3.52022
3.47834
3.43649
3.39477
3.35322
3.31194
3.27098
3.23044
3.19038
3.15088
3.11208
3.07403
3.03714
3.00126
2.96865
2.93794
6.38213
6.02784
5.72404
5.44897
5.19053
4.94727
4.72153
4.51692
4.3378
4.19388
4.09251
4.09377
4.12063
4.21083
4.43214
4.90242
5.65791
6.17433
6.32506
6.30979
6.25276
6.1246
5.93986
5.76437
5.60557
5.45588
5.30803
5.15837
5.00655
4.85397
4.70256
4.55414
4.41036
4.27241
4.14122
4.01737
3.90134
3.79344
3.6941
3.6037
3.52267
3.45257
3.39434
3.34852
3.32136
3.3024
3.29248
3.29569
3.31166
3.35078
3.4301
3.54147
3.67264
3.80554
3.92522
4.02101
4.089
4.13177
4.15516
4.16536
4.16661
4.16589
4.16369
4.15891
4.14937
4.13582
4.11837
4.09724
4.07291
4.04591
4.01675
3.98577
3.95328
3.91944
3.88441
3.84829
3.8112
3.77325
3.73456
3.69522
3.65534
3.61503
3.57437
3.53349
3.49245
3.45136
3.41029
3.36935
3.32859
3.28811
3.24797
3.20827
3.16907
3.1305
3.09266
3.05565
3.01989
2.9852
2.95381
2.92429
6.4781
6.10413
5.78295
5.50499
5.25107
5.01437
4.79586
4.6001
4.43641
4.31662
4.29398
4.31745
4.40239
4.61502
5.06929
5.82567
6.36451
6.53817
6.52519
6.47321
6.35391
6.17483
6.00785
5.85992
5.72207
5.58524
5.44477
5.29935
5.15012
4.99882
4.84767
4.69845
4.55283
4.41187
4.2765
4.14735
4.02492
3.90949
3.80144
3.701
3.60875
3.52489
3.45034
3.38598
3.33333
3.29504
3.27107
3.2501
3.24376
3.24921
3.27035
3.3179
3.41091
3.52498
3.65556
3.78397
3.89514
3.98
4.03705
4.07009
4.08551
4.08864
4.08789
4.08548
4.08021
4.07032
4.05675
4.03953
4.01884
3.99499
3.96846
3.93969
3.90908
3.87689
3.84334
3.8086
3.77281
3.7361
3.69857
3.66034
3.62152
3.58222
3.54255
3.50261
3.4625
3.42233
3.38217
3.34213
3.30228
3.26273
3.22354
3.18483
3.14667
3.1092
3.07254
3.03683
3.00247
2.96938
2.93957
2.91193
6.48567
6.19908
5.85514
5.56609
5.31349
5.08371
4.87561
4.69773
4.56204
4.51904
4.53946
4.61974
4.82669
5.27231
6.03061
6.58147
6.76672
6.75423
6.70072
6.57794
6.39557
6.23223
6.09262
5.96547
5.83997
5.70984
5.5731
5.43019
5.28288
5.13306
4.9828
4.83366
4.68719
4.54437
4.40623
4.27322
4.14608
4.02511
3.91068
3.80295
3.702
3.60823
3.52212
3.44418
3.37521
3.31658
3.26908
3.23688
3.21127
3.19203
3.19246
3.20084
3.22681
3.28281
3.38184
3.50097
3.63012
3.75274
3.85458
3.92864
3.97509
3.99912
4.00658
4.00596
4.00374
3.99848
3.98827
3.97465
3.95756
3.93727
3.91406
3.88824
3.86013
3.83005
3.79832
3.76519
3.73088
3.69555
3.65934
3.62238
3.58477
3.54666
3.50812
3.4693
3.43027
3.39117
3.35207
3.31309
3.2743
3.23584
3.19776
3.16022
3.1233
3.08717
3.05197
3.01788
2.98532
2.95438
2.92666
2.90188
6.45233
6.27238
5.93483
5.63517
5.38151
5.15982
4.96999
4.82261
4.76473
4.78328
4.86178
5.06869
5.51658
6.27984
6.83494
7.01938
7.00417
6.94119
6.80081
6.61055
6.44738
6.31242
6.19287
6.07641
5.95564
5.82767
5.69239
5.55107
5.40545
5.2573
5.1083
4.95985
4.8133
4.66958
4.5297
4.39421
4.26378
4.13867
4.01928
3.90577
3.79838
3.69727
3.60267
3.51491
3.43441
3.36181
3.29815
3.24406
3.20331
3.17216
3.14738
3.1321
3.13443
3.14724
3.17991
3.24742
3.34912
3.4711
3.59745
3.71278
3.80447
3.86751
3.90332
3.91933
3.91928
3.9177
3.91323
3.9038
3.88976
3.87263
3.85288
3.83049
3.80548
3.77809
3.74865
3.71753
3.68501
3.65132
3.61663
3.58114
3.54494
3.50819
3.47098
3.43345
3.39569
3.35783
3.31996
3.28221
3.24467
3.20749
3.17074
3.1346
3.09918
3.06469
3.0313
2.99931
2.96908
2.94111
2.91622
2.89575
6.3496
6.26495
6.0524
5.73045
5.46432
5.25247
5.09301
5.02559
5.04391
5.12475
5.33969
5.80557
6.582
7.13485
7.30628
7.28568
7.20702
7.03735
6.83539
6.66607
6.53041
6.4139
6.30256
6.18815
6.06703
5.93858
5.80351
5.66321
5.51906
5.37254
5.22493
5.07749
4.93131
4.78736
4.64648
4.50933
4.37652
4.24838
4.12535
4.00754
3.89525
3.78851
3.68755
3.59246
3.50355
3.42111
3.34574
3.2779
3.21916
3.16961
3.13399
3.10204
3.07839
3.0679
3.07226
3.08933
3.12882
3.20835
3.31255
3.43481
3.55727
3.66392
3.74454
3.79615
3.82274
3.82906
3.82787
3.82412
3.81576
3.80201
3.7856
3.76636
3.74443
3.72003
3.69343
3.66487
3.63461
3.60296
3.57013
3.53637
3.50183
3.46667
3.431
3.39497
3.35867
3.32226
3.28583
3.24953
3.21345
3.17779
3.14263
3.10819
3.07461
3.04218
3.01111
2.98188
2.95479
2.93095
2.91009
2.89584
6.25279
6.22275
6.10334
5.84602
5.57291
5.37668
5.29769
5.31745
5.40501
5.63716
6.13896
6.94239
7.48939
7.63571
7.60657
7.50544
7.29422
7.07331
6.89343
6.75268
6.63472
6.52474
6.41347
6.29657
6.17296
6.04295
5.90754
5.76777
5.6248
5.47966
5.33341
5.18705
5.04153
4.89774
4.75642
4.61829
4.48385
4.3536
4.22783
4.1068
3.99071
3.87965
3.77377
3.67311
3.57789
3.48821
3.4044
3.32677
3.25595
3.19275
3.13766
3.09411
3.05816
3.02804
3.00511
3.00428
3.01048
3.03097
3.07604
3.16372
3.27195
3.39232
3.50887
3.60572
3.67521
3.71557
3.73378
3.73336
3.73096
3.72488
3.71243
3.69607
3.67672
3.65527
3.63182
3.60635
3.57897
3.54992
3.51946
3.48784
3.45527
3.42197
3.38808
3.35378
3.31918
3.28445
3.24969
3.2151
3.18077
3.14692
3.11369
3.08134
3.05009
3.0203
2.9923
2.96677
2.94415
2.926
2.9109
2.90089
6.02757
6.14814
6.09775
5.96097
5.71579
5.58823
5.60744
5.70247
5.95947
6.5149
7.36509
7.90446
8.01221
7.97089
7.84059
7.57645
7.3302
7.13548
6.98549
6.86252
6.75019
6.63892
6.52334
6.40187
6.27472
6.14247
6.00608
5.86623
5.72386
5.57962
5.43444
5.289
5.14419
5.00073
4.85935
4.72068
4.58524
4.45351
4.32577
4.20234
4.08335
3.96897
3.85925
3.75433
3.65422
3.55908
3.46898
3.38418
3.3049
3.23164
3.16482
3.10572
3.05473
3.01548
2.9778
2.95014
2.93172
2.93344
2.94334
2.96957
3.02463
3.11544
3.2262
3.34409
3.4531
3.53921
3.59723
3.62822
3.63563
3.63432
3.62974
3.61965
3.60354
3.58515
3.56449
3.54196
3.51762
3.49161
3.46402
3.43506
3.4049
3.37384
3.34205
3.30978
3.27715
3.2444
3.21161
3.17904
3.14679
3.11517
3.08432
3.05462
3.02637
3.00007
2.97627
2.95583
2.94006
2.9282
2.91816
2.91504
5.48597
6.04323
6.07392
6.03467
5.93443
5.94597
6.03971
6.31777
6.92634
7.84504
8.38202
8.43702
8.37766
8.20713
7.88876
7.61178
7.39853
7.2364
7.10498
6.98704
6.87214
6.75393
6.63135
6.50414
6.37283
6.23788
6.09996
5.9595
5.81715
5.67334
5.52881
5.38404
5.23985
5.09677
4.95553
4.81663
4.68062
4.5479
4.4188
4.29357
4.17241
4.05544
3.94277
3.83446
3.73055
3.63114
3.53621
3.44597
3.36043
3.27989
3.2046
3.13508
3.07217
3.01612
2.96996
2.92967
2.89447
2.86807
2.85751
2.86081
2.87417
2.906
2.9712
3.06516
3.17647
3.2905
3.39012
3.46655
3.51107
3.53311
3.53284
3.53044
3.5242
3.51104
3.49294
3.47258
3.45085
3.42782
3.40332
3.37743
3.35021
3.3219
3.29267
3.26284
3.23256
3.20213
3.17169
3.14154
3.11185
3.08298
3.05519
3.02892
3.00471
2.98312
2.96522
2.95272
2.94385
2.93828
2.93878
2.94218
4.25146
5.73783
6.04033
6.11337
6.18732
6.36111
6.74661
7.52805
8.41606
8.91814
8.91144
8.81818
8.58589
8.23106
7.92171
7.6855
7.5092
7.36733
7.2407
7.11808
6.9943
6.86714
6.73665
6.60334
6.46753
6.32956
6.18965
6.0481
5.9052
5.76135
5.61699
5.47264
5.32882
5.18611
5.04503
4.90613
4.76981
4.63649
4.50644
4.37994
4.25715
4.13819
4.02322
3.91224
3.80534
3.70248
3.60381
3.50931
3.41899
3.33291
3.25131
3.17446
3.10279
3.03673
2.97712
2.92525
2.88134
2.84033
2.80809
2.78367
2.7832
2.78814
2.8046
2.84157
2.91592
3.01365
3.12456
3.23289
3.32341
3.38551
3.41899
3.43045
3.42941
3.4253
3.41591
3.39896
3.38015
3.35953
3.33771
3.31485
3.29083
3.26574
3.23963
3.21278
3.18538
3.15777
3.13019
3.103
3.0765
3.05113
3.02734
3.00564
2.98707
2.97176
2.96397
2.95789
2.95837
2.96193
2.97206
2.99562
2.77505
5.00171
5.91876
6.27029
6.61165
7.20435
8.1891
9.13804
9.52937
9.49126
9.32149
8.95893
8.58127
8.25565
7.99883
7.80703
7.65295
7.51578
7.38324
7.25004
7.11494
6.97788
6.83947
6.69999
6.55951
6.41812
6.27575
6.13253
5.98856
5.84415
5.69955
5.55526
5.41161
5.26917
5.12828
4.98948
4.85305
4.71941
4.58874
4.46133
4.33732
4.21681
4.09999
3.98687
3.87747
3.77183
3.66997
3.57184
3.47764
3.38736
3.30109
3.21886
3.14091
3.06746
2.999
2.93631
2.87985
2.83176
2.78731
2.74793
2.71935
2.70273
2.70427
2.71246
2.73425
2.7806
2.86254
2.96298
3.07188
3.17205
3.24908
3.29684
3.32186
3.32493
3.32314
3.31782
3.30588
3.28816
3.26883
3.24849
3.22738
3.20551
3.18286
3.15951
3.13562
3.11149
3.08749
3.06406
3.04168
3.02093
3.00249
2.98722
2.97623
2.97156
2.97168
2.97426
2.98289
3.00245
3.03232
3.09282
2.03312
3.47523
5.54886
6.55162
7.50761
8.91066
10.0145
10.287
10.1925
9.89923
9.3674
8.93783
8.59644
8.32927
8.13028
7.96602
7.81708
7.6725
7.52744
7.38099
7.23385
7.0869
6.94044
6.79462
6.64909
6.50377
6.35834
6.21288
6.0673
5.92187
5.77658
5.63199
5.48825
5.34591
5.20516
5.06651
4.93009
4.79631
4.66526
4.53723
4.41237
4.29083
4.17262
4.05775
3.94644
3.83854
3.73412
3.63314
3.5357
3.44182
3.35156
3.26495
3.18213
3.10324
3.02854
2.95833
2.89326
2.83349
2.78141
2.73343
2.69038
2.65514
2.62944
2.62377
2.62685
2.63806
2.66618
2.72351
2.81034
2.9137
3.01877
3.10681
3.16985
3.20549
3.22156
3.22111
3.21835
3.21129
3.19691
3.1799
3.16145
3.14247
3.12316
3.10351
3.08361
3.06373
3.04426
3.02574
3.00886
2.9944
2.98344
2.97704
2.97756
2.98015
2.9881
3.00546
3.03497
3.08541
3.13213
3.22561
1.60941
2.51773
4.61777
7.00294
9.4277
11.021
11.1732
10.9844
10.4885
9.84703
9.3268
8.95003
8.6683
8.46813
8.30115
8.14393
7.98725
7.82889
7.66917
7.50948
7.35089
7.19449
7.03988
6.88746
6.73643
6.58662
6.43749
6.28922
6.14143
5.99453
5.84836
5.70335
5.55939
5.41708
5.27633
5.1377
5.00121
4.86727
4.73596
4.60756
4.48202
4.35953
4.24013
4.12385
4.01078
3.9009
3.79431
3.69093
3.59086
3.49406
3.4006
3.31051
3.22386
3.14072
3.06127
2.98565
2.91422
2.84729
2.78546
2.72983
2.67936
2.63301
2.59263
2.56301
2.54425
2.54489
2.55032
2.56637
2.60179
2.67283
2.76558
2.86886
2.96426
3.03834
3.08711
3.11296
3.12099
3.12005
3.11645
3.10832
3.0938
3.0784
3.06228
3.04623
3.03053
3.01561
3.00173
2.98983
2.98032
2.97452
2.97506
2.97815
2.98591
3.00219
3.02836
3.07194
3.12776
3.20674
3.27196
3.3847
1.40697
2.03742
3.66878
7.49823
12.0845
12.2592
11.895
11.0687
10.3218
9.72875
9.32931
9.02883
8.82177
8.65458
8.49244
8.32551
8.15378
7.97979
7.80612
7.63439
7.46539
7.29964
7.13705
6.97739
6.8204
6.66558
6.51241
6.36081
6.2105
6.06166
5.91415
5.76822
5.62382
5.48128
5.34056
5.20199
5.06561
4.93168
4.80025
4.67148
4.54544
4.42221
4.30187
4.18443
4.06998
3.9585
3.85007
3.74467
3.64233
3.54309
3.44694
3.35397
3.26417
3.17764
3.09447
3.01474
2.93868
2.86646
2.79848
2.73513
2.67717
2.62462
2.57546
2.53245
2.49789
2.47377
2.46581
2.46808
2.47731
2.50062
2.54926
2.63065
2.72773
2.82509
2.9076
2.96721
3.00404
3.02178
3.02632
3.02522
3.02154
3.01354
3.0015
2.98978
2.97859
2.96964
2.96219
2.95938
2.96021
2.96387
2.97316
2.99041
3.01471
3.05326
3.10899
3.18163
3.26223
3.36038
3.43653
3.54909
1.3456
1.93071
3.65569
8.42767
12.949
12.5792
11.6678
10.7656
10.1118
9.71114
9.41161
9.20428
9.03338
8.86316
8.68482
8.49975
8.31162
8.12379
7.9382
7.75587
7.57729
7.4025
7.23154
7.06408
6.90034
6.73989
6.58231
6.42703
6.27397
6.12287
5.97388
5.82678
5.6818
5.53879
5.398
5.2593
5.12301
4.98898
4.85751
4.72845
4.6021
4.47827
4.35722
4.23879
4.1232
4.01034
3.90034
3.79319
3.68893
3.58762
3.48921
3.39387
3.30147
3.21225
3.12608
3.04321
2.96361
2.88753
2.81509
2.74663
2.68245
2.62319
2.56895
2.51824
2.47309
2.43536
2.40793
2.3909
2.39151
2.39645
2.41127
2.44424
2.51082
2.5987
2.69469
2.78222
2.85137
2.89804
2.92517
2.93807
2.94181
2.9412
2.93923
2.93506
2.9298
2.9298
2.93097
2.93525
2.94558
2.96688
2.99007
3.02607
3.07771
3.14781
3.23176
3.32799
3.42454
3.52565
3.59739
3.69212
1.33557
1.93242
3.74663
9.09409
12.517
11.9854
11.0235
10.4107
10.0515
9.78967
9.59854
9.42429
9.24181
9.04967
8.85165
8.65134
8.45145
8.25365
8.05894
7.86786
7.68081
7.49788
7.31916
7.14427
6.97351
6.80701
6.64463
6.48551
6.32956
6.17621
6.02563
5.87737
5.73168
5.5882
5.44724
5.30847
5.17223
5.0382
4.90676
4.77756
4.65099
4.52674
4.40514
4.28596
4.16944
4.05548
3.94421
3.83565
3.7298
3.62682
3.52655
3.42929
3.33479
3.24339
3.15487
3.06953
2.98724
2.90825
2.83256
2.76044
2.69204
2.6277
2.56788
2.51266
2.46108
2.41474
2.37542
2.34463
2.32363
2.31927
2.32193
2.33178
2.35582
2.40593
2.48474
2.57741
2.66746
2.74296
2.79823
2.83504
2.85588
2.86793
2.87504
2.8801
2.88481
2.89276
2.90509
2.9264
2.9532
2.98801
3.0346
3.1007
3.18421
3.28148
3.38597
3.4917
3.58663
3.67312
3.72796
3.79858
1.3327
1.92631
3.73657
9.12983
12.2218
11.5393
10.7426
10.3461
10.1225
9.95485
9.78125
9.59147
9.3904
9.18437
8.97721
8.7705
8.56508
8.36163
8.1608
7.96326
7.76955
7.58008
7.39508
7.21449
7.03793
6.86589
6.69858
6.53568
6.37668
6.22123
6.06894
5.91965
5.77311
5.62927
5.48799
5.34922
5.21291
5.079
4.94751
4.81834
4.69157
4.56713
4.44508
4.32542
4.20818
4.09344
3.98117
3.87155
3.76444
3.66013
3.55841
3.45961
3.36349
3.27034
3.18003
3.09272
3.00843
2.92717
2.84916
2.77431
2.70298
2.63515
2.57124
2.51155
2.45601
2.40421
2.35768
2.31741
2.28459
2.26165
2.252
2.25354
2.26042
2.27848
2.31702
2.38843
2.47539
2.56538
2.64527
2.70909
2.75505
2.78736
2.80965
2.82794
2.8461
2.8668
2.89713
2.93465
2.97994
3.03948
3.1202
3.21675
3.32507
3.43777
3.54574
3.64211
3.71959
3.78297
3.81919
3.87053
1.33734
1.93342
3.77584
9.25922
12.1684
11.4473
10.7146
10.3681
10.1947
10.0413
9.86625
9.67318
9.47172
9.26721
9.06153
8.85519
8.64867
8.44279
8.23857
8.03704
7.83904
7.64517
7.4558
7.27102
7.09071
6.91444
6.74316
6.57671
6.41485
6.25724
6.10334
5.95298
5.80568
5.66146
5.51991
5.38114
5.2448
5.11108
4.97958
4.8506
4.72371
4.59931
4.47696
4.35712
4.23936
4.12417
4.01116
3.90081
3.79277
3.6875
3.58469
3.48472
3.38736
3.2929
3.20121
3.11243
3.02659
2.94369
2.8639
2.78712
2.71363
2.64338
2.57668
2.51359
2.45466
2.3993
2.34808
2.3018
2.2613
2.22786
2.20359
2.19086
2.19176
2.19689
2.21124
2.24267
2.30587
2.38877
2.47886
2.56408
2.6366
2.69454
2.74002
2.77828
2.81469
2.85599
2.90551
2.9631
3.03808
3.13161
3.2407
3.35864
3.4768
3.58614
3.67962
3.7548
3.81055
3.85414
3.8774
3.91897
1.33622
1.93912
3.78839
9.29634
12.1056
11.3803
10.6576
10.3402
10.1911
10.0548
9.89105
9.70663
9.51252
9.3139
9.11228
8.9083
8.70271
8.49668
8.29149
8.08841
7.88843
7.6923
7.50049
7.3132
7.13049
6.9522
6.7781
6.60906
6.44489
6.28531
6.13
5.97856
5.83068
5.68602
5.54439
5.40553
5.26934
5.13564
5.00436
4.87539
4.74866
4.62416
4.50182
4.38171
4.26378
4.14813
4.03477
3.92377
3.81522
3.70912
3.60564
3.5047
3.40654
3.31101
3.21835
3.12844
3.04148
2.95735
2.87623
2.79807
2.723
2.65107
2.58236
2.51708
2.4553
2.39744
2.34302
2.29284
2.24734
2.20741
2.17422
2.14949
2.13594
2.1366
2.14096
2.15371
2.18203
2.23945
2.32065
2.41251
2.50458
2.58861
2.66245
2.72826
2.79125
2.86013
2.93355
3.02378
3.13175
3.25228
3.37832
3.5002
3.60939
3.7005
3.77217
3.82666
3.8664
3.89837
3.91657
3.95319
1.33532
1.93996
3.79427
9.31389
12.089
11.3562
10.6103
10.2967
10.1724
10.0545
9.90219
9.72461
9.53516
9.34015
9.14133
8.93941
8.73519
8.52993
8.32498
8.12167
7.92111
7.72408
7.53116
7.34261
7.1586
6.97909
6.80391
6.63332
6.46745
6.30635
6.14979
5.99745
5.84894
5.70395
5.56213
5.42327
5.28712
5.15354
5.02236
4.89351
4.76687
4.64239
4.52008
4.39987
4.28188
4.16597
4.05243
3.94103
3.83216
3.72553
3.62159
3.52002
3.42125
3.32503
3.23165
3.14098
3.05316
2.9682
2.8861
2.80698
2.73078
2.65766
2.58759
2.52074
2.45717
2.39714
2.34055
2.28774
2.23905
2.19497
2.15623
2.12408
2.09996
2.08776
2.0886
2.09325
2.10608
2.13445
2.19193
2.27456
2.3723
2.47496
2.57741
2.67629
2.77551
2.87697
2.98997
3.1142
3.24734
3.38091
3.50599
3.61474
3.70387
3.77368
3.8271
3.86817
3.89969
3.92677
3.94386
3.97827
1.33663
1.9376
3.79709
9.32654
12.0937
11.3494
10.5759
10.2595
10.1519
10.0512
9.90809
9.73458
9.54739
9.35434
9.1575
8.95737
8.75454
8.55017
8.34568
8.14253
7.94187
7.74459
7.55123
7.36214
7.17749
6.99736
6.8217
6.65043
6.48367
6.32166
6.16424
6.01119
5.86216
5.71683
5.57486
5.43593
5.29982
5.1663
5.03522
4.90642
4.77986
4.65543
4.53314
4.41292
4.29484
4.17888
4.06513
3.95359
3.84438
3.73752
3.63314
3.53124
3.43196
3.33529
3.24135
3.1501
3.06172
2.97607
2.89339
2.81345
2.73661
2.66254
2.59166
2.52367
2.459
2.39744
2.33939
2.28479
2.23393
2.18718
2.14501
2.1082
2.07805
2.05579
2.04785
2.04938
2.05544
2.07063
2.10284
2.16716
2.25733
2.36734
2.49214
2.62525
2.76611
2.91137
3.06342
3.21582
3.36184
3.49254
3.60319
3.69211
3.76175
3.8158
3.85839
3.89292
3.92128
3.94677
3.96368
3.9969
1.33622
1.93621
3.79779
9.33453
12.1065
11.3447
10.5511
10.2307
10.1339
10.0458
9.91024
9.73987
9.55409
9.36218
9.16658
8.96769
8.76591
8.56223
8.35813
8.15511
7.95445
7.75704
7.56345
7.37406
7.18905
7.00854
6.83248
6.66086
6.49386
6.33141
6.17345
6.01989
5.87048
5.72489
5.58279
5.44383
5.30777
5.17429
5.0433
4.91458
4.78809
4.6637
4.54145
4.42123
4.30314
4.18713
4.07328
3.96165
3.85225
3.74527
3.64059
3.53854
3.43888
3.34203
3.24763
3.15619
3.06728
2.9814
2.89815
2.81792
2.74046
2.66599
2.59444
2.52589
2.46043
2.3981
2.33911
2.28342
2.23127
2.18293
2.1387
2.0993
2.06526
2.03873
2.02045
2.02071
2.0237
2.03284
2.05362
2.0965
2.17483
2.28257
2.42103
2.58281
2.76373
2.95056
3.13489
3.30358
3.44945
3.5681
3.66172
3.73419
3.79102
3.83652
3.87421
3.90628
3.93379
3.95886
3.97624
4.00764
1.33528
1.93602
3.79768
9.33932
12.1153
11.3433
10.5385
10.2154
10.1242
10.0433
9.91248
9.74402
9.55885
9.3673
9.17208
8.9736
8.77217
8.56871
8.36469
8.16165
7.9609
7.76337
7.56963
7.38008
7.19488
7.01419
6.838
6.66631
6.49909
6.3364
6.17818
6.02436
5.87473
5.72898
5.5868
5.44781
5.31174
5.17828
5.0473
4.91858
4.79211
4.66771
4.54544
4.42519
4.30705
4.19098
4.07705
3.96534
3.85582
3.74872
3.64388
3.5417
3.44183
3.34484
3.25021
3.15863
3.06944
2.98343
2.89985
2.8195
2.74167
2.66707
2.5951
2.52636
2.46044
2.39779
2.33823
2.28209
2.22933
2.18031
2.13519
2.09469
2.0589
2.03058
2.00783
2.00483
2.00687
2.01372
2.03019
2.06431
2.13286
2.23662
2.3808
2.56067
2.76812
2.98264
3.18531
3.35897
3.49932
3.60734
3.68996
3.75355
3.80433
3.84622
3.88204
3.91326
3.94052
3.96539
3.98302
4.01311
)
;

boundaryField
{
    inlet
    {
        type            fixedValue;
        value           uniform 1;
    }
    outlet
    {
        type            waveTransmissive;
        gamma           1.4;
        fieldInf        1;
        lInf            3;
        value           nonuniform List<scalar> 
40
(
3.12745
3.12405
3.11852
3.11033
3.10077
3.08987
3.07837
3.06631
3.05407
3.04142
3.0286
3.01539
3.00191
2.98805
2.97392
2.95955
2.94513
2.93091
2.91732
2.90501
2.895
2.88887
2.88894
2.89394
2.90797
2.9349
2.98789
3.08433
3.21604
3.37385
3.537
3.67905
3.78486
3.85639
3.9045
3.93844
3.96331
3.98173
3.99235
3.99779
)
;
    }
    top
    {
        type            symmetryPlane;
    }
    bottom
    {
        type            symmetryPlane;
    }
    obstacle
    {
        type            zeroGradient;
    }
    frontAndBack
    {
        type            empty;
    }
}


// ************************************************************************* //
