/*--------------------------------*- C++ -*----------------------------------*\
  =========                 |
  \\      /  F ield         | OpenFOAM: The Open Source CFD Toolbox
   \\    /   O peration     | Website:  https://openfoam.org
    \\  /    A nd           | Version:  13
     \\/     M anipulation  |
\*---------------------------------------------------------------------------*/
FoamFile
{
    format      ascii;
    class       volScalarField;
    location    "3.5";
    object      rho;
}
// * * * * * * * * * * * * * * * * * * * * * * * * * * * * * * * * * * * * * //

dimensions      [1 -3 0 0 0 0 0];

internalField   nonuniform List<scalar> 
5250
(
1.40001
1.40002
1.40006
1.40016
1.40035
1.40096
1.40215
1.40571
1.41314
1.43344
1.47726
1.5807
1.79458
2.26547
4.1607
5.95138
5.76878
5.64996
5.6688
5.75421
5.84507
5.89772
5.93773
5.95791
5.98166
1.40001
1.40002
1.40006
1.40014
1.40038
1.40088
1.40224
1.40541
1.41327
1.43238
1.47683
1.57715
1.78966
2.2513
4.10717
5.95917
5.7704
5.64734
5.6666
5.75258
5.84356
5.89644
5.93722
5.95816
5.98284
1.40001
1.40002
1.40005
1.40015
1.40033
1.40093
1.40199
1.40558
1.41218
1.43233
1.4729
1.57322
1.77698
2.22284
3.98771
5.97651
5.77389
5.63906
5.65764
5.74257
5.83265
5.88422
5.92581
5.94608
5.97056
1.40001
1.40002
1.40006
1.40013
1.40036
1.40076
1.40217
1.40466
1.41282
1.4285
1.47221
1.56179
1.76229
2.17943
3.80359
6.00294
5.78099
5.62594
5.64225
5.72401
5.81386
5.86276
5.90307
5.92248
5.94779
1.40001
1.40002
1.40005
1.40013
1.4003
1.40078
1.40185
1.40467
1.41128
1.42763
1.46584
1.55308
1.73887
2.12811
3.56241
6.03149
5.79327
5.61038
5.62075
5.69848
5.78402
5.833
5.86913
5.8898
5.91554
1.40001
1.40002
1.40005
1.40011
1.40031
1.40065
1.40186
1.40395
1.41101
1.42418
1.46207
1.53921
1.71507
2.07144
3.27613
6.03972
5.8064
5.59501
5.60188
5.66224
5.74924
5.78944
5.82421
5.83896
5.86771
1.40001
1.40002
1.40005
1.4001
1.40028
1.4006
1.40166
1.4037
1.40982
1.42247
1.45623
1.52829
1.69003
2.01933
3.03035
5.96135
5.7852
5.56842
5.56915
5.62221
5.69587
5.73502
5.7593
5.77212
5.79829
1.40001
1.40002
1.40004
1.4001
1.40023
1.4006
1.40143
1.40352
1.40871
1.42094
1.4509
1.51871
1.66699
1.97345
2.84569
5.74576
5.69759
5.53223
5.527
5.56178
5.63032
5.6565
5.67328
5.66945
5.69435
1.40001
1.40001
1.40004
1.40008
1.40024
1.40049
1.4014
1.403
1.40828
1.41837
1.44739
1.50715
1.64643
1.92892
2.67741
5.43319
5.58284
5.50669
5.47801
5.49025
5.54116
5.55664
5.55193
5.52871
5.52475
1.40001
1.40001
1.40003
1.40008
1.40019
1.40048
1.40118
1.40283
1.40717
1.41689
1.442
1.49754
1.62295
1.88334
2.52008
5.04137
5.51988
5.47131
5.41114
5.4127
5.43468
5.42845
5.39834
5.32273
5.25304
1.40001
1.40001
1.40003
1.40007
1.40018
1.4004
1.4011
1.40236
1.40659
1.41435
1.43797
1.48516
1.60023
1.8327
2.37108
4.57282
5.48236
5.44068
5.34122
5.32512
5.31672
5.28466
5.19115
4.96296
4.29582
1.40001
1.40001
1.40003
1.40006
1.40016
1.40034
1.40094
1.40203
1.4056
1.41241
1.43253
1.47357
1.5743
1.77876
2.22674
4.02534
5.4688
5.41726
5.28498
5.2351
5.20204
5.13128
4.97631
4.65221
3.9278
1.40001
1.40001
1.40002
1.40006
1.40012
1.40031
1.40073
1.4018
1.40448
1.41064
1.42656
1.46224
1.54601
1.72251
2.08948
3.4145
5.45647
5.40416
5.25154
5.15415
5.09214
4.98641
4.78299
4.44459
3.85862
1.40001
1.40001
1.40002
1.40004
1.40011
1.40023
1.40064
1.40137
1.40379
1.40833
1.42203
1.44977
1.52062
1.66584
1.96971
2.82403
5.34698
5.34553
5.24579
5.0901
4.99029
4.86348
4.64458
4.32369
3.86735
1.40001
1.40001
1.40002
1.40004
1.40009
1.4002
1.40051
1.40115
1.40306
1.40682
1.41806
1.44082
1.50004
1.62226
1.88504
2.52007
4.92336
5.24768
5.18563
5.035
4.90222
4.76112
4.54938
4.25456
3.8775
1.40001
1.40001
1.40001
1.40003
1.40007
1.40018
1.40037
1.40103
1.4022
1.40613
1.41333
1.43525
1.47899
1.58645
1.80282
2.28711
4.23031
5.14169
5.1068
4.99171
4.83277
4.67847
4.47708
4.20951
3.88305
1.40001
1.40001
1.40001
1.40002
1.40006
1.40012
1.40034
1.4007
1.40197
1.40426
1.41157
1.42587
1.46524
1.5465
1.72867
2.09379
3.48357
5.08968
5.06856
4.97474
4.78412
4.6146
4.42136
4.17705
3.88684
1.40001
1.40001
1.40001
1.40002
1.40005
1.40009
1.40025
1.40055
1.40146
1.40332
1.40853
1.41988
1.44901
1.51239
1.65468
1.93283
2.70242
4.93451
5.05068
4.96892
4.77629
4.57573
4.38084
4.15464
3.89219
1.40001
1.40001
1.40001
1.40002
1.40004
1.40007
1.40019
1.40042
1.4011
1.40255
1.40647
1.41527
1.43756
1.48737
1.6004
1.8324
2.36524
4.40793
4.95879
4.91027
4.7656
4.54982
4.35192
4.13921
3.89957
1.40001
1.40001
1.40001
1.40001
1.40003
1.40006
1.40015
1.40031
1.40086
1.40183
1.40504
1.41106
1.42908
1.46535
1.55571
1.73791
2.11797
3.6013
4.87141
4.84992
4.75647
4.54452
4.33397
4.12925
3.90784
1.40001
1.40001
1.40001
1.40001
1.40002
1.40004
1.40011
1.40023
1.40062
1.40131
1.40367
1.40778
1.4212
1.44645
1.51421
1.64925
1.91893
2.66641
4.69796
4.83525
4.76043
4.57341
4.33745
4.12863
3.92054
1.40001
1.40001
1.40001
1.40001
1.40002
1.40004
1.40007
1.40019
1.40039
1.40109
1.40233
1.40636
1.41397
1.43635
1.48129
1.59072
1.80582
2.29305
4.14217
4.75406
4.71579
4.59025
4.356
4.13926
3.93738
1.40001
1.40001
1.40001
1.40001
1.40001
1.40003
1.40005
1.40014
1.40028
1.40078
1.40164
1.40458
1.40985
1.42631
1.45834
1.54067
1.7046
2.0365
3.26617
4.62569
4.64049
4.5751
4.39586
4.16804
3.9611
1.40001
1.40001
1.40001
1.40001
1.40001
1.40002
1.40004
1.4001
1.4002
1.40053
1.40116
1.40306
1.40694
1.41769
1.44065
1.49747
1.61647
1.84897
2.43504
4.29868
4.61597
4.56633
4.42991
4.20813
3.99242
1.40001
1.40001
1.40001
1.40001
1.40001
1.40002
1.40003
1.40007
1.40014
1.40037
1.40078
1.40216
1.4046
1.41249
1.42749
1.4691
1.55319
1.73831
2.10264
3.52595
4.53055
4.51605
4.44917
4.26974
4.03752
1.40001
1.40001
1.40001
1.40001
1.40001
1.40001
1.40002
1.40004
1.4001
1.40023
1.40055
1.40137
1.40314
1.40809
1.41826
1.4458
1.50282
1.63368
1.86518
2.51219
4.29398
4.51238
4.46095
4.33315
4.09834
1.40001
1.40001
1.40001
1.40001
1.40001
1.40001
1.40002
1.40003
1.40007
1.40015
1.4004
1.40083
1.4023
1.40492
1.4132
1.42921
1.47264
1.56099
1.7504
2.13699
3.63226
4.43501
4.42366
4.35825
4.19196
1.40001
1.40001
1.40001
1.40001
1.40001
1.40001
1.40001
1.40002
1.40004
1.40011
1.40024
1.40058
1.40143
1.40329
1.40843
1.41904
1.44767
1.50667
1.64151
1.8792
2.61431
4.19883
4.40712
4.36633
4.25546
1.40001
1.40001
1.40001
1.40001
1.40001
1.40001
1.40001
1.40002
1.40003
1.40006
1.40017
1.40035
1.40096
1.40205
1.40555
1.41212
1.4314
1.46982
1.56432
1.74295
2.13189
3.56987
4.32169
4.32605
4.27413
1.40001
1.40001
1.40001
1.40001
1.40001
1.40001
1.40001
1.40001
1.40002
1.40005
1.4001
1.40024
1.40057
1.40135
1.40338
1.40775
1.41958
1.44441
1.50572
1.63078
1.85952
2.54518
4.06369
4.30583
4.27587
1.40001
1.40001
1.40001
1.40001
1.40001
1.40001
1.40001
1.40001
1.40002
1.40003
1.40007
1.40015
1.40037
1.40082
1.4022
1.40469
1.41266
1.42741
1.46904
1.5509
1.72618
2.07804
3.39918
4.20419
4.24173
1.40001
1.40001
1.40001
1.40001
1.40001
1.40001
1.40001
1.40001
1.40001
1.40002
1.40004
1.40009
1.40022
1.40053
1.40123
1.40311
1.40702
1.41781
1.44016
1.49575
1.60889
1.81188
2.3552
3.90799
4.21756
1.40001
1.40001
1.40001
1.40001
1.40001
1.40001
1.40001
1.40001
1.40001
1.40001
1.40003
1.40006
1.40015
1.4003
1.40083
1.40173
1.40471
1.41014
1.42643
1.45838
1.53858
1.69086
1.99966
3.13999
4.06819
1.40001
1.40001
1.40001
1.40001
1.40001
1.40001
1.40001
1.40001
1.40001
1.40001
1.40002
1.40004
1.40008
1.40021
1.40043
1.40118
1.40248
1.40672
1.41436
1.43725
1.48118
1.58782
1.76765
2.22976
3.67411
1.40001
1.40001
1.40001
1.40001
1.40001
1.40001
1.40001
1.40001
1.40001
1.40001
1.40001
1.40003
1.40005
1.40013
1.40026
1.4007
1.40147
1.40402
1.40849
1.42255
1.4489
1.51818
1.64825
1.89966
2.75585
1.40001
1.40001
1.40001
1.40001
1.40001
1.40001
1.40001
1.40001
1.40001
1.40001
1.40001
1.40002
1.40003
1.40007
1.40017
1.40037
1.40096
1.40211
1.4054
1.41225
1.43024
1.46843
1.55678
1.71753
2.08032
1.40001
1.40001
1.40001
1.40001
1.40001
1.40001
1.40001
1.40001
1.40001
1.40001
1.40001
1.40001
1.40002
1.40005
1.40009
1.40023
1.40051
1.40126
1.40298
1.40702
1.41703
1.43912
1.49132
1.59745
1.78251
1.40001
1.40001
1.40001
1.40001
1.40001
1.40001
1.40001
1.40001
1.40001
1.40001
1.40001
1.40001
1.40001
1.40003
1.40006
1.40014
1.40029
1.40076
1.4016
1.40434
1.40915
1.42414
1.45206
1.5251
1.65772
1.40001
1.40001
1.40001
1.40001
1.40001
1.40001
1.40001
1.40001
1.40001
1.40001
1.40001
1.40001
1.40001
1.40002
1.40003
1.40008
1.40016
1.40043
1.4009
1.40242
1.40517
1.41347
1.42958
1.47209
1.55625
1.40001
1.40001
1.40001
1.40001
1.40001
1.40001
1.40001
1.40001
1.40001
1.40001
1.40001
1.40001
1.40001
1.40001
1.40002
1.40004
1.4001
1.40022
1.40053
1.40128
1.40291
1.40733
1.41617
1.4404
1.48799
1.40001
1.40001
1.40001
1.40001
1.40001
1.40001
1.40001
1.40001
1.40001
1.40001
1.40001
1.40001
1.40001
1.40001
1.40001
1.40003
1.40006
1.40013
1.40028
1.40074
1.40156
1.40418
1.40883
1.42317
1.44972
1.40001
1.40001
1.40001
1.40001
1.40001
1.40001
1.40001
1.40001
1.40001
1.40001
1.40001
1.40001
1.40001
1.40001
1.40001
1.40002
1.40003
1.40008
1.40016
1.4004
1.40088
1.40219
1.40503
1.4121
1.42826
1.40001
1.40001
1.40001
1.40001
1.40001
1.40001
1.40001
1.40001
1.40001
1.40001
1.40001
1.40001
1.40001
1.40001
1.40001
1.40001
1.40002
1.40004
1.40009
1.40021
1.40047
1.40121
1.40256
1.40678
1.41434
1.40001
1.40001
1.40001
1.40001
1.40001
1.40001
1.40001
1.40001
1.40001
1.40001
1.40001
1.40001
1.40001
1.40001
1.40001
1.40001
1.40001
1.40002
1.40005
1.40011
1.40028
1.40059
1.40152
1.40336
1.4084
1.40001
1.40001
1.40001
1.40001
1.40001
1.40001
1.40001
1.40001
1.40001
1.40001
1.40001
1.40001
1.40001
1.40001
1.40001
1.40001
1.40001
1.40002
1.40003
1.40006
1.40016
1.40033
1.40086
1.40183
1.40475
1.40001
1.40001
1.40001
1.40001
1.40001
1.40001
1.40001
1.40001
1.40001
1.40001
1.40001
1.40001
1.40001
1.40001
1.40001
1.40001
1.40001
1.40001
1.40002
1.40004
1.40009
1.40021
1.40051
1.40114
1.40293
1.40001
1.40001
1.40001
1.40001
1.40001
1.40001
1.40001
1.40001
1.40001
1.40001
1.40001
1.40001
1.40001
1.40001
1.40001
1.40001
1.40001
1.40001
1.40002
1.40003
1.40007
1.40015
1.40037
1.4009
1.40209
1.40001
1.40001
1.40001
1.40001
1.40001
1.40001
1.40001
1.40001
1.40001
1.40001
1.40001
1.40001
1.40001
1.40001
1.40001
1.40001
1.40001
1.40001
1.40002
1.40003
1.40006
1.40013
1.40034
1.40075
1.40196
1.40001
1.40001
1.40001
1.40001
1.40001
1.40001
1.40001
1.40001
1.40001
1.40001
1.40001
1.40001
1.40001
1.40001
1.40001
1.40001
1.40001
1.40001
1.40001
1.40002
1.40006
1.40012
1.40033
1.40069
1.40198
1.40001
1.40001
1.40001
1.40001
1.40001
1.40001
1.40001
1.40001
1.40001
1.40001
1.40001
1.40001
1.40001
1.40001
1.40001
1.40001
1.40001
1.40001
1.40001
1.40003
1.40005
1.40013
1.4003
1.40074
1.40185
1.89225
1.03412
0.71821
0.64214
0.642342
0.675071
0.765008
0.838474
0.862063
0.861786
0.858957
0.857817
0.858202
0.860038
0.864723
0.871444
0.877558
0.885669
0.902037
0.93615
1.00767
1.17383
1.47218
1.62184
1.64436
1.62769
1.59281
1.5714
1.57295
1.57038
1.57052
1.57406
1.57959
1.59512
1.62494
1.66843
1.72649
1.78764
1.84935
1.90844
1.96059
2.00499
2.04114
2.07239
2.10032
2.11852
2.13316
2.14056
2.14722
2.14864
2.15052
2.14414
2.14042
2.13042
2.12345
2.1105
2.10084
2.0856
2.0739
2.05695
2.0437
2.02539
2.01094
1.99154
1.97619
1.95602
1.94004
1.91942
1.9029
1.88247
1.86548
1.84521
1.82816
1.80801
1.79088
1.77096
1.75376
1.73416
1.717
1.69772
1.6807
1.66182
1.64502
1.62654
1.61001
1.59196
1.57575
1.55813
1.54226
1.52509
1.50963
1.49289
1.47798
1.46172
1.44751
1.43221
1.41912
1.40562
1.39503
1.38748
2.3388
1.53223
1.17289
1.0229
0.960986
0.916334
0.907637
0.91189
0.922292
0.947247
0.971943
0.98299
0.982933
0.982391
0.982487
0.983435
0.986427
0.993398
1.00838
1.03995
1.1005
1.24646
1.53338
1.70191
1.71354
1.6684
1.6086
1.56358
1.5408
1.52596
1.51578
1.51506
1.52047
1.53339
1.56299
1.61187
1.67673
1.75155
1.82833
1.90573
1.98936
2.04684
2.10608
2.14821
2.19087
2.21706
2.24335
2.25755
2.27196
2.27798
2.28606
2.28353
2.28233
2.27507
2.27088
2.2603
2.25295
2.23939
2.22947
2.21401
2.20186
2.18512
2.1711
2.1533
2.1379
2.11917
2.1028
2.08332
2.06628
2.04622
2.0288
2.00845
1.99079
1.97045
1.95263
1.93243
1.91453
1.89451
1.87659
1.85675
1.83894
1.81928
1.80165
1.78223
1.76483
1.74569
1.72856
1.70973
1.6929
1.6744
1.65796
1.63994
1.62404
1.60664
1.59136
1.57476
1.56056
1.54575
1.534
1.52549
2.86119
2.13007
1.65816
1.35694
1.16208
1.04176
0.964637
0.956252
0.960078
0.970981
0.997605
1.02329
1.04069
1.04914
1.05156
1.05241
1.05439
1.05915
1.06999
1.09404
1.14454
1.25087
1.47651
1.79661
1.82653
1.77349
1.72857
1.67487
1.6219
1.57329
1.5396
1.52017
1.51822
1.52643
1.55682
1.60986
1.68962
1.77796
1.86889
1.95791
2.03507
2.09878
2.15602
2.20101
2.24268
2.27156
2.29821
2.31401
2.32913
2.33691
2.34577
2.34627
2.34441
2.33837
2.33358
2.3246
2.31664
2.3045
2.29383
2.27935
2.26655
2.25055
2.23607
2.21897
2.20323
2.18517
2.16864
2.14967
2.13263
2.11291
2.0954
2.07523
2.05729
2.03703
2.01882
1.99872
1.98043
1.96057
1.94232
1.92262
1.90449
1.88487
1.86695
1.84744
1.82977
1.81052
1.79305
1.77419
1.75705
1.73868
1.7219
1.70393
1.68753
1.67009
1.65422
1.6375
1.62262
1.60752
1.59487
1.58596
3.16326
2.51764
2.02355
1.67112
1.43084
1.26697
1.16346
1.09831
1.05832
1.04819
1.05024
1.05639
1.07118
1.08934
1.10293
1.11114
1.11377
1.1169
1.12363
1.13897
1.17356
1.23682
1.40095
1.76961
1.88631
1.87032
1.85089
1.80249
1.73332
1.70062
1.66604
1.63643
1.62186
1.63021
1.66182
1.71529
1.7929
1.87762
1.96493
2.04568
2.12197
2.18496
2.24118
2.28659
2.32715
2.35746
2.3832
2.40012
2.41442
2.4227
2.43217
2.43332
2.4321
2.42409
2.4194
2.40931
2.40169
2.38875
2.37814
2.36255
2.34968
2.33201
2.3176
2.29859
2.28296
2.26315
2.2463
2.22598
2.20818
2.1876
2.16934
2.14866
2.13017
2.10939
2.09063
2.06981
2.0508
2.03015
2.01105
1.99072
1.97172
1.95165
1.93286
1.91293
1.8944
1.87478
1.85659
1.83733
1.81939
1.80062
1.78306
1.76483
1.74768
1.73004
1.71341
1.69645
1.68074
1.66526
1.6516
1.64206
3.34359
2.79597
2.3289
1.96517
1.69319
1.49222
1.34433
1.23738
1.16143
1.11286
1.08571
1.08594
1.08813
1.09392
1.10794
1.12194
1.13247
1.14103
1.14721
1.15936
1.18435
1.23561
1.33852
1.56647
1.91645
1.98762
1.9454
1.8995
1.86495
1.82647
1.79395
1.77556
1.77538
1.79694
1.82769
1.87103
1.92664
1.98975
2.05245
2.11437
2.18257
2.2447
2.30104
2.34531
2.38569
2.41419
2.44005
2.45533
2.47001
2.47687
2.48717
2.49075
2.49261
2.48406
2.47719
2.46567
2.45693
2.44403
2.43359
2.41885
2.40574
2.38846
2.37294
2.35413
2.33781
2.31863
2.30209
2.28236
2.26496
2.2443
2.22588
2.20481
2.18597
2.16516
2.14632
2.1257
2.10676
2.08602
2.0669
2.04605
2.027
2.00644
1.98776
1.96785
1.94943
1.93
1.91169
1.89261
1.87441
1.85548
1.83757
1.81882
1.80134
1.78301
1.76611
1.74858
1.73253
1.71662
1.7023
1.69213
3.4574
3.0006
2.57965
2.22518
1.9405
1.717
1.54338
1.41079
1.31014
1.2375
1.18449
1.15016
1.1306
1.13071
1.13235
1.13694
1.14777
1.16058
1.17289
1.18313
1.20006
1.23462
1.29616
1.45395
1.7614
1.99791
2.04439
2.02256
1.97989
1.94279
1.92923
1.92698
1.95419
1.98859
2.01458
2.04365
2.07778
2.10953
2.14254
2.18665
2.2351
2.294
2.35161
2.40128
2.44299
2.47439
2.50079
2.51818
2.53322
2.5382
2.54555
2.54823
2.55142
2.54513
2.53859
2.5275
2.51717
2.50263
2.4901
2.4746
2.46168
2.44523
2.43025
2.41129
2.39357
2.37302
2.35449
2.33418
2.31597
2.29578
2.27708
2.25595
2.23622
2.21428
2.19424
2.17244
2.15288
2.13167
2.11244
2.09163
2.07265
2.05209
2.03303
2.01274
1.99375
1.97383
1.95513
1.93557
1.91725
1.89797
1.88002
1.86112
1.84347
1.8251
1.80776
1.79003
1.77328
1.75674
1.74153
1.72993
3.53362
3.14854
2.77629
2.44324
2.16055
1.92676
1.73702
1.58424
1.46216
1.36584
1.28986
1.2342
1.19231
1.16726
1.15507
1.15538
1.15713
1.16131
1.17173
1.18267
1.1962
1.22004
1.26668
1.34702
1.53795
1.94808
2.08432
2.08912
2.08682
2.0719
2.06756
2.1073
2.17018
2.21455
2.22789
2.24377
2.25347
2.23933
2.23705
2.25765
2.28389
2.31994
2.3739
2.42657
2.47143
2.50634
2.5332
2.55094
2.56434
2.56999
2.57566
2.57832
2.58275
2.5798
2.57352
2.56227
2.55232
2.53844
2.52585
2.50994
2.49599
2.47938
2.46482
2.44738
2.43137
2.41212
2.39416
2.37346
2.35463
2.33383
2.31515
2.29464
2.27575
2.25482
2.235
2.2134
2.19294
2.17134
2.15142
2.13047
2.1112
2.09068
2.07176
2.05128
2.03235
2.01194
1.99299
1.97294
1.95419
1.93465
1.91622
1.89705
1.87898
1.86004
1.84236
1.8238
1.80673
1.78926
1.77358
1.76059
3.58752
3.25726
2.92763
2.62135
2.34893
2.11499
1.91693
1.75241
1.61558
1.50402
1.41262
1.34003
1.28249
1.23984
1.20802
1.18932
1.18026
1.18061
1.18251
1.1873
1.19789
1.21378
1.24417
1.30237
1.41661
1.65798
2.04775
2.15365
2.16416
2.17809
2.22309
2.3343
2.42707
2.46056
2.46556
2.46449
2.43149
2.3698
2.33125
2.3241
2.33823
2.35555
2.38268
2.42824
2.4742
2.51645
2.5483
2.57146
2.5877
2.59658
2.60276
2.60559
2.61034
2.6107
2.6075
2.59736
2.58812
2.57494
2.5631
2.54757
2.53399
2.51725
2.5026
2.48492
2.46905
2.45014
2.43277
2.41248
2.39372
2.37246
2.35297
2.33149
2.31186
2.29052
2.27074
2.24938
2.22937
2.208
2.18768
2.16627
2.14593
2.12476
2.10484
2.0841
2.06466
2.04419
2.02495
2.00449
1.98521
1.9648
1.94561
1.92554
1.90681
1.88732
1.86934
1.85045
1.83331
1.81528
1.7994
1.78498
3.63002
3.33968
3.04671
2.76577
2.5087
2.27983
2.08054
1.90952
1.76379
1.64093
1.53739
1.4514
1.37995
1.32225
1.27628
1.24155
1.21655
1.20161
1.19756
1.19823
1.20127
1.2091
1.22623
1.26232
1.32983
1.48234
1.79708
2.11588
2.22304
2.29364
2.4089
2.60074
2.71573
2.71794
2.71536
2.68778
2.59139
2.49789
2.43141
2.39608
2.38506
2.39129
2.40331
2.42359
2.46265
2.50376
2.54452
2.57332
2.59514
2.60887
2.61808
2.62136
2.62708
2.62936
2.63063
2.62305
2.61524
2.60336
2.59263
2.57805
2.56497
2.54851
2.53397
2.51646
2.50083
2.48237
2.46558
2.44601
2.42795
2.40711
2.38774
2.36573
2.34537
2.32285
2.30234
2.28044
2.26044
2.23924
2.21954
2.19851
2.17862
2.15728
2.13704
2.1154
2.09511
2.07356
2.05359
2.03244
2.01289
1.99218
1.97287
1.9525
1.93324
1.91322
1.89407
1.8746
1.85597
1.83752
1.82046
1.80527
3.66496
3.40582
3.14139
2.88495
2.64305
2.42388
2.22663
2.05435
1.90306
1.77337
1.66087
1.56541
1.48368
1.41496
1.35797
1.31073
1.27472
1.24601
1.22644
1.21515
1.21529
1.21754
1.22507
1.24369
1.28506
1.35833
1.54535
1.93498
2.20808
2.38404
2.65152
2.91744
2.99847
2.99029
2.95777
2.86403
2.72925
2.61653
2.53176
2.47354
2.43624
2.42214
2.42501
2.43418
2.45231
2.48345
2.52327
2.56077
2.59084
2.6133
2.62971
2.63742
2.64454
2.648
2.65209
2.64859
2.64239
2.63149
2.62184
2.60843
2.59622
2.58022
2.56555
2.54765
2.53135
2.51232
2.49491
2.47503
2.45673
2.43608
2.41688
2.39539
2.37517
2.35301
2.33219
2.30967
2.28856
2.26605
2.24505
2.22286
2.20221
2.18038
2.15998
2.13835
2.11804
2.0965
2.07626
2.05483
2.03475
2.01356
1.9938
1.97299
1.95367
1.93335
1.91455
1.8948
1.87661
1.85769
1.84081
1.82448
3.69705
3.46172
3.22066
2.98405
2.75824
2.54835
2.35737
2.18541
2.03312
1.89825
1.78077
1.67742
1.58858
1.51068
1.44492
1.38774
1.34096
1.30162
1.27118
1.24898
1.23107
1.231
1.23319
1.24139
1.26298
1.31189
1.401
1.62194
2.10844
2.41826
2.95984
3.24375
3.25049
3.22774
3.15454
2.99049
2.84177
2.72133
2.62591
2.55
2.49733
2.46326
2.45021
2.45234
2.46221
2.47944
2.50304
2.54173
2.57809
2.60967
2.63447
2.64949
2.6599
2.66404
2.66911
2.66893
2.66535
2.65512
2.64556
2.63219
2.62007
2.60411
2.58941
2.57147
2.55498
2.53571
2.51771
2.4973
2.47817
2.45696
2.43704
2.41525
2.39491
2.37291
2.35226
2.33003
2.30902
2.28653
2.26524
2.24263
2.22129
2.19881
2.17766
2.1555
2.13468
2.11289
2.09247
2.07102
2.05097
2.02985
2.01013
1.98934
1.96991
1.94948
1.93034
1.91033
1.89166
1.87229
1.85501
1.83772
3.72847
3.5108
3.28951
3.06989
2.85825
2.65871
2.47387
2.30537
2.15294
2.0166
1.89488
1.78728
1.69178
1.60831
1.53436
1.47077
1.41485
1.36776
1.32796
1.29484
1.27126
1.25096
1.2509
1.25371
1.26455
1.29322
1.35824
1.49828
1.78109
2.37277
3.25269
3.50398
3.48304
3.41495
3.25669
3.08217
2.93563
2.81406
2.71295
2.63079
2.56839
2.52565
2.49925
2.48789
2.48835
2.49646
2.50979
2.52991
2.56081
2.59591
2.62573
2.6494
2.66571
2.67259
2.67777
2.67885
2.6797
2.67147
2.66199
2.64822
2.63567
2.61963
2.60498
2.5872
2.57099
2.5519
2.53413
2.51381
2.4946
2.47327
2.45299
2.43105
2.41023
2.3879
2.36675
2.34422
2.32298
2.30049
2.27932
2.25697
2.2359
2.2137
2.19274
2.17065
2.14982
2.12784
2.10722
2.08548
2.06517
2.0438
2.02384
2.00288
1.98325
1.96269
1.9434
1.92324
1.90443
1.88482
1.86743
1.84949
3.75933
3.55638
3.35005
3.14635
2.9469
2.7574
2.57904
2.41459
2.26327
2.12678
2.00247
1.89208
1.79175
1.70391
1.62391
1.55491
1.4921
1.43887
1.39094
1.35131
1.31764
1.28986
1.27551
1.27645
1.28284
1.3027
1.35266
1.46447
1.66919
2.22552
3.40778
3.65145
3.61078
3.50137
3.32067
3.16481
3.03537
2.91863
2.81715
2.73185
2.66741
2.6191
2.58296
2.55463
2.53724
2.53288
2.53069
2.54128
2.55354
2.57262
2.60125
2.6287
2.64986
2.6656
2.67503
2.67721
2.68011
2.67765
2.67174
2.6592
2.64682
2.63097
2.61637
2.59908
2.58306
2.56437
2.54683
2.52667
2.50766
2.48634
2.46632
2.44447
2.42383
2.40168
2.38063
2.35825
2.3369
2.31429
2.29274
2.27003
2.24852
2.22592
2.20468
2.18232
2.16146
2.13938
2.1189
2.09711
2.07699
2.05555
2.03574
2.01469
1.99514
1.97451
1.95521
1.935
1.91614
1.89643
1.87898
1.86062
3.79423
3.6016
3.40831
3.21553
3.02837
2.84702
2.67565
2.51512
2.36635
2.2295
2.10479
1.99127
1.88866
1.79629
1.71255
1.63849
1.57074
1.51217
1.45836
1.41302
1.37217
1.33965
1.31339
1.31351
1.31838
1.33548
1.37942
1.48093
1.66794
2.21354
3.30485
3.78915
3.77646
3.70397
3.52736
3.3466
3.19755
3.0786
2.97004
2.87383
2.79196
2.7282
2.67312
2.63016
2.5947
2.57103
2.55978
2.55026
2.55267
2.55985
2.57222
2.594
2.61947
2.64195
2.65869
2.66901
2.67232
2.67322
2.67329
2.66634
2.65548
2.63972
2.62511
2.60778
2.5918
2.57322
2.55572
2.53567
2.51664
2.49541
2.47546
2.4536
2.43313
2.411
2.39015
2.36783
2.34663
2.32412
2.3027
2.28011
2.25877
2.23628
2.21527
2.19299
2.17234
2.15029
2.12994
2.10816
2.08805
2.0666
2.04674
2.02567
2.00609
1.98543
1.96618
1.94592
1.92713
1.90727
1.88988
1.87105
3.83625
3.64963
3.46553
3.2829
3.10262
2.93058
2.76391
2.60793
2.46207
2.32567
2.20153
2.08592
1.98159
1.8861
1.79909
1.72129
1.64946
1.58652
1.52821
1.47794
1.43258
1.39465
1.36643
1.36647
1.37219
1.39179
1.43988
1.53955
1.76436
2.2239
2.97639
3.77919
3.89191
3.86257
3.74123
3.53692
3.36196
3.22723
3.10545
2.9959
2.90379
2.82806
2.7641
2.70685
2.65976
2.62037
2.59265
2.57568
2.56456
2.55807
2.5635
2.57049
2.58403
2.60494
2.62655
2.64287
2.65459
2.6584
2.66016
2.65875
2.65487
2.64146
2.62813
2.61134
2.59566
2.57742
2.5605
2.54128
2.52324
2.50301
2.48378
2.46262
2.44247
2.42066
2.39992
2.3776
2.35652
2.33389
2.31267
2.28997
2.26877
2.2462
2.22517
2.20283
2.18204
2.15998
2.13943
2.1177
2.09745
2.07607
2.05617
2.03516
2.01561
1.995
1.97577
1.95555
1.93675
1.91686
1.89947
1.88033
3.89323
3.70339
3.52397
3.34791
3.17493
3.00672
2.84838
2.69302
2.55207
2.4158
2.29229
2.17682
2.07008
1.97367
1.88304
1.80317
1.72727
1.66147
1.59913
1.54511
1.49745
1.45394
1.43684
1.438
1.44875
1.48028
1.5464
1.70995
2.06103
2.37513
2.68291
3.20399
3.70827
3.82635
3.8115
3.72292
3.53716
3.38279
3.24534
3.11977
3.01736
2.93045
2.85647
2.78887
2.73121
2.68035
2.6392
2.60569
2.58449
2.5668
2.55494
2.55713
2.56135
2.56966
2.58576
2.60413
2.62197
2.63371
2.64075
2.64176
2.64222
2.63802
2.62923
2.61442
2.59918
2.58122
2.5644
2.54581
2.52813
2.50842
2.48949
2.46859
2.44877
2.42711
2.40671
2.38459
2.36375
2.34139
2.32029
2.29784
2.27668
2.25426
2.23325
2.211
2.19029
2.1683
2.14789
2.12619
2.10603
2.08464
2.06469
2.04368
2.02397
2.00339
1.98399
1.96383
1.94496
1.92515
1.9078
1.88857
3.95939
3.76513
3.58337
3.41174
3.24504
3.0798
2.9256
2.77608
2.63422
2.5033
2.37703
2.26401
2.15502
2.05796
1.96559
1.88264
1.80561
1.73499
1.67208
1.61374
1.56544
1.52491
1.5236
1.52883
1.55178
1.60464
1.7313
2.04412
2.31694
2.46598
2.61336
2.82941
3.17326
3.59026
3.74983
3.74258
3.68262
3.55523
3.41336
3.26423
3.14272
3.04013
2.9512
2.87376
2.806
2.74629
2.69338
2.64946
2.61262
2.58788
2.56591
2.55241
2.54534
2.54925
2.55412
2.564
2.58033
2.59739
2.60978
2.61912
2.621
2.6212
2.61982
2.61255
2.59964
2.58241
2.56607
2.54764
2.5303
2.51113
2.4928
2.47272
2.45334
2.43238
2.41225
2.3906
2.36997
2.3478
2.32686
2.30446
2.28345
2.26112
2.24026
2.21816
2.19759
2.17573
2.15544
2.1338
2.1137
2.09232
2.07237
2.05138
2.03165
2.01117
1.9918
1.97176
1.95294
1.93313
1.91585
1.89632
4.03138
3.8244
3.64687
3.47301
3.31266
3.15255
2.99882
2.85396
2.71466
2.58352
2.46108
2.34457
2.2388
2.13727
2.04675
1.95958
1.88229
1.80906
1.74368
1.6869
1.63426
1.62214
1.6238
1.64045
1.68891
1.79517
2.07721
2.35518
2.50131
2.5574
2.62542
2.70203
2.83158
3.06677
3.43011
3.65459
3.65954
3.64175
3.5763
3.4294
3.29087
3.16773
3.05978
2.96866
2.88767
2.81885
2.75527
2.70196
2.65454
2.61675
2.58672
2.56324
2.54462
2.53222
2.53365
2.53656
2.54281
2.55489
2.5693
2.58415
2.59386
2.59868
2.59966
2.59824
2.59412
2.58175
2.56691
2.54846
2.53113
2.51187
2.49411
2.47437
2.45574
2.43518
2.41559
2.39439
2.37406
2.35249
2.33174
2.31
2.28916
2.26733
2.24667
2.22481
2.20445
2.18267
2.16254
2.14095
2.12096
2.09967
2.07981
2.05886
2.0392
2.01862
1.9993
1.97913
1.96039
1.9405
1.92334
1.90368
4.13281
3.90445
3.7107
3.54025
3.37712
3.22415
3.07319
2.92891
2.79256
2.66285
2.54009
2.42557
2.31717
2.21746
2.12275
2.03745
1.9559
1.8838
1.81722
1.75998
1.72975
1.72978
1.74286
1.78842
1.88617
2.14093
2.44023
2.5899
2.63782
2.64797
2.65533
2.67086
2.71106
2.79123
2.97563
3.26356
3.52178
3.61231
3.60936
3.55948
3.44834
3.3239
3.19311
3.08252
2.98598
2.90155
2.8283
2.76325
2.70764
2.65827
2.61766
2.58368
2.55813
2.53497
2.52054
2.51436
2.51742
2.52093
2.52815
2.54112
2.5559
2.56612
2.57375
2.57452
2.57394
2.57055
2.56312
2.54721
2.53053
2.51152
2.49369
2.47428
2.45605
2.43608
2.41719
2.39654
2.37698
2.35575
2.33568
2.3141
2.29378
2.27207
2.2517
2.23007
2.20982
2.1884
2.16832
2.14713
2.12716
2.10617
2.08628
2.06551
2.04578
2.02532
2.00595
1.98582
1.96709
1.94716
1.93009
1.91027
4.18823
3.98551
3.78322
3.60542
3.44556
3.29129
3.14597
3.00419
2.868
2.73997
2.61855
2.50309
2.39593
2.29408
2.20048
2.11143
2.03197
1.95775
1.8942
1.8496
1.84757
1.85672
1.89515
1.9857
2.21584
2.54425
2.71248
2.74416
2.74787
2.73851
2.69049
2.67486
2.68298
2.70981
2.77049
2.89996
3.12164
3.38664
3.54398
3.54545
3.52521
3.46598
3.34258
3.22283
3.10624
3.00477
2.91543
2.8371
2.77061
2.71097
2.65979
2.61578
2.57966
2.55111
2.52566
2.50689
2.49587
2.49576
2.49749
2.50222
2.51147
2.52324
2.53642
2.54401
2.54703
2.54677
2.54479
2.5388
2.52662
2.5095
2.49202
2.47272
2.45452
2.43493
2.41648
2.39656
2.37762
2.35711
2.33756
2.31652
2.2966
2.27529
2.25532
2.23394
2.21406
2.19272
2.17291
2.1517
2.13189
2.11096
2.09115
2.07063
2.05097
2.03084
2.01158
1.99176
1.9732
1.9535
1.93664
1.91697
4.20147
4.08857
3.87101
3.68137
3.51401
3.36237
3.21523
3.07806
2.94348
2.81572
2.69436
2.58052
2.4719
2.3709
2.2759
2.18804
2.10667
2.03791
1.9794
1.97547
1.98146
2.01488
2.10766
2.32183
2.67211
2.85691
2.8819
2.88535
2.86799
2.80237
2.73978
2.69176
2.68735
2.69109
2.70984
2.75396
2.84198
2.99996
3.22808
3.41169
3.48025
3.4784
3.44128
3.35505
3.24432
3.12972
3.02165
2.92943
2.84728
2.77583
2.71369
2.66007
2.61321
2.574
2.54218
2.51416
2.49123
2.47687
2.47044
2.47212
2.47475
2.48031
2.49171
2.50285
2.51253
2.51784
2.51788
2.51653
2.51256
2.50241
2.48764
2.46932
2.45147
2.43217
2.41406
2.39466
2.3763
2.35649
2.33759
2.31719
2.29779
2.27696
2.25734
2.23634
2.21669
2.1957
2.17606
2.15529
2.13567
2.11521
2.09571
2.07546
2.05622
2.03612
2.0173
1.99742
1.97928
1.95971
1.9432
1.92403
4.19731
4.13021
3.96935
3.76603
3.59037
3.43332
3.28861
3.14907
3.01821
2.8911
2.77039
2.65556
2.54831
2.44604
2.3524
2.2642
2.1892
2.11981
2.11336
2.1156
2.14353
2.23378
2.42748
2.81276
3.01661
3.03794
3.04093
3.01582
2.93809
2.86087
2.79845
2.74836
2.71247
2.69899
2.7019
2.70961
2.73518
2.791
2.89409
3.06586
3.25506
3.38735
3.40098
3.39445
3.35376
3.25421
3.1493
3.04312
2.94388
2.85745
2.7817
2.71585
2.65872
2.60868
2.56607
2.53078
2.5004
2.47477
2.45667
2.44598
2.4453
2.44647
2.45016
2.45784
2.46794
2.47913
2.48584
2.48679
2.48619
2.4836
2.47744
2.46282
2.44699
2.42833
2.41054
2.39122
2.37315
2.35376
2.33544
2.31579
2.29706
2.27703
2.25793
2.23759
2.21831
2.19783
2.17851
2.15806
2.13881
2.11849
2.0994
2.07929
2.06046
2.04064
2.02223
2.00279
1.9851
1.96611
1.95002
1.93192
4.17184
4.1399
4.05195
3.85318
3.66889
3.50787
3.36029
3.22294
3.0902
2.96597
2.8454
2.7319
2.62333
2.5228
2.42869
2.34745
2.27331
2.2567
2.25772
2.28443
2.3722
2.56622
2.97304
3.19002
3.20925
3.20941
3.17981
3.08801
3.00184
2.93029
2.87018
2.81912
2.77358
2.73624
2.71501
2.70315
2.70494
2.71483
2.74475
2.8095
2.92301
3.08769
3.23828
3.3263
3.32657
3.30763
3.25779
3.15922
3.05941
2.95883
2.86801
2.78749
2.7169
2.65588
2.60258
2.55689
2.51786
2.4862
2.45774
2.43617
2.42283
2.41674
2.41722
2.41934
2.4235
2.43321
2.44254
2.45108
2.45417
2.454
2.45229
2.44748
2.43773
2.42192
2.40538
2.38651
2.36877
2.34973
2.33182
2.31279
2.29458
2.27525
2.25671
2.23698
2.21826
2.19828
2.17953
2.15951
2.14082
2.12091
2.10232
2.08262
2.06429
2.0449
2.02707
2.00815
1.99116
1.97314
1.95774
1.94203
4.11517
4.11475
4.07238
3.96021
3.76276
3.58857
3.43613
3.29602
3.16475
3.03917
2.92042
2.80723
2.70069
2.60045
2.51287
2.4337
2.41041
2.40997
2.43577
2.52344
2.7244
3.15586
3.38256
3.39346
3.39036
3.35346
3.25104
3.1567
3.07614
3.01087
2.95048
2.8965
2.84483
2.79661
2.75503
2.72172
2.70496
2.6904
2.69175
2.70443
2.73786
2.80773
2.9247
3.07033
3.19204
3.24572
3.24437
3.2213
3.16574
3.06931
2.97263
2.87835
2.79298
2.71854
2.65259
2.59622
2.54688
2.50523
2.47089
2.44072
2.41638
2.3989
2.38884
2.38643
2.38721
2.38989
2.39483
2.40533
2.41369
2.42027
2.4205
2.41965
2.41686
2.41009
2.39686
2.38021
2.3634
2.34494
2.32737
2.30874
2.29111
2.2723
2.25448
2.2353
2.21722
2.19777
2.17951
2.16005
2.1418
2.12247
2.10442
2.08525
2.06767
2.04878
2.03198
2.01387
1.99823
1.98197
1.96811
1.9564
3.88549
4.08559
4.06911
4.00797
3.85994
3.67539
3.51465
3.37139
3.23925
3.11444
2.99564
2.88373
2.77892
2.68579
2.60148
2.57364
2.57191
2.59768
2.6886
2.90384
3.35489
3.5886
3.59694
3.58543
3.53557
3.4264
3.32233
3.23584
3.1629
3.0968
3.0361
2.97592
2.92005
2.86418
2.81312
2.76545
2.72519
2.70002
2.67641
2.6639
2.66658
2.6808
2.71555
2.78838
2.90382
3.02792
3.12989
3.16132
3.15797
3.13365
3.07399
2.98177
2.88908
2.80008
2.72032
2.64991
2.59009
2.53782
2.49372
2.45549
2.42339
2.39575
2.3756
2.36243
2.35516
2.35527
2.35674
2.35964
2.3677
2.37573
2.38322
2.38624
2.38578
2.38399
2.37971
2.36944
2.35567
2.33857
2.32185
2.30373
2.28651
2.26826
2.25093
2.23247
2.21502
2.19618
2.17866
2.15961
2.14221
2.12328
2.10616
2.08765
2.07101
2.05329
2.03772
2.02154
2.00808
1.99534
1.98318
1.97453
3.32628
3.98184
4.04786
4.0196
3.94396
3.7707
3.59961
3.45019
3.31594
3.19064
3.07319
2.96247
2.86478
2.77629
2.74683
2.74434
2.77051
2.86941
3.09895
3.57073
3.80764
3.81612
3.7971
3.73245
3.6126
3.50056
3.40691
3.32666
3.25518
3.18688
3.12191
3.05777
2.99577
2.93537
2.87658
2.82188
2.76964
2.72425
2.69049
2.66203
2.63917
2.62705
2.6308
2.64601
2.68068
2.75302
2.86315
2.96968
3.05711
3.07555
3.07005
3.04516
2.98747
2.8977
2.80645
2.72285
2.6491
2.58487
2.52807
2.47998
2.43864
2.40478
2.37462
2.35203
2.33525
2.32549
2.32265
2.32312
2.32479
2.32883
2.3378
2.34501
2.35161
2.35128
2.35034
2.34758
2.34176
2.32835
2.31392
2.29676
2.28024
2.2622
2.2455
2.22748
2.21091
2.19291
2.17634
2.15828
2.14174
2.12377
2.1077
2.0903
2.07545
2.05952
2.0469
2.0342
2.02365
2.01266
2.00381
2.0013
2.27893
3.66624
4.00995
4.00648
3.96934
3.87558
3.69881
3.53799
3.39721
3.27047
3.15319
3.05012
2.95671
2.92885
2.92597
2.95316
3.06364
3.31955
3.81568
4.04339
4.04915
4.0254
3.94088
3.80744
3.68752
3.58748
3.50171
3.42375
3.34969
3.27815
3.20779
3.13945
3.07196
3.0072
2.94344
2.88289
2.82454
2.76988
2.72033
2.67775
2.64522
2.61463
2.59087
2.58057
2.58519
2.60114
2.63596
2.70616
2.8085
2.90171
2.97951
2.98985
2.98398
2.95984
2.90245
2.81989
2.73334
2.65223
2.57808
2.51714
2.46502
2.4207
2.3833
2.35148
2.32609
2.30661
2.29435
2.28813
2.28831
2.28933
2.29237
2.29937
2.30824
2.31379
2.31792
2.31634
2.31466
2.3105
2.30207
2.28799
2.273
2.256
2.23998
2.22241
2.20668
2.1891
2.17373
2.15631
2.14132
2.12461
2.11051
2.09551
2.08335
2.07201
2.06216
2.05249
2.04458
2.03937
2.03753
2.04315
1.9269
2.864
3.80792
3.97962
3.96895
3.92233
3.80558
3.6351
3.48458
3.35383
3.24297
3.1432
3.11949
3.1162
3.14771
3.26841
3.56445
4.09277
4.29811
4.29956
4.26626
4.16039
4.01358
3.88385
3.777
3.68607
3.60299
3.52364
3.44603
3.36951
3.29436
3.22079
3.14901
3.07929
3.01145
2.94566
2.88256
2.82151
2.76475
2.71123
2.66401
2.62568
2.58961
2.56051
2.5371
2.5274
2.53222
2.54788
2.58271
2.65019
2.74315
2.8265
2.89943
2.90385
2.89739
2.87223
2.81468
2.73779
2.66088
2.58371
2.51553
2.45513
2.40542
2.36277
2.32824
2.30002
2.27819
2.26413
2.25488
2.25476
2.25527
2.25643
2.26261
2.26976
2.27776
2.28256
2.28347
2.28145
2.27887
2.27317
2.26227
2.24748
2.2333
2.21649
2.20172
2.1852
2.17085
2.15542
2.14184
2.12821
2.11646
2.1068
2.09805
2.08999
2.08317
2.08039
2.07962
2.08157
2.09078
2.12015
1.71752
2.08556
3.30856
3.87856
3.95662
3.93443
3.87546
3.73695
3.57884
3.4492
3.33914
3.31872
3.31573
3.35544
3.49239
3.84766
4.3708
4.55872
4.557
4.51372
4.39009
4.23212
4.0933
3.97947
3.88256
3.79419
3.70924
3.62529
3.54207
3.45986
3.37918
3.30061
3.22408
3.14996
3.0781
3.00844
2.94139
2.87639
2.81433
2.75514
2.69944
2.64812
2.60396
2.56494
2.52822
2.499
2.47694
2.46881
2.4734
2.48822
2.52182
2.58645
2.67207
2.74828
2.81413
2.81658
2.80974
2.78433
2.7283
2.65685
2.58469
2.51478
2.45091
2.39558
2.34794
2.30943
2.27634
2.25202
2.23349
2.22221
2.21868
2.21857
2.21969
2.22282
2.23125
2.23914
2.2451
2.24913
2.24774
2.24564
2.2423
2.23495
2.22389
2.20996
2.19656
2.18216
2.16915
2.1566
2.14599
2.13744
2.13142
2.12454
2.1201
2.11882
2.11971
2.12272
2.13525
2.15741
2.18413
2.25627
1.59604
1.77174
2.2685
3.5566
3.90042
3.92745
3.89938
3.83
3.68761
3.55398
3.52667
3.52371
3.57337
3.73434
4.16275
4.68206
4.85023
4.84093
4.78084
4.62341
4.45657
4.31347
4.19458
4.09157
3.99684
3.90535
3.81507
3.72524
3.63621
3.54854
3.46271
3.37922
3.29831
3.21989
3.14427
3.07078
2.99998
2.9313
2.86504
2.80163
2.74049
2.68325
2.62922
2.58037
2.53823
2.49796
2.46129
2.43275
2.41169
2.40681
2.4105
2.42387
2.45647
2.51799
2.5976
2.6668
2.72876
2.72944
2.72066
2.69634
2.64079
2.57677
2.5092
2.44582
2.38588
2.33447
2.29149
2.25537
2.22652
2.20413
2.19034
2.18203
2.18168
2.18213
2.18466
2.19175
2.19968
2.20813
2.21294
2.21625
2.21434
2.21236
2.20895
2.20168
2.19167
2.18106
2.1712
2.16416
2.16031
2.15535
2.15434
2.15405
2.15661
2.16363
2.18154
2.20319
2.23714
2.28922
2.32939
2.44099
1.51942
1.6436
1.89722
2.75472
3.67118
3.88973
3.8984
3.87569
3.80223
3.76085
3.75392
3.80849
4.00508
4.52748
5.03281
5.15162
5.13357
5.05883
4.87128
4.68922
4.54052
4.41918
4.31245
4.21181
4.11315
4.01537
3.91835
3.82259
3.72824
3.63585
3.54556
3.4576
3.3723
3.28951
3.20952
3.13213
3.05726
2.98504
2.91504
2.84788
2.78305
2.72109
2.66224
2.60638
2.55454
2.5084
2.46499
2.42595
2.38999
2.3623
2.34144
2.3404
2.34366
2.35484
2.38621
2.44449
2.5198
2.58458
2.64121
2.64111
2.63135
2.60719
2.55276
2.49557
2.43392
2.37503
2.32079
2.27372
2.23613
2.20309
2.17804
2.15995
2.14815
2.14629
2.14623
2.1472
2.1526
2.16148
2.17157
2.17923
2.18529
2.18798
2.18963
2.18775
2.18581
2.18406
2.18328
2.18222
2.18302
2.18459
2.19255
2.20341
2.22471
2.24795
2.29119
2.3414
2.39752
2.47041
2.51591
2.61146
1.46549
1.54573
1.69266
2.02423
3.11916
3.7511
3.88845
3.91147
3.91974
3.954
4.06299
4.32815
4.96545
5.428
5.47258
5.44302
5.34644
5.12532
4.93163
4.77763
4.65212
4.54165
4.43622
4.33152
4.22682
4.12262
4.01956
3.91789
3.81784
3.71967
3.62386
3.53073
3.44075
3.35392
3.27016
3.18943
3.11123
3.03575
2.96274
2.89224
2.82442
2.75883
2.69623
2.63597
2.57892
2.52508
2.47531
2.43036
2.38642
2.34786
2.31328
2.28696
2.26653
2.26707
2.27207
2.28218
2.31204
2.36886
2.44079
2.50086
2.55195
2.55161
2.54166
2.51773
2.46584
2.41372
2.35914
2.3048
2.25607
2.21558
2.18137
2.15344
2.13158
2.11806
2.11189
2.11166
2.11279
2.11695
2.127
2.13857
2.14998
2.15988
2.1695
2.17609
2.18472
2.19584
2.20363
2.21091
2.22346
2.23817
2.26385
2.29511
2.34233
2.39712
2.45789
2.52419
2.58131
2.63653
2.66316
2.70094
1.43673
1.47847
1.57729
1.73544
2.15558
3.36971
3.81349
3.96716
4.08011
4.30894
4.70809
5.46057
5.86594
5.86055
5.79082
5.61611
5.38175
5.18464
5.02838
4.90096
4.78773
4.67801
4.56751
4.45506
4.34169
4.22869
4.11724
4.00804
3.90143
3.79776
3.69721
3.59992
3.50592
3.41515
3.32751
3.24286
3.16118
3.08231
3.00612
2.93254
2.8615
2.79297
2.72695
2.66339
2.60241
2.54424
2.48891
2.43706
2.38955
2.34444
2.30205
2.2645
2.23187
2.20756
2.18878
2.18952
2.1954
2.20699
2.23775
2.2914
2.35917
2.41491
2.46196
2.46153
2.45171
2.428
2.37993
2.33349
2.28428
2.23669
2.19332
2.15976
2.13006
2.10618
2.09046
2.08171
2.08167
2.08324
2.08863
2.09944
2.11535
2.13284
2.15264
2.17276
2.19791
2.21664
2.24021
2.26445
2.29835
2.33865
2.3897
2.45042
2.51269
2.57818
2.63246
2.67722
2.70342
2.71855
2.71713
2.71442
1.41892
1.44543
1.50089
1.6165
1.82358
2.47738
3.53786
4.01908
4.3958
5.05228
5.98768
6.3209
6.29765
6.17955
5.88884
5.64006
5.44034
5.28347
5.15594
5.03742
4.92079
4.80219
4.68143
4.55984
4.43898
4.31966
4.20245
4.08772
3.97581
3.86711
3.76183
3.66006
3.56184
3.46704
3.37554
3.28724
3.20195
3.11966
3.0402
2.96357
2.88957
2.81829
2.74953
2.68332
2.61972
2.55846
2.49993
2.44407
2.39089
2.34187
2.29496
2.25127
2.21086
2.17485
2.14446
2.12234
2.10679
2.1078
2.11407
2.12863
2.16064
2.21049
2.27589
2.32828
2.37126
2.37117
2.36217
2.3388
2.29476
2.25431
2.21175
2.17004
2.13598
2.10819
2.08483
2.06793
2.06121
2.06172
2.06481
2.07171
2.09092
2.11461
2.14875
2.1834
2.22226
2.26077
2.30698
2.36193
2.42436
2.49266
2.56048
2.62379
2.67542
2.71021
2.73248
2.73677
2.73488
2.72982
2.71971
2.71364
1.41036
1.4259
1.45718
1.53238
1.66879
1.95524
2.84316
3.934
5.11255
6.50918
6.77708
6.71938
6.50613
6.16172
5.88591
5.68003
5.52419
5.39801
5.2781
5.15566
5.02779
4.89802
4.76845
4.64017
4.51371
4.38917
4.26688
4.14724
4.03066
3.91751
3.80797
3.70211
3.59989
3.50129
3.4062
3.31464
3.22641
3.14157
3.05971
2.98109
2.90496
2.83188
2.76109
2.69286
2.62719
2.56362
2.5026
2.4441
2.38763
2.33452
2.28412
2.23662
2.19187
2.15022
2.11287
2.07935
2.05158
2.03211
2.0207
2.02186
2.02885
2.04595
2.07837
2.12848
2.1898
2.23958
2.27925
2.28012
2.27244
2.25039
2.21351
2.17883
2.14417
2.11191
2.08713
2.06887
2.06059
2.06176
2.06576
2.07439
2.09531
2.12554
2.1667
2.21823
2.2764
2.34477
2.42318
2.50374
2.58137
2.64759
2.69826
2.72926
2.74442
2.74295
2.73906
2.73411
2.72449
2.71785
2.71798
2.72205
1.40632
1.41655
1.43575
1.48784
1.5891
1.80707
2.29265
3.56039
6.52605
7.06261
6.97776
6.65085
6.30481
6.04023
5.84859
5.70245
5.58343
5.46582
5.34145
5.21049
5.07589
4.94148
4.80901
4.67814
4.54902
4.42163
4.29619
4.17292
4.05216
3.93422
3.81961
3.70865
3.6019
3.49957
3.40183
3.30863
3.2196
3.13442
3.05257
2.97364
2.89735
2.8234
2.7518
2.68232
2.61514
2.55014
2.48732
2.42701
2.3688
2.31338
2.26057
2.21057
2.16407
2.11956
2.07835
2.04046
2.00625
1.97659
1.95223
1.93504
1.92957
1.93074
1.93857
1.95612
1.99302
2.04246
2.10094
2.14817
2.1877
2.18941
2.18602
2.16887
2.14461
2.11633
2.09226
2.07353
2.06923
2.0721
2.07939
2.09465
2.12548
2.17069
2.22833
2.29982
2.38486
2.47518
2.55961
2.63033
2.6829
2.71543
2.73045
2.72919
2.7263
2.72279
2.7152
2.71542
2.71659
2.71967
2.72645
2.74619
1.4053
1.41207
1.43047
1.46943
1.56326
1.75879
2.19057
3.4506
6.71657
6.65623
6.38705
6.10839
5.91939
5.79624
5.69733
5.60124
5.49262
5.37216
5.24464
5.11417
4.98287
4.85158
4.72328
4.59552
4.46924
4.3445
4.22111
4.09955
3.98037
3.86433
3.75231
3.64472
3.54203
3.44413
3.35064
3.26116
3.17491
3.09154
3.01057
2.93183
2.85527
2.78079
2.70867
2.63854
2.5711
2.50554
2.4429
2.38223
2.32448
2.26897
2.21638
2.16612
2.11916
2.07422
2.03215
1.99276
1.95588
1.92224
1.89213
1.86579
1.84561
1.83053
1.83113
1.83471
1.84434
1.86383
1.90682
1.95902
2.01674
2.06542
2.10489
2.11381
2.11594
2.11267
2.10248
2.09395
2.09763
2.1064
2.12402
2.15854
2.20822
2.27355
2.35011
2.42859
2.50174
2.56287
2.61067
2.64267
2.65993
2.66664
2.66973
2.67133
2.67427
2.68
2.69009
2.70249
2.71672
2.73328
2.74344
2.77195
1.40456
1.41155
1.42755
1.46686
1.55542
1.74834
2.18155
3.57961
6.41523
6.11681
5.8081
5.68834
5.63309
5.57717
5.50084
5.40228
5.28968
5.16926
5.04407
4.91563
4.78513
4.65409
4.52295
4.39675
4.27462
4.15602
4.0409
3.92908
3.82103
3.71664
3.61646
3.51994
3.42719
3.33741
3.25037
3.16556
3.08278
3.00187
2.92293
2.84583
2.77094
2.69802
2.62757
2.55923
2.49358
2.43015
2.36952
2.31118
2.25556
2.20233
2.15157
2.10332
2.0572
2.0138
1.97228
1.93315
1.89627
1.86125
1.82984
1.80028
1.77519
1.75442
1.73959
1.73353
1.73783
1.74538
1.76127
1.79056
1.84076
1.89851
1.96039
2.01775
2.06082
2.087
2.10999
2.13095
2.1582
2.19262
2.23269
2.28452
2.34121
2.39672
2.4448
2.48167
2.50714
2.52389
2.53432
2.54143
2.55033
2.56099
2.57674
2.59499
2.61776
2.64104
2.66596
2.68919
2.7118
2.73361
2.7442
2.7697
1.40422
1.41182
1.42628
1.4676
1.55354
1.74827
2.1838
3.64002
6.33151
5.9544
5.6633
5.55335
5.50041
5.43492
5.34351
5.23248
5.11007
4.98133
4.84937
4.71686
4.58577
4.45776
4.33345
4.2138
4.09948
3.99
3.88546
3.7849
3.68802
3.59358
3.50149
3.4107
3.32138
3.23313
3.14622
3.06093
2.97739
2.8961
2.81709
2.74066
2.66679
2.59564
2.52695
2.46109
2.39742
2.33667
2.27803
2.2222
2.16866
2.11768
2.06921
2.02308
1.97954
1.93825
1.89965
1.86308
1.82901
1.79721
1.76752
1.74091
1.71603
1.69495
1.67701
1.6632
1.65592
1.66023
1.66587
1.67898
1.70232
1.74381
1.80315
1.8715
1.95257
2.02878
2.09914
2.16433
2.22698
2.28519
2.33613
2.37413
2.3997
2.41484
2.41496
2.41294
2.40943
2.41054
2.41396
2.42046
2.43362
2.45805
2.48803
2.52218
2.5565
2.59061
2.62214
2.65083
2.67308
2.69375
2.7021
2.72394
1.40445
1.41134
1.4271
1.46666
1.55549
1.7486
2.19123
3.67992
6.30703
5.9066
5.61586
5.50125
5.44271
5.37038
5.26809
5.14219
5.00376
4.86275
4.72497
4.59332
4.46836
4.34956
4.23556
4.125
4.01689
3.91129
3.80752
3.70535
3.60472
3.50563
3.4083
3.31292
3.21977
3.12903
3.04084
2.95535
2.87253
2.79254
2.71532
2.64099
2.56959
2.50116
2.43578
2.37345
2.31421
2.25796
2.20468
2.15419
2.10632
2.06096
2.01775
1.97676
1.93743
1.90008
1.86414
1.82984
1.79705
1.76543
1.73562
1.70705
1.6802
1.65583
1.63296
1.61437
1.59857
1.59241
1.59368
1.59897
1.61221
1.63752
1.68251
1.75136
1.84151
1.94945
2.06367
2.17184
2.26326
2.32821
2.36827
2.36829
2.3646
2.35555
2.33802
2.31768
2.30573
2.30922
2.31622
2.32552
2.34197
2.37267
2.408
2.44748
2.48489
2.52164
2.55258
2.58029
2.59998
2.61829
2.62462
2.64378
)
;

boundaryField
{
    inlet
    {
        type            calculated;
        value           uniform 1.40001;
    }
    outlet
    {
        type            calculated;
        value           nonuniform List<scalar> 
40
(
1.3842
1.52188
1.58222
1.63819
1.68814
1.72585
1.75645
1.78079
1.80104
1.82021
1.83344
1.8452
1.85631
1.86673
1.87599
1.88422
1.89197
1.89931
1.90588
1.91254
1.91954
1.92729
1.9371
1.95114
1.96875
1.99466
2.03501
2.10869
2.24053
2.42316
2.5975
2.69319
2.70991
2.70863
2.71556
2.73849
2.76398
2.76206
2.71656
2.63654
)
;
    }
    top
    {
        type            symmetryPlane;
    }
    bottom
    {
        type            symmetryPlane;
    }
    obstacle
    {
        type            calculated;
        value           nonuniform List<scalar> 
110
(
5.98166
5.98284
5.97056
5.94779
5.91554
5.86771
5.79829
5.69435
5.52475
5.25304
1.89225
1.03412
0.71821
0.64214
0.642342
0.675071
0.765008
0.838474
0.862063
0.861786
0.858957
0.857817
0.858202
0.860038
0.864723
0.871444
0.877558
0.885669
0.902037
0.93615
1.00767
1.17383
1.47218
1.62184
1.64436
1.62769
1.59281
1.5714
1.57295
1.57038
1.57052
1.57406
1.57959
1.59512
1.62494
1.66843
1.72649
1.78764
1.84935
1.90844
1.96059
2.00499
2.04114
2.07239
2.10032
2.11852
2.13316
2.14056
2.14722
2.14864
2.15052
2.14414
2.14042
2.13042
2.12345
2.1105
2.10084
2.0856
2.0739
2.05695
2.0437
2.02539
2.01094
1.99154
1.97619
1.95602
1.94004
1.91942
1.9029
1.88247
1.86548
1.84521
1.82816
1.80801
1.79088
1.77096
1.75376
1.73416
1.717
1.69772
1.6807
1.66182
1.64502
1.62654
1.61001
1.59196
1.57575
1.55813
1.54226
1.52509
1.50963
1.49289
1.47798
1.46172
1.44751
1.43221
1.41912
1.40562
1.39503
1.38748
)
;
    }
    frontAndBack
    {
        type            empty;
    }
}


// ************************************************************************* //
