/*--------------------------------*- C++ -*----------------------------------*\
  =========                 |
  \\      /  F ield         | OpenFOAM: The Open Source CFD Toolbox
   \\    /   O peration     | Website:  https://openfoam.org
    \\  /    A nd           | Version:  13
     \\/     M anipulation  |
\*---------------------------------------------------------------------------*/
FoamFile
{
    format      ascii;
    class       volScalarField;
    location    "5.5";
    object      p;
}
// * * * * * * * * * * * * * * * * * * * * * * * * * * * * * * * * * * * * * //

dimensions      [1 -1 -2 0 0 0 0];

internalField   nonuniform List<scalar> 
5250
(
1.00001
1.00003
1.00009
1.0002
1.00055
1.00128
1.00335
1.0079
1.02007
1.04901
1.12363
1.31721
1.85861
3.44709
8.07969
11.6828
11.2886
11.0518
11.1365
11.367
11.5948
11.7331
11.8383
11.9207
11.9831
1.00001
1.00003
1.00008
1.0002
1.00054
1.00126
1.00327
1.00783
1.01963
1.0484
1.12135
1.31215
1.84318
3.403
7.96515
11.6962
11.2882
11.0421
11.1278
11.3593
11.587
11.7257
11.8324
11.9162
11.98
1
1.00003
1.00008
1.00021
1.00049
1.00129
1.00303
1.00778
1.0187
1.04706
1.11683
1.30121
1.81162
3.30693
7.70865
11.7235
11.2839
11.0125
11.0968
11.3262
11.5519
11.689
11.7952
11.8785
11.9427
1.00001
1.00002
1.00008
1.00018
1.0005
1.00114
1.00307
1.00695
1.01859
1.04321
1.1125
1.28242
1.76541
3.16363
7.31246
11.7641
11.2785
10.9636
11.0435
11.2666
11.4895
11.6229
11.7264
11.808
11.8735
1
1.00002
1.00007
1.00018
1.00044
1.00114
1.00265
1.007
1.01616
1.04216
1.10162
1.2645
1.70124
2.98327
6.78835
11.8036
11.2723
10.8985
10.9706
11.1826
11.4018
11.5299
11.6286
11.7075
11.7756
1
1.00002
1.00007
1.00016
1.00043
1.00097
1.00262
1.00592
1.01579
1.03666
1.09519
1.23684
1.6344
2.77156
6.15956
11.7963
11.2561
10.8183
10.8783
11.0714
11.2841
11.4034
11.4929
11.5653
11.6354
1
1.00002
1.00006
1.00015
1.00036
1.00095
1.00222
1.00569
1.01367
1.03417
1.08444
1.21434
1.56407
2.56591
5.53036
11.6652
11.1909
10.7179
10.7644
10.9301
11.1297
11.2343
11.3072
11.3645
11.4314
1
1.00002
1.00005
1.00014
1.00032
1.00088
1.00198
1.0053
1.0121
1.03174
1.07562
1.19552
1.50749
2.4086
5.07725
11.2453
11.0071
10.6031
10.6301
10.7534
10.93
11.0119
11.0557
11.0796
11.1235
1
1.00002
1.00005
1.00012
1.0003
1.00077
1.00183
1.00472
1.01106
1.02863
1.06852
1.17654
1.45602
2.26141
4.63241
10.5487
10.7155
10.5279
10.4864
10.5495
10.6818
10.7268
10.7196
10.6735
10.6273
1
1.00001
1.00004
1.00011
1.00028
1.00066
1.00173
1.00398
1.01052
1.02439
1.06336
1.15496
1.40794
2.11109
4.189
9.67539
10.5545
10.428
10.3085
10.3326
10.3917
10.3781
10.2951
10.0854
9.7568
1
1.00001
1.00004
1.0001
1.00023
1.00062
1.00142
1.00378
1.00857
1.02289
1.05335
1.13892
1.3522
1.9642
3.73798
8.64389
10.443
10.33
10.1223
10.0956
10.0766
9.9908
9.74525
9.16444
7.65237
1
1.00001
1.00003
1.00008
1.00022
1.00049
1.00132
1.003
1.00794
1.01846
1.04759
1.11614
1.30137
1.80702
3.279
7.45224
10.3604
10.234
9.95536
9.85086
9.76887
9.58577
9.18826
8.38919
6.80736
1
1.00001
1.00003
1.00007
1.00018
1.00041
1.00109
1.00253
1.00651
1.01557
1.03908
1.09643
1.24624
1.65214
2.81542
6.1523
10.2609
10.1335
9.81401
9.61224
9.46705
9.2034
8.70887
7.88572
6.61903
1
1.00001
1.00002
1.00005
1.00015
1.00033
1.00089
1.00201
1.00537
1.01221
1.03209
1.07583
1.19589
1.50426
2.3788
4.84134
9.97088
9.94506
9.70299
9.39288
9.17763
8.86858
8.35879
7.60198
6.59685
1
1.00001
1.00002
1.00004
1.00012
1.00027
1.00072
1.00165
1.00437
1.00994
1.02626
1.06155
1.15931
1.40544
2.10746
4.10866
9.11129
9.66836
9.51301
9.18836
8.91787
8.58784
8.0996
7.4247
6.58884
1
1.00001
1.00001
1.00004
1.00009
1.00023
1.00056
1.00137
1.00344
1.00817
1.02094
1.04996
1.12764
1.32342
1.87394
3.43974
7.64032
9.39011
9.29641
9.03366
8.70178
8.35416
7.89561
7.293
6.57269
1
1
1.00001
1.00003
1.00007
1.00018
1.00044
1.0011
1.00262
1.00671
1.01574
1.04045
1.09767
1.25214
1.66214
2.83404
6.08392
9.21002
9.15775
8.92981
8.53362
8.16161
7.72752
7.18532
6.55183
1
1
1.00001
1.00002
1.00006
1.00013
1.00035
1.0008
1.00208
1.00481
1.01233
1.02936
1.07371
1.18291
1.4741
2.27021
4.43515
8.82382
9.02403
8.83955
8.4302
8.01121
7.58785
7.09451
6.53011
1
1
1.00001
1.00002
1.00004
1.0001
1.00027
1.0006
1.0016
1.00362
1.00956
1.02201
1.05688
1.13764
1.35771
1.95151
3.62493
7.79809
8.77762
8.65585
8.33165
7.8867
7.46913
7.01552
6.50805
1
1
1
1.00001
1.00003
1.00008
1.0002
1.00046
1.00119
1.00273
1.00719
1.01645
1.04301
1.10237
1.26588
1.69498
2.91071
6.15837
8.49964
8.45599
8.24207
7.80148
7.37397
6.9468
6.48605
1
1
1
1.00001
1.00002
1.00006
1.00014
1.00035
1.00084
1.00203
1.00508
1.01203
1.0305
1.07314
1.18588
1.47494
2.26786
4.36911
8.05964
8.31457
8.15825
7.77862
7.31376
6.89326
6.46718
1
1
1
1.00001
1.00002
1.00004
1.0001
1.00026
1.00058
1.00154
1.00347
1.00912
1.02097
1.05399
1.13012
1.33592
1.88188
3.38055
7.01414
8.09989
8.00802
7.73605
7.28157
6.85727
6.45261
1
1
1
1
1.00001
1.00003
1.00007
1.00018
1.00041
1.00109
1.00246
1.00652
1.01479
1.03868
1.09138
1.23589
1.6082
2.6398
5.34176
7.78491
7.80116
7.65484
7.29255
6.85186
6.44992
1
1
1
1
1.00001
1.00002
1.00005
1.00013
1.00029
1.00075
1.00169
1.00446
1.01002
1.02636
1.06101
1.15669
1.39131
2.02623
3.66232
7.12036
7.68067
7.57681
7.29119
6.86137
6.45456
1
1
1
1
1.00001
1.00001
1.00003
1.00008
1.0002
1.00051
1.00117
1.00305
1.0069
1.01813
1.04173
1.1074
1.26398
1.69404
2.83665
5.71847
7.43674
7.41982
7.26774
6.90384
6.47203
1
1
1
1
1
1.00001
1.00002
1.00005
1.00014
1.00032
1.00083
1.0019
1.00487
1.01145
1.02843
1.06908
1.1717
1.43637
2.13168
3.89493
6.92192
7.31287
7.21229
6.94413
6.51274
1
1
1
1
1
1.00001
1.00002
1.00004
1.00009
1.00021
1.00055
1.00125
1.00328
1.00739
1.01941
1.04456
1.11442
1.28065
1.73292
2.90927
5.75517
7.09283
7.0779
6.9328
6.5974
1
1
1
1
1
1
1.00001
1.00003
1.00006
1.00015
1.00034
1.00088
1.002
1.00511
1.01197
1.02972
1.07215
1.17912
1.45479
2.17416
3.98019
6.60649
6.96544
6.88114
6.64756
1
1
1
1
1
1
1.00001
1.00002
1.00004
1.00009
1.00023
1.00053
1.00136
1.0031
1.00804
1.0183
1.04716
1.11119
1.28456
1.72064
2.85991
5.51762
6.74389
6.74353
6.63366
1
1
1
1
1
1
1
1.00001
1.00002
1.00006
1.00014
1.00036
1.0008
1.00208
1.00475
1.01206
1.02839
1.07047
1.17221
1.43575
2.11057
3.77153
6.24217
6.63691
6.58103
1
1
1
1
1
1
1
1.00001
1.00001
1.00004
1.00009
1.00022
1.00051
1.00126
1.00306
1.00726
1.01812
1.04275
1.10696
1.26227
1.67123
2.70027
5.12292
6.40341
6.46455
1
1
1
1
1
1
1
1
1.00001
1.00002
1.00006
1.00013
1.00033
1.00074
1.00189
1.00437
1.01085
1.02589
1.0631
1.15428
1.38472
1.96471
3.35417
5.85863
6.35315
1
1
1
1
1
1
1
1
1.00001
1.00001
1.00003
1.00008
1.0002
1.00046
1.00116
1.00262
1.00679
1.01532
1.03954
1.09189
1.23394
1.58173
2.47965
4.6213
6.06903
1
1
1
1
1
1
1
1
1
1.00001
1.00002
1.00005
1.00011
1.00029
1.00064
1.00166
1.00374
1.00959
1.02202
1.05508
1.13159
1.3286
1.81455
2.97768
5.39588
1
1
1
1
1
1
1
1
1
1.00001
1.00001
1.00003
1.00007
1.00016
1.00041
1.00094
1.00238
1.00538
1.01384
1.0315
1.08008
1.19069
1.48425
2.20551
3.95291
1
1
1
1
1
1
1
1
1
1
1.00001
1.00002
1.00004
1.0001
1.00022
1.00058
1.00129
1.00335
1.00747
1.01931
1.04397
1.11119
1.26757
1.67012
2.63718
1
1
1
1
1
1
1
1
1
1
1
1.00001
1.00002
1.00005
1.00013
1.00032
1.00075
1.00188
1.00428
1.01091
1.02467
1.06274
1.14649
1.36809
1.89286
1
1
1
1
1
1
1
1
1
1
1
1.00001
1.00001
1.00003
1.00008
1.00018
1.00045
1.00102
1.00261
1.00585
1.01503
1.03404
1.0863
1.20428
1.51371
1
1
1
1
1
1
1
1
1
1
1
1
1.00001
1.00002
1.00004
1.00011
1.00024
1.00061
1.00136
1.0035
1.0078
1.02003
1.04538
1.11442
1.27242
1
1
1
1
1
1
1
1
1
1
1
1
1
1.00001
1.00002
1.00006
1.00014
1.00032
1.0008
1.00182
1.00462
1.01031
1.02639
1.05989
1.15022
1
1
1
1
1
1
1
1
1
1
1
1
1
1.00001
1.00001
1.00003
1.00008
1.00018
1.00045
1.00102
1.0026
1.00582
1.01488
1.03356
1.08478
1
1
1
1
1
1
1
1
1
1
1
1
1
1
1.00001
1.00002
1.00004
1.00011
1.00025
1.00063
1.00143
1.00351
1.00835
1.01976
1.04823
1
1
1
1
1
1
1
1
1
1
1
1
1
1
1.00001
1.00001
1.00003
1.00007
1.00017
1.00038
1.00099
1.00222
1.00567
1.01299
1.03242
1
1
1
1
1
1
1
1
1
1
1
1
1
1
1
1.00001
1.00002
1.00005
1.00013
1.0003
1.00079
1.00176
1.00466
1.01057
1.02743
1
1
1
1
1
1
1
1
1
1
1
1
1
1
1
1.00001
1.00002
1.00005
1.00011
1.00029
1.00065
1.00171
1.00396
1.01023
1.02435
1
1
1
1
1
1
1
1
1
1
1
1
1
1
1
1.00001
1.00002
1.00004
1.0001
1.00027
1.00063
1.00161
1.00391
1.00964
1.02404
1
1
1
1
1
1
1
1
1
1
1
1
1
1
1
1.00001
1.00002
1.00004
1.0001
1.00027
1.00061
1.00163
1.0037
1.00994
1.0229
1
1
1
1
1
1
1
1
1
1
1
1
1
1
1
1.00001
1.00002
1.00004
1.0001
1.00026
1.00061
1.00159
1.00378
1.00954
1.02347
1
1
1
1
1
1
1
1
1
1
1
1
1
1
1
1.00001
1.00002
1.00004
1.0001
1.00026
1.0006
1.00159
1.00374
1.00956
1.02329
1
1
1
1
1
1
1
1
1
1
1
1
1
1
1
1.00001
1.00002
1.00004
1.00011
1.00024
1.00065
1.00148
1.00394
1.00919
1.02378
3.29314
2.17254
2.43946
3.45011
3.50109
3.29847
3.16709
3.10763
3.08377
3.06572
3.02867
2.98157
2.93814
2.90371
2.87304
2.84035
2.80615
2.7718
2.73902
2.70811
2.6766
2.64296
2.62138
2.61216
2.60962
2.61494
2.64699
2.71279
2.81404
2.94293
3.08792
3.23988
3.39187
3.53885
3.67551
3.79883
3.90861
4.00534
4.0922
4.16766
4.23107
4.28446
4.3281
4.36721
4.39701
4.4168
4.42934
4.4358
4.43622
4.4336
4.42564
4.41103
4.39312
4.37326
4.35081
4.32667
4.30068
4.27369
4.2459
4.21783
4.18991
4.16256
4.13625
4.11143
4.08856
4.06807
4.05039
4.03585
4.02476
4.01732
4.01361
4.01328
4.01367
4.0149
4.01762
4.02267
4.02723
4.02848
4.02785
4.02575
4.02094
4.01269
3.99831
3.97767
3.95255
3.92342
3.89091
3.85564
3.81804
3.77859
3.73768
3.69575
3.65324
3.61066
3.56864
3.52802
3.48991
3.45577
3.42757
3.40879
4.07967
3.08307
3.15982
3.49994
3.44457
3.27363
3.14288
3.11221
3.12073
3.1058
3.04746
2.98122
2.9283
2.89297
2.86697
2.83831
2.80583
2.77167
2.73832
2.70694
2.67691
2.64678
2.6218
2.61005
2.60654
2.60994
2.63743
2.69967
2.79954
2.92876
3.07411
3.2264
3.37801
3.52489
3.66171
3.78499
3.89448
3.98972
4.07941
4.15621
4.21987
4.27388
4.31886
4.35795
4.38758
4.40832
4.42129
4.42816
4.42886
4.42693
4.42023
4.40592
4.38727
4.36733
4.34549
4.32168
4.2961
4.2693
4.24177
4.21394
4.18624
4.15912
4.13303
4.10842
4.08575
4.06546
4.04794
4.03355
4.02255
4.01513
4.01142
4.0113
4.01172
4.01298
4.01571
4.02046
4.02478
4.02566
4.02506
4.02308
4.0184
4.00958
3.99505
3.97471
3.94989
3.92107
3.88881
3.85366
3.81611
3.77665
3.73571
3.69373
3.65114
3.60845
3.56627
3.52541
3.48695
3.45251
3.42389
3.40481
4.92039
3.88691
3.48109
3.48534
3.44275
3.3186
3.16717
3.11724
3.09842
3.0691
3.02825
2.97719
2.93259
2.90432
2.87931
2.84338
2.80715
2.77075
2.73563
2.70226
2.67178
2.6447
2.6208
2.60623
2.60099
2.60254
2.62529
2.6807
2.77645
2.90589
3.05113
3.2031
3.35284
3.50204
3.64177
3.76645
3.87738
3.9756
4.06489
4.14177
4.20635
4.2611
4.30679
4.34511
4.37493
4.39641
4.41014
4.41741
4.41852
4.41708
4.41169
4.39921
4.37974
4.35943
4.33797
4.31469
4.28965
4.2633
4.23618
4.20876
4.18148
4.15481
4.12916
4.105
4.08277
4.0629
4.04574
4.03164
4.0208
4.01339
4.00951
4.00933
4.00971
4.01081
4.01317
4.01695
4.02028
4.02032
4.0196
4.01735
4.0123
4.00209
3.98709
3.96731
3.94323
3.91514
3.88348
3.84875
3.81148
3.77218
3.73134
3.68939
3.64679
3.60399
3.56165
3.52057
3.48195
3.44712
3.41777
3.39796
5.34513
4.35762
3.76862
3.54081
3.46049
3.3477
3.21827
3.14027
3.10508
3.07404
3.03124
2.97844
2.9312
2.89774
2.86782
2.83604
2.8031
2.76867
2.7346
2.70182
2.67156
2.64548
2.62093
2.60245
2.59167
2.5894
2.60899
2.66051
2.75215
2.88125
3.02387
3.17654
3.32856
3.47706
3.6158
3.74091
3.8525
3.95178
4.04054
4.11807
4.18404
4.23977
4.28632
4.32478
4.35511
4.37736
4.39205
4.40003
4.40184
4.40083
4.39683
4.38695
4.36793
4.34728
4.32593
4.3033
4.27909
4.2536
4.22727
4.20063
4.17414
4.14828
4.12346
4.10014
4.07873
4.05967
4.04329
4.0298
4.01926
4.01185
4.00761
4.00665
4.00687
4.00753
4.00891
4.01105
4.0122
4.01171
4.01004
4.00634
3.99949
3.98826
3.97314
3.95402
3.93091
3.9039
3.87327
3.83941
3.80284
3.76407
3.72362
3.68193
3.63942
3.59661
3.55426
3.51322
3.47435
3.43897
3.40866
3.38772
5.58339
4.69147
4.05867
3.68474
3.51858
3.406
3.28827
3.19124
3.12903
3.08699
3.04046
2.9876
2.94028
2.90331
2.8702
2.83635
2.80145
2.76672
2.73286
2.70063
2.67087
2.64351
2.62019
2.60368
2.59434
2.59583
2.61369
2.66336
2.75237
2.87115
3.00664
3.14901
3.29708
3.44239
3.57932
3.70438
3.81695
3.91759
4.00729
4.08601
4.15366
4.21088
4.25866
4.29788
4.32897
4.35219
4.368
4.37707
4.37991
4.37927
4.37643
4.36899
4.35333
4.33249
4.31103
4.28901
4.26587
4.24161
4.21653
4.19112
4.16587
4.14127
4.11773
4.09571
4.07554
4.05777
4.04246
4.02967
4.01956
4.01218
4.00741
4.00529
4.00455
4.00444
4.00421
4.00369
4.00256
4.00021
3.99584
3.98937
3.98046
3.9685
3.95331
3.93466
3.91243
3.88661
3.85731
3.8248
3.78948
3.75181
3.71227
3.67122
3.62904
3.58677
3.5448
3.50384
3.46478
3.42884
3.39755
3.3753
5.73733
4.94854
4.32421
3.89774
3.64105
3.48715
3.36116
3.25363
3.17261
3.11343
3.06057
3.00755
2.95779
2.9147
2.87701
2.84142
2.80631
2.77161
2.73789
2.70607
2.67721
2.65206
2.63274
2.62126
2.61989
2.6264
2.65118
2.70702
2.78929
2.88853
3.00384
3.12794
3.25601
3.39149
3.52555
3.65199
3.76758
3.87104
3.96266
4.043
4.11243
4.17157
4.22111
4.26184
4.2943
4.319
4.33634
4.34698
4.35144
4.35119
4.3495
4.34449
4.33326
4.31383
4.29277
4.2714
4.24946
4.22675
4.20338
4.17974
4.15627
4.13347
4.11176
4.09153
4.07331
4.05712
4.04308
4.03133
4.02181
4.01444
4.00898
4.00526
4.00284
4.00068
3.99801
3.99443
3.98975
3.98388
3.97647
3.96716
3.95592
3.94255
3.9267
3.90809
3.88655
3.86192
3.83421
3.80348
3.77
3.73406
3.69604
3.65605
3.61529
3.57383
3.53247
3.49182
3.45271
3.41633
3.38415
3.36055
5.84084
5.14503
4.55189
4.10117
3.79086
3.58528
3.43663
3.31698
3.2223
3.14889
3.08829
3.03279
2.98067
2.93375
2.89181
2.85348
2.81758
2.78272
2.74932
2.7187
2.69288
2.67374
2.66325
2.66384
2.6711
2.69495
2.74881
2.81839
2.88274
2.95141
3.03098
3.12116
3.21459
3.31877
3.44178
3.57105
3.69533
3.80723
3.90479
3.98887
4.06089
4.12227
4.17392
4.21666
4.25111
4.27782
4.29726
4.31003
4.31669
4.31767
4.31688
4.31394
4.3067
4.2917
4.27192
4.25148
4.23089
4.21
4.18876
4.16742
4.14633
4.12595
4.10665
4.0888
4.07286
4.05865
4.04628
4.03573
4.02682
4.01932
4.01292
4.00732
4.00224
3.99698
3.99087
3.98351
3.97476
3.96471
3.95342
3.94079
3.92674
3.91118
3.89395
3.87481
3.85356
3.82995
3.80385
3.77517
3.74397
3.71036
3.67443
3.63674
3.59761
3.5576
3.51732
3.47734
3.4385
3.40194
3.36911
3.34432
5.91116
5.29391
4.7399
4.2869
3.94439
3.69885
3.52178
3.38465
3.27793
3.19248
3.12298
3.06267
3.00793
2.95815
2.91338
2.87275
2.83506
2.79966
2.76693
2.73884
2.71907
2.71025
2.71193
2.72171
2.75104
2.81824
2.92089
2.99549
3.03719
3.06961
3.10384
3.14102
3.19787
3.25247
3.33244
3.45214
3.58484
3.71202
3.82379
3.91821
3.99691
4.06255
4.11707
4.16217
4.19889
4.228
4.25005
4.26555
4.27497
4.27887
4.27871
4.2774
4.27344
4.26448
4.24798
4.22936
4.21045
4.1916
4.17284
4.15429
4.13616
4.11879
4.10246
4.0877
4.07424
4.06229
4.05174
4.04239
4.03395
4.02609
4.01844
4.01061
4.00242
3.99307
3.98256
3.97074
3.95754
3.94305
3.92744
3.91086
3.8934
3.87506
3.85581
3.83552
3.81401
3.79101
3.76629
3.73961
3.71086
3.67988
3.64668
3.61161
3.57492
3.53701
3.49839
3.45963
3.42154
3.38521
3.35212
3.32648
5.95906
5.40708
4.89329
4.45154
4.09467
3.82162
3.61707
3.46136
3.33959
3.2425
3.16426
3.09767
3.0392
2.98664
2.93918
2.89627
2.85696
2.82122
2.79005
2.76656
2.75731
2.75931
2.76983
2.80076
2.87285
3.02118
3.16616
3.23572
3.24885
3.24531
3.23268
3.20654
3.20882
3.22583
3.26572
3.33318
3.44121
3.57421
3.70291
3.81598
3.91038
3.98721
4.04867
4.09822
4.13809
4.16986
4.19478
4.21341
4.22615
4.23352
4.23619
4.23594
4.23442
4.23013
4.22067
4.2054
4.18881
4.17233
4.15636
4.14103
4.12639
4.11256
4.09971
4.08819
4.07769
4.06815
4.05936
4.05103
4.04281
4.03423
4.02495
4.01462
4.00243
3.98871
3.97348
3.95683
3.93889
3.91974
3.89964
3.8788
3.85751
3.8359
3.81408
3.79201
3.76959
3.74657
3.7227
3.69764
3.67114
3.64287
3.61266
3.58062
3.54688
3.51163
3.47531
3.4384
3.40168
3.36619
3.33335
3.30741
5.99347
5.49357
5.0185
4.59398
4.23528
3.94594
3.72007
3.54485
3.40786
3.29919
3.2104
3.13714
3.07394
3.01826
2.96821
2.92321
2.88268
2.8472
2.81866
2.80473
2.80627
2.81547
2.84368
2.91208
3.05859
3.31235
3.48147
3.51937
3.51001
3.47653
3.40048
3.30407
3.24383
3.23704
3.24748
3.27735
3.33432
3.42339
3.54539
3.67034
3.78507
3.88191
3.95946
4.01991
4.06705
4.1034
4.13214
4.15417
4.1705
4.18169
4.18826
4.19129
4.19121
4.19016
4.18672
4.17894
4.16641
4.15288
4.14002
4.12819
4.11733
4.10742
4.09857
4.09039
4.0828
4.07553
4.0683
4.06065
4.05229
4.04256
4.03136
4.0175
4.00134
3.98326
3.96344
3.94198
3.91918
3.89526
3.87059
3.84542
3.82015
3.79499
3.77021
3.74582
3.72184
3.69807
3.67431
3.65018
3.62536
3.59943
3.57208
3.54313
3.51258
3.48042
3.44698
3.41259
3.37794
3.344
3.31205
3.28652
6.01903
5.56265
5.12188
4.71752
4.36391
4.06682
3.82593
3.63391
3.48176
3.36035
3.26199
3.18077
3.11183
3.05251
2.9999
2.95289
2.91176
2.87753
2.85444
2.85474
2.86113
2.88378
2.94216
3.07259
3.34374
3.68062
3.8391
3.83622
3.80804
3.73199
3.57794
3.4342
3.33188
3.27424
3.26134
3.26803
3.29086
3.33468
3.40198
3.50377
3.62171
3.73532
3.83419
3.91449
3.97711
4.02465
4.06088
4.08791
4.10861
4.12387
4.13467
4.1418
4.14593
4.14771
4.14748
4.14604
4.14197
4.13346
4.12473
4.11666
4.10956
4.10359
4.09853
4.09374
4.08888
4.08359
4.07757
4.0702
4.06119
4.04991
4.03542
4.01805
3.99845
3.97644
3.95225
3.92615
3.89865
3.87008
3.84097
3.81162
3.78249
3.75379
3.72589
3.69885
3.67279
3.64757
3.6231
3.59902
3.57505
3.55077
3.52567
3.49951
3.47209
3.44323
3.41308
3.3818
3.3499
3.31828
3.28792
3.26364
6.03879
5.61848
5.20814
4.82433
4.47988
4.18165
3.93128
3.72619
3.56019
3.42634
3.31759
3.22814
3.15336
3.08891
3.03399
2.98487
2.94441
2.91256
2.90414
2.90843
2.92565
2.97238
3.08018
3.3075
3.76281
4.11174
4.19469
4.17557
4.1104
3.9648
3.76119
3.58757
3.45619
3.36477
3.30939
3.28584
3.28844
3.30218
3.33137
3.38068
3.45923
3.56306
3.67065
3.7702
3.85485
3.9221
3.97333
4.01123
4.03953
4.06025
4.076
4.0877
4.09648
4.10283
4.10752
4.11108
4.1117
4.11127
4.10985
4.1068
4.1035
4.10133
4.09971
4.09773
4.09512
4.09144
4.08624
4.07847
4.06794
4.05366
4.03636
4.01629
3.99328
3.9674
3.93911
3.90875
3.87698
3.84422
3.81109
3.77793
3.74524
3.71323
3.68227
3.65245
3.62398
3.59678
3.57085
3.54594
3.52185
3.49811
3.47445
3.45036
3.42562
3.39989
3.37313
3.34531
3.31669
3.28808
3.25996
3.23784
6.0558
5.66426
5.281
4.91743
4.58436
4.28889
4.03408
3.81948
3.64184
3.49633
3.37721
3.2791
3.19751
3.12832
3.06991
3.01987
2.98041
2.95905
2.96114
2.97313
3.0094
3.09785
3.29217
3.69658
4.26702
4.53864
4.53551
4.49581
4.38727
4.16638
3.94206
3.7548
3.60573
3.49036
3.40469
3.34604
3.31003
3.30334
3.30874
3.32421
3.35767
3.41227
3.49841
3.59697
3.69584
3.78446
3.85773
3.91453
3.95716
3.98847
4.01182
4.02953
4.04338
4.05509
4.06511
4.07406
4.08153
4.08782
4.09288
4.09595
4.09818
4.10008
4.10144
4.10114
4.10006
4.09755
4.09243
4.08339
4.07053
4.05425
4.03454
4.01129
3.98474
3.9552
3.92321
3.88919
3.85385
3.81761
3.78114
3.74475
3.70897
3.67397
3.64016
3.6076
3.57657
3.54702
3.51909
3.49259
3.46745
3.44326
3.41994
3.397
3.37419
3.35107
3.32745
3.30311
3.27802
3.2529
3.22753
3.20843
6.07349
5.70475
5.34494
5.00037
4.67933
4.38897
4.13266
3.91178
3.72507
3.56924
3.44018
3.33335
3.24463
3.17041
3.10856
3.05899
3.02251
3.02038
3.02746
3.054
3.12357
3.28132
3.61235
4.2754
4.77116
4.88774
4.86295
4.78021
4.59763
4.34596
4.1196
3.92863
3.76943
3.63753
3.52951
3.44334
3.37765
3.33316
3.3078
3.30878
3.31397
3.33094
3.36798
3.43188
3.52008
3.61516
3.70646
3.78611
3.85071
3.90022
3.93718
3.96489
3.98654
4.00468
4.02084
4.03578
4.04987
4.06285
4.07452
4.08425
4.09223
4.09826
4.10265
4.10249
4.10166
4.09947
4.0946
4.08473
4.0702
4.0513
4.02843
4.0018
3.97189
3.93908
3.90401
3.86708
3.82899
3.7901
3.75105
3.7121
3.67378
3.63624
3.59988
3.56477
3.53123
3.49923
3.469
3.44042
3.41353
3.38801
3.36407
3.34128
3.31943
3.29809
3.27694
3.25565
3.2339
3.2124
3.19001
3.17459
6.09626
5.74479
5.40409
5.07613
4.76709
4.48247
4.22695
4.00229
3.80857
3.644
3.5058
3.39054
3.29476
3.2154
3.15163
3.10249
3.08339
3.08799
3.10806
3.16406
3.29582
3.58062
4.16843
4.88655
5.18908
5.18299
5.13451
5.00887
4.75756
4.51021
4.29214
4.10296
3.93854
3.79527
3.6708
3.56404
3.47454
3.40209
3.34748
3.31125
3.29855
3.29875
3.30458
3.32495
3.36909
3.4426
3.53148
3.62446
3.71061
3.78384
3.84224
3.88722
3.92208
3.95026
3.97442
3.99633
4.01697
4.03644
4.0547
4.07045
4.084
4.09377
4.10136
4.1017
4.10082
4.09834
4.09267
4.08124
4.06419
4.04244
4.01655
3.98693
3.95421
3.91882
3.8814
3.84235
3.80229
3.76152
3.72061
3.67978
3.63951
3.59992
3.56143
3.52408
3.48822
3.45385
3.42125
3.39035
3.36126
3.33391
3.30862
3.28511
3.26326
3.24267
3.22302
3.20394
3.1849
3.16672
3.14717
3.13579
6.13189
5.78771
5.4606
5.14613
4.84747
4.56962
4.31622
4.0897
3.89097
3.71944
3.57331
3.45036
3.34801
3.26434
3.20013
3.15834
3.15972
3.173
3.21614
3.32368
3.56263
4.063
4.89129
5.38356
5.46843
5.43952
5.3489
5.15457
4.90041
4.66689
4.45982
4.27469
4.10761
3.95629
3.81967
3.6974
3.58934
3.49594
3.41785
3.35542
3.31005
3.28718
3.27638
3.27733
3.28665
3.3132
3.3681
3.45011
3.54144
3.63288
3.71535
3.78479
3.84104
3.88608
3.92285
3.95417
3.98227
4.00818
4.03218
4.05373
4.07194
4.08504
4.09516
4.09564
4.09454
4.09136
4.08435
4.07035
4.05092
4.02669
3.99837
3.96648
3.93171
3.89449
3.85547
3.815
3.77363
3.73163
3.68949
3.64738
3.60572
3.56461
3.52445
3.48526
3.44742
3.41092
3.3761
3.34286
3.31149
3.2822
3.25523
3.23042
3.20775
3.18691
3.16764
3.14969
3.13236
3.11677
3.09955
3.09213
6.18631
5.83469
5.51506
5.21134
4.92225
4.65077
4.40045
4.17381
3.97171
3.79492
3.64222
3.51279
3.40485
3.31939
3.25639
3.24074
3.24922
3.28233
3.37012
3.57012
3.99105
4.83633
5.50739
5.71178
5.69775
5.63828
5.49823
5.26204
5.02911
4.81595
4.62096
4.44028
4.27193
4.11499
3.96953
3.83574
3.71399
3.60469
3.5083
3.42555
3.35716
3.30512
3.2708
3.2557
3.2474
3.251
3.26694
3.30322
3.3714
3.46027
3.55517
3.64792
3.73094
3.80082
3.85771
3.90412
3.94304
3.97672
4.00648
4.03243
4.05478
4.07048
4.08201
4.08222
4.08094
4.07715
4.06886
4.05237
4.03054
4.00419
3.97402
3.94057
3.90448
3.86616
3.8262
3.78493
3.74286
3.70019
3.65737
3.61449
3.57197
3.52984
3.48849
3.44791
3.40849
3.37021
3.33343
3.29812
3.26488
3.23378
3.20508
3.17865
3.15457
3.13266
3.11277
3.09485
3.07811
3.06414
3.04847
3.04445
6.24722
5.88692
5.56822
5.27228
4.99165
4.72698
4.4803
4.2546
4.05074
3.87016
3.71259
3.57808
3.46726
3.38223
3.3369
3.34128
3.36565
3.43746
3.60872
3.97815
4.73504
5.55393
5.90712
5.91301
5.88036
5.786
5.59006
5.36382
5.15344
4.95833
4.7738
4.59748
4.42884
4.26825
4.11653
3.97437
3.84242
3.72118
3.61107
3.51283
3.42694
3.35441
3.29679
3.25451
3.2328
3.21905
3.21989
3.22893
3.25347
3.30391
3.38363
3.48211
3.58465
3.68061
3.76426
3.83401
3.89095
3.93708
3.97483
4.00561
4.03063
4.04861
4.06038
4.06016
4.0586
4.0543
4.04494
4.02654
4.00289
3.975
3.94363
3.9093
3.87256
3.8338
3.79354
3.75205
3.70981
3.66697
3.62394
3.58077
3.53783
3.49513
3.45301
3.41147
3.37089
3.33124
3.29297
3.25631
3.2217
3.1891
3.15877
3.13063
3.10485
3.08137
3.06017
3.04144
3.02435
3.01099
2.99606
2.99451
6.35865
5.96193
5.62726
5.33276
5.05842
4.79974
4.55718
4.33295
4.12873
3.94528
3.78492
3.64745
3.5385
3.45892
3.45366
3.46903
3.52557
3.67032
3.99225
4.66193
5.56248
6.03806
6.11376
6.09014
6.01733
5.86234
5.65988
5.4622
5.27489
5.09452
4.91832
4.74562
4.57731
4.41446
4.25844
4.11026
3.97075
3.84068
3.7204
3.61055
3.51152
3.42398
3.34884
3.28722
3.24044
3.21101
3.19737
3.19452
3.20008
3.21725
3.25469
3.32209
3.41903
3.52513
3.63088
3.72751
3.81007
3.87677
3.92889
3.96842
3.99762
4.01782
4.02935
4.0289
4.02682
4.02171
4.0114
3.99198
3.96749
3.93907
3.90737
3.87286
3.8361
3.79747
3.75744
3.71626
3.67432
3.63177
3.58894
3.54588
3.50289
3.45998
3.41748
3.37538
3.33404
3.29366
3.25477
3.21739
3.18184
3.14804
3.11629
3.08654
3.05908
3.03391
3.01116
2.99118
2.97317
2.95965
2.94491
2.94469
6.40173
6.03895
5.69419
5.39527
5.12429
4.87015
4.63168
4.40947
4.2057
4.02205
3.86031
3.72496
3.62126
3.58097
3.59181
3.63745
3.76083
4.04242
4.63404
5.56829
6.14582
6.28272
6.2682
6.21506
6.09465
5.91293
5.73343
5.56174
5.39282
5.22369
5.05382
4.8842
4.71656
4.55252
4.39381
4.24151
4.09679
3.96023
3.83253
3.71402
3.60527
3.50664
3.4189
3.34276
3.27922
3.22992
3.19545
3.17989
3.17789
3.18202
3.19528
3.22506
3.27944
3.36574
3.47089
3.58122
3.68617
3.7777
3.85201
3.90824
3.94815
3.9737
3.98781
3.98736
3.98521
3.97967
3.96842
3.94874
3.92446
3.89648
3.86531
3.83137
3.79522
3.75726
3.71793
3.67749
3.63625
3.59436
3.55207
3.50944
3.4667
3.4239
3.38131
3.3391
3.29781
3.25753
3.21857
3.18086
3.14469
3.11003
3.07718
3.04617
3.01731
2.99071
2.96654
2.94531
2.92628
2.91224
2.89757
2.89772
6.38163
6.15941
5.78757
5.4682
5.19211
4.93991
4.70446
4.48495
4.28261
4.10027
3.94179
3.81526
3.73884
3.74392
3.77816
3.88256
4.13091
4.65816
5.59444
6.23713
6.43236
6.42492
6.38661
6.29305
6.13147
5.96919
5.81466
5.66201
5.50595
5.34503
5.18013
5.01331
4.84677
4.6825
4.52231
4.36746
4.21912
4.07805
3.94488
3.82015
3.70423
3.59764
3.50078
3.41432
3.33891
3.27556
3.22539
3.18951
3.17108
3.17143
3.17533
3.18618
3.20973
3.25677
3.32812
3.42393
3.52965
3.6345
3.72933
3.80757
3.86635
3.9057
3.9289
3.93366
3.9321
3.92731
3.91695
3.89821
3.87461
3.84744
3.81729
3.78455
3.74967
3.71299
3.6749
3.63562
3.59545
3.55451
3.51304
3.47107
3.42882
3.38641
3.34438
3.30291
3.26227
3.22245
3.18368
3.14593
3.1095
3.07437
3.04089
3.0091
2.97936
2.95181
2.92668
2.90459
2.88488
2.8704
2.85613
2.85637
6.32216
6.1862
5.89305
5.55401
5.26527
5.0108
4.77714
4.56025
4.36131
4.18347
4.03719
3.92875
3.92429
3.9492
4.0389
4.2633
4.74458
5.66052
6.34124
6.58434
6.57906
6.5467
6.46603
6.32038
6.17437
6.03703
5.90168
5.76173
5.61403
5.45876
5.29767
5.13339
4.96823
4.80443
4.64371
4.48748
4.33691
4.19285
4.05595
3.92688
3.80593
3.69374
3.59053
3.49695
3.41337
3.34055
3.27916
3.23005
3.19497
3.17315
3.17277
3.17594
3.18567
3.20587
3.24165
3.29928
3.37959
3.47234
3.56917
3.66066
3.73864
3.79848
3.8389
3.8608
3.86293
3.86091
3.85476
3.84143
3.81939
3.79294
3.76376
3.73241
3.69926
3.66441
3.62806
3.59038
3.55163
3.51194
3.47148
3.43035
3.38902
3.3478
3.30697
3.26656
3.22677
3.18761
3.14929
3.11185
3.07556
3.04047
3.0069
2.97493
2.94493
2.91708
2.89169
2.86936
2.84978
2.83532
2.8226
2.82298
6.22368
6.15982
5.9857
5.6494
5.34606
5.08489
4.85096
4.63737
4.44459
4.28041
4.15498
4.1241
4.14623
4.22986
4.44388
4.9052
5.79294
6.47551
6.73587
6.73145
6.70055
6.62274
6.48383
6.35129
6.2314
6.11471
5.99239
5.86018
5.7174
5.56563
5.4073
5.24515
5.08155
4.91865
4.75816
4.60145
4.44978
4.30394
4.16479
4.03287
3.90873
3.79282
3.68554
3.58729
3.49845
3.41945
3.35077
3.29267
3.24631
3.2115
3.18995
3.18221
3.18358
3.18963
3.20303
3.22832
3.27007
3.33018
3.40543
3.48814
3.57063
3.64564
3.70659
3.74962
3.77344
3.77793
3.7762
3.7703
3.75712
3.73363
3.70598
3.67603
3.64454
3.61156
3.57718
3.54142
3.50446
3.46625
3.42712
3.38751
3.34783
3.30817
3.26872
3.22953
3.19078
3.15251
3.11498
3.07823
3.04254
3.00798
2.97488
2.94336
2.91379
2.88641
2.86161
2.83998
2.8216
2.80819
2.79865
2.79931
6.07306
6.0703
5.98281
5.77053
5.44723
5.16831
4.9297
4.72013
4.54154
4.40227
4.35376
4.37379
4.45545
4.66948
5.13295
6.00772
6.67009
6.91549
6.908
6.8675
6.77247
6.62685
6.50191
6.39799
6.30096
6.19838
6.0837
5.95556
5.81535
5.66571
5.50939
5.34916
5.18719
5.0256
4.86587
4.70952
4.5576
4.41113
4.27089
4.13756
4.0117
3.89378
3.78423
3.68337
3.59149
3.50885
3.43547
3.37174
3.31743
3.27283
3.23785
3.21339
3.19736
3.1911
3.19224
3.19595
3.20592
3.22805
3.27128
3.32573
3.39154
3.46424
3.53499
3.59634
3.64278
3.67087
3.68164
3.68071
3.67628
3.66547
3.6435
3.6167
3.58676
3.55515
3.52238
3.48851
3.45344
3.4171
3.38008
3.34258
3.3048
3.26686
3.22894
3.19115
3.15369
3.11666
3.08029
3.04467
3.01007
2.97659
2.94456
2.91416
2.8858
2.85979
2.8366
2.81686
2.80106
2.79044
2.78555
2.78651
5.67905
5.97151
5.94032
5.81742
5.55588
5.26275
5.01794
4.81872
4.66584
4.60714
4.62743
4.71329
4.93968
5.42968
6.30788
6.93892
7.14348
7.12725
7.06286
6.92262
6.75808
6.6341
6.54128
6.46138
6.37841
6.28301
6.17186
6.04574
5.90714
5.75915
5.60465
5.44621
5.28602
5.12587
4.96743
4.81191
4.66063
4.51439
4.37422
4.24066
4.11449
3.99603
3.88584
3.78402
3.69091
3.60635
3.53048
3.46274
3.40295
3.3507
3.3056
3.26772
3.23636
3.21228
3.19256
3.18417
3.17498
3.176
3.18232
3.19918
3.23446
3.28659
3.34694
3.41172
3.47253
3.52248
3.55664
3.57588
3.57728
3.57513
3.56781
3.55198
3.52579
3.49616
3.4646
3.43216
3.3987
3.36481
3.33031
3.2952
3.25957
3.22358
3.18745
3.15135
3.11551
3.08006
3.04524
3.01118
2.97814
2.94628
2.91597
2.88745
2.86117
2.83759
2.81725
2.80097
2.78922
2.78356
2.78396
2.78621
4.7827
5.74845
5.84982
5.79817
5.65682
5.3737
5.12895
4.94773
4.88075
4.90376
5.00048
5.25289
5.79585
6.6924
7.28396
7.42828
7.39891
7.30114
7.09879
6.9072
6.76822
6.67373
6.60196
6.5336
6.45584
6.36273
6.2531
6.12852
5.99169
5.84568
5.69321
5.53681
5.37852
5.22017
5.06332
4.90926
4.75926
4.61419
4.47508
4.34251
4.21726
4.09964
3.99015
3.88877
3.79569
3.71051
3.63301
3.5624
3.49815
3.43947
3.38578
3.33667
3.29191
3.25153
3.21578
3.18439
3.16274
3.14122
3.12333
3.124
3.12919
3.14385
3.17514
3.22459
3.28097
3.33989
3.3929
3.43425
3.46008
3.47104
3.47023
3.46599
3.45525
3.4332
3.40455
3.37364
3.34192
3.30988
3.27754
3.24475
3.21149
3.17781
3.14389
3.10991
3.07609
3.04265
3.0098
2.97777
2.94683
2.91726
2.8894
2.86366
2.84057
2.82069
2.80479
2.79392
2.78796
2.78823
2.79012
2.79617
3.12493
5.21076
5.72935
5.73329
5.67438
5.52405
5.28857
5.18086
5.20626
5.31801
5.60977
6.23278
7.15909
7.70894
7.77491
7.72689
7.58726
7.3118
7.08575
6.9232
6.81401
6.73849
6.67402
6.60687
6.52808
6.4344
6.3255
6.2028
6.0685
5.92521
5.77541
5.62148
5.46552
5.30932
5.15455
5.00253
4.85452
4.71149
4.57441
4.44393
4.32074
4.20512
4.09741
3.99746
3.90519
3.81996
3.74118
3.66786
3.59924
3.53431
3.47253
3.41331
3.35667
3.30259
3.25165
3.20437
3.16173
3.12787
3.09351
3.06657
3.0504
3.05111
3.05633
3.07089
3.10187
3.15027
3.20463
3.25876
3.30542
3.33888
3.3591
3.36249
3.36071
3.35431
3.34003
3.31345
3.2842
3.2536
3.22265
3.19163
3.16057
3.12939
3.09806
3.06667
3.03539
3.00445
2.97411
2.9447
2.91652
2.88998
2.86552
2.84368
2.82519
2.81059
2.80152
2.7967
2.79725
2.80023
2.8083
2.827
2.25469
4.00032
5.39731
5.66537
5.65934
5.61752
5.52634
5.55197
5.67976
6.02362
6.75105
7.69518
8.19678
8.18969
8.10653
7.89816
7.57712
7.30977
7.11465
6.98269
6.89206
6.81979
6.75145
6.67695
6.59266
6.49651
6.38791
6.26744
6.1364
5.99668
5.85039
5.69975
5.54682
5.39354
5.24156
5.09239
4.94723
4.8072
4.67315
4.54582
4.42572
4.31307
4.20788
4.10984
4.01859
3.93318
3.85277
3.77617
3.70257
3.63101
3.56107
3.49231
3.42494
3.35906
3.29543
3.23457
3.17749
3.12594
3.08144
3.03868
3.00217
2.97713
2.96522
2.96657
2.97305
2.98949
3.02361
3.07127
3.12392
3.17343
3.21397
3.24063
3.25439
3.25394
3.2507
3.24175
3.22285
3.19633
3.16717
3.13754
3.1082
3.07918
3.05043
3.02188
2.99359
2.96572
2.93857
2.91249
2.88792
2.86543
2.84556
2.82915
2.81699
2.81008
2.80785
2.80913
2.814
2.8257
2.84682
2.88986
1.67277
2.60596
4.62024
5.47921
5.65921
5.72216
5.82381
6.05357
6.5366
7.46671
8.34202
8.7189
8.6877
8.54298
8.22643
7.87215
7.57907
7.35424
7.19627
7.08297
6.99165
6.9085
6.82631
6.74041
6.6485
6.54889
6.44037
6.32239
6.19525
6.05996
5.91817
5.77182
5.62294
5.47353
5.32533
5.17994
5.03863
4.90256
4.77258
4.64933
4.53314
4.424
4.32169
4.22566
4.13498
4.04852
3.96529
3.88432
3.80477
3.72599
3.64768
3.56978
3.49257
3.41653
3.34224
3.27054
3.20203
3.1378
3.07937
3.02762
2.97837
2.93535
2.9035
2.88139
2.8757
2.87787
2.88614
2.90543
2.94441
2.99173
3.04175
3.08669
3.12075
3.14223
3.14892
3.14777
3.14299
3.13165
3.10885
3.08315
3.05588
3.02868
3.00212
2.97627
2.95119
2.92692
2.90369
2.88191
2.86212
2.8451
2.83141
2.8226
2.81851
2.819
2.82206
2.83042
2.84786
2.88101
2.91093
2.97101
1.35857
1.87452
3.04607
4.98827
5.62089
5.93919
6.38725
7.10267
8.27046
9.14584
9.34576
9.27334
9.04443
8.5855
8.19324
7.87906
7.6348
7.45778
7.32176
7.20591
7.09923
6.99662
6.89616
6.79637
6.69554
6.59157
6.4825
6.36685
6.24383
6.11372
5.97745
5.83673
5.69327
5.54918
5.40611
5.26583
5.12958
4.9986
4.87365
4.75526
4.64348
4.53792
4.4381
4.34293
4.25144
4.16256
4.07534
3.98884
3.9025
3.81601
3.72939
3.6429
3.55698
3.47221
3.38923
3.30871
3.23131
3.15775
3.08877
3.02571
2.96891
2.91514
2.86795
2.82972
2.80299
2.78541
2.78567
2.78923
2.80013
2.82393
2.86618
2.914
2.96079
3.00073
3.02842
3.04505
3.0466
3.04482
3.0387
3.02522
3.00296
2.97914
2.95492
2.93164
2.90968
2.88927
2.8706
2.85426
2.84078
2.83107
2.82577
2.82608
2.82829
2.83499
2.84949
2.87719
2.91086
2.95858
2.9953
3.06278
1.1992
1.4974
2.2017
3.8499
5.42748
6.38881
7.5715
9.1524
10.0648
10.071
9.93414
9.57
9.02353
8.56394
8.21342
7.94997
7.75989
7.60739
7.46908
7.33598
7.2065
7.08144
6.96169
6.84712
6.73621
6.62669
6.51588
6.40174
6.28252
6.15793
6.02809
5.89429
5.7578
5.62065
5.48432
5.35066
5.22091
5.09624
4.97714
4.86381
4.75611
4.65349
4.55503
4.45953
4.36591
4.27307
4.18024
4.08695
3.99298
3.89852
3.8038
3.70943
3.61583
3.52375
3.43365
3.34621
3.26189
3.18127
3.10482
3.03316
2.96725
2.90724
2.85078
2.80024
2.75855
2.72592
2.70364
2.69502
2.6964
2.70253
2.71778
2.74926
2.79243
2.8396
2.88303
2.91783
2.93968
2.95156
2.95133
2.94906
2.94244
2.9284
2.90923
2.88994
2.87149
2.85525
2.84166
2.8322
2.82655
2.82692
2.82911
2.83529
2.84863
2.87253
2.90523
2.94838
2.99431
3.04987
3.0897
3.15438
1.11444
1.28189
1.68784
2.66725
4.84758
7.32481
9.9804
11.0039
10.9509
10.6747
10.0746
9.47781
8.97853
8.59652
8.3083
8.10294
7.93512
7.77717
7.61963
7.46256
7.30918
7.16271
7.02466
6.89529
6.77316
6.65634
6.54203
6.42798
6.31177
6.19264
6.06987
5.94422
5.81625
5.68766
5.55981
5.43438
5.31243
5.1949
5.0821
4.97393
4.86983
4.76885
4.66997
4.57206
4.47416
4.37559
4.27592
4.17519
4.07351
3.97144
3.86939
3.76813
3.66809
3.57002
3.47426
3.38144
3.2918
3.20588
3.12382
3.04621
2.97326
2.90588
2.84387
2.78568
2.73328
2.68892
2.65238
2.62647
2.60963
2.6097
2.61253
2.62167
2.64196
2.68128
2.72652
2.77197
2.81094
2.84032
2.85791
2.86748
2.86728
2.86545
2.86044
2.84997
2.83739
2.82712
2.82
2.82025
2.82234
2.82832
2.84105
2.8621
2.8934
2.93519
2.98321
3.0371
3.0892
3.14436
3.18088
3.23521
1.07707
1.1911
1.47791
2.22582
4.14085
8.60152
11.838
11.7919
11.4325
10.6622
9.96164
9.42228
9.02261
8.71943
8.49861
8.30887
8.12713
7.9447
7.76131
7.58066
7.40631
7.24124
7.08653
6.94258
6.80835
6.68241
6.56249
6.44646
6.33223
6.218
6.10253
5.98573
5.86767
5.74943
5.63198
5.51634
5.40351
5.29375
5.18719
5.08318
4.98107
4.87973
4.77833
4.67597
4.57219
4.46677
4.35975
4.25156
4.14267
4.03376
3.92545
3.8184
3.7132
3.6103
3.51019
3.41315
3.31951
3.22951
3.14335
3.06129
2.98353
2.91044
2.84254
2.77954
2.72052
2.66752
2.62119
2.58265
2.55285
2.53303
2.5271
2.52864
2.5348
2.54978
2.58063
2.62376
2.66987
2.7128
2.74767
2.7734
2.78946
2.79919
2.80426
2.8051
2.80512
2.80566
2.80793
2.81401
2.82683
2.84566
2.8741
2.9145
2.9628
3.01762
3.07479
3.132
3.18238
3.22949
3.25745
3.29825
1.06471
1.16531
1.42045
2.13591
4.16274
9.3974
11.9334
11.7317
11.1882
10.4422
9.86824
9.46754
9.16831
8.93785
8.72556
8.51547
8.3048
8.09524
7.88945
7.69007
7.49937
7.31871
7.14929
6.9913
6.84476
6.70861
6.58176
6.46213
6.34812
6.23742
6.12876
6.02053
5.91275
5.80558
5.69911
5.59381
5.49024
5.38786
5.28649
5.1851
5.0831
4.97953
4.87393
4.76595
4.65558
4.54319
4.42917
4.3143
4.19921
4.08469
3.97138
3.85985
3.75069
3.64418
3.54079
3.44061
3.344
3.25096
3.16177
3.07643
2.9952
2.91818
2.84564
2.77807
2.71481
2.65594
2.60275
2.55573
2.51589
2.48408
2.46216
2.4518
2.45264
2.45698
2.46849
2.49297
2.53344
2.58035
2.62652
2.66745
2.70057
2.72592
2.74509
2.76
2.77313
2.78644
2.80373
2.82324
2.84875
2.88555
2.93249
2.98747
3.04738
3.10871
3.167
3.21938
3.26132
3.29617
3.31432
3.34245
1.06168
1.15315
1.39929
2.09084
4.13011
9.66076
11.6359
11.3605
10.7565
10.2467
9.88559
9.60391
9.36922
9.14129
8.90912
8.6748
8.44272
8.21591
7.9961
7.78422
7.58132
7.38841
7.20653
7.0364
6.87852
6.73275
6.59851
6.47458
6.35943
6.25123
6.14815
6.04847
5.95095
5.85393
5.7581
5.66271
5.5672
5.47081
5.37281
5.27237
5.16889
5.06201
4.95155
4.83792
4.72139
4.60293
4.48307
4.36292
4.24306
4.12438
4.00743
3.8927
3.78073
3.67164
3.56593
3.46349
3.36471
3.26948
3.17804
3.09035
3.00657
2.92674
2.85108
2.77967
2.71307
2.65031
2.5923
2.53954
2.49268
2.45251
2.42011
2.39692
2.38452
2.38498
2.38837
2.39798
2.41891
2.45851
2.5064
2.55644
2.60381
2.64597
2.68245
2.71466
2.74469
2.77527
2.8091
2.84695
2.8927
2.94652
3.00702
3.07143
3.13558
3.1954
3.24713
3.28911
3.31965
3.34243
3.35251
3.37135
1.05924
1.15008
1.38928
2.07088
4.08798
9.64456
11.5183
11.216
10.6204
10.2331
9.96342
9.73386
9.50427
9.26632
9.02313
8.77994
8.54046
8.30672
8.07961
7.85984
7.64831
7.44623
7.25484
7.07533
6.90853
6.75495
6.61443
6.48649
6.36986
6.26312
6.16426
6.07146
5.9826
5.89582
5.80895
5.72146
5.63195
5.5395
5.44306
5.34213
5.23626
5.1257
5.01066
4.89206
4.77052
4.64731
4.52311
4.39912
4.27591
4.15434
4.03491
3.91801
3.80414
3.69329
3.58596
3.48194
3.38162
3.28481
3.19174
3.10235
3.01672
2.9349
2.85699
2.78307
2.71338
2.64795
2.58665
2.52996
2.47838
2.43245
2.39296
2.36097
2.33782
2.32556
2.3261
2.32948
2.3389
2.35932
2.40016
2.45108
2.50657
2.56276
2.61704
2.66905
2.71959
2.77172
2.82518
2.88484
2.94956
3.01818
3.08778
3.15495
3.21571
3.26727
3.30798
3.33811
3.35823
3.37178
3.37739
3.38889
1.06029
1.14684
1.38924
2.06348
4.08182
9.66169
11.4365
11.1226
10.5434
10.1981
9.97114
9.76744
9.54959
9.31767
9.07895
8.839
8.60074
8.36598
8.13597
7.91194
7.69526
7.48742
7.28994
7.10421
6.93137
6.77226
6.6272
6.49609
6.37819
6.27224
6.17646
6.08869
6.00651
5.92734
5.84838
5.76701
5.68198
5.59181
5.4959
5.39362
5.28535
5.1713
5.05258
4.93
4.80488
4.67824
4.55115
4.4246
4.29925
4.17588
4.05485
3.93663
3.82149
3.70955
3.60111
3.49604
3.39466
3.29675
3.20257
3.11194
3.02505
2.9418
2.86235
2.78667
2.71494
2.64733
2.58365
2.5243
2.46957
2.4198
2.37559
2.33768
2.30728
2.2854
2.27636
2.2774
2.28186
2.29324
2.31739
2.36186
2.41861
2.48363
2.55319
2.62515
2.69851
2.77389
2.85145
2.93162
3.01239
3.09083
3.16321
3.22648
3.27861
3.31914
3.34855
3.36889
3.38125
3.38914
3.39214
3.39892
1.05852
1.14761
1.38433
2.05763
4.05757
9.60098
11.3866
11.0755
10.4914
10.1583
9.95877
9.77628
9.5726
9.34889
9.11478
8.87723
8.63964
8.40417
8.17239
7.94587
7.72621
7.51505
7.31398
7.1245
6.94793
6.78531
6.63728
6.50404
6.38521
6.27977
6.18606
6.10179
6.02424
5.9503
5.87683
5.80036
5.71854
5.62994
5.53394
5.43033
5.31971
5.20291
5.08116
4.95579
4.82798
4.69919
4.57007
4.44209
4.31524
4.19097
4.06878
3.94995
3.8338
3.72136
3.61199
3.5064
3.40412
3.30559
3.2105
3.11911
3.03125
2.94706
2.86649
2.78966
2.71654
2.64733
2.58207
2.52091
2.46398
2.41169
2.36434
2.32267
2.28725
2.25989
2.2408
2.23856
2.24049
2.24704
2.26242
2.29426
2.34778
2.4162
2.4964
2.58567
2.68119
2.78019
2.88067
2.97894
3.07114
3.15352
3.22326
3.27924
3.3218
3.3526
3.37336
3.3872
3.39483
3.39914
3.40075
3.40483
1.05844
1.14696
1.3832
2.05384
4.04654
9.57353
11.3669
11.0512
10.4565
10.1265
9.94276
9.77732
9.58472
9.36643
9.13463
8.89808
8.66077
8.42501
8.19243
7.96471
7.74354
7.53063
7.32761
7.13606
6.95739
6.79277
6.64303
6.50857
6.38922
6.28415
6.19177
6.10977
6.03518
5.96458
5.89445
5.82112
5.74173
5.65441
5.55842
5.45382
5.34152
5.22268
5.09887
4.97154
4.84208
4.71183
4.58162
4.45268
4.32513
4.20024
4.0775
3.95827
3.84159
3.72886
3.61891
3.51308
3.41017
3.31137
3.21562
3.12388
3.03533
2.95067
2.86936
2.79187
2.71793
2.64787
2.58163
2.51933
2.4611
2.40723
2.35801
2.31402
2.27567
2.24466
2.22093
2.21175
2.21288
2.2175
2.22903
2.25329
2.3011
2.36857
2.45426
2.55598
2.66927
2.78832
2.90664
3.01748
3.11562
3.19762
3.26269
3.31182
3.34713
3.37153
3.38689
3.39728
3.40212
3.40431
3.40515
3.40764
1.05761
1.14755
1.3816
2.05104
4.03862
9.54901
11.3544
11.039
10.4393
10.1107
9.93496
9.7784
9.59153
9.37585
9.14503
8.90895
8.67185
8.43607
8.20319
7.9749
7.75295
7.5391
7.33504
7.1424
6.96263
6.79697
6.64633
6.51122
6.39156
6.28663
6.19488
6.11396
6.0408
5.97181
5.90326
5.83149
5.75333
5.66666
5.57067
5.4655
5.35226
5.23232
5.1074
4.97903
4.84871
4.71772
4.58693
4.4575
4.32957
4.20433
4.08132
3.96182
3.84488
3.73193
3.62171
3.51568
3.41247
3.31347
3.21741
3.12545
3.03657
2.95164
2.86998
2.79216
2.71781
2.6473
2.58054
2.5177
2.45892
2.40435
2.35432
2.30927
2.26969
2.23687
2.21137
2.19791
2.19865
2.20241
2.21233
2.23365
2.27666
2.34316
2.43146
2.54017
2.66399
2.79491
2.9233
3.04036
3.14034
3.22077
3.28236
3.32742
3.35894
3.38018
3.39313
3.40175
3.40546
3.40679
3.40714
3.40865
)
;

boundaryField
{
    inlet
    {
        type            fixedValue;
        value           uniform 1;
    }
    outlet
    {
        type            waveTransmissive;
        gamma           1.4;
        fieldInf        1;
        lInf            3;
        value           nonuniform List<scalar> 
40
(
3.40034
3.39633
3.38946
3.37919
3.36675
3.35197
3.33571
3.31783
3.2987
3.27771
3.25469
3.22871
3.19905
3.16495
3.12589
3.08202
3.03422
2.98429
2.93464
2.88801
2.84707
2.81411
2.79087
2.77845
2.7784
2.78844
2.8193
2.882
2.96281
3.05422
3.14548
3.22605
3.28893
3.33306
3.36196
3.37949
3.38952
3.39545
3.39828
3.39931
)
;
    }
    top
    {
        type            symmetryPlane;
    }
    bottom
    {
        type            symmetryPlane;
    }
    obstacle
    {
        type            zeroGradient;
    }
    frontAndBack
    {
        type            empty;
    }
}


// ************************************************************************* //
