/*--------------------------------*- C++ -*----------------------------------*\
  =========                 |
  \\      /  F ield         | OpenFOAM: The Open Source CFD Toolbox
   \\    /   O peration     | Website:  https://openfoam.org
    \\  /    A nd           | Version:  13
     \\/     M anipulation  |
\*---------------------------------------------------------------------------*/
FoamFile
{
    format      ascii;
    class       volScalarField;
    location    "5.5";
    object      rho;
}
// * * * * * * * * * * * * * * * * * * * * * * * * * * * * * * * * * * * * * //

dimensions      [1 -3 0 0 0 0 0];

internalField   nonuniform List<scalar> 
5250
(
1.40001
1.40002
1.40006
1.40016
1.40037
1.40096
1.40225
1.40586
1.4135
1.43447
1.47939
1.58533
1.80448
2.29202
4.26447
5.92272
5.7601
5.65046
5.66978
5.75252
5.84112
5.89412
5.93331
5.96468
5.99147
1.40001
1.40002
1.40006
1.40016
1.40037
1.40096
1.40219
1.40581
1.41319
1.43409
1.47793
1.58295
1.79876
2.27791
4.21167
5.93011
5.76156
5.64781
5.66758
5.75096
5.83966
5.89289
5.93288
5.96501
5.9927
1.40001
1.40002
1.40006
1.40014
1.40037
1.40086
1.40229
1.40517
1.41373
1.43129
1.47765
1.57533
1.78897
2.24749
4.09395
5.9468
5.76451
5.63936
5.65845
5.7412
5.82921
5.8813
5.92147
5.95329
5.98084
1.40001
1.40002
1.40006
1.40013
1.40037
1.40079
1.40221
1.40486
1.41306
1.42967
1.47397
1.56684
1.77188
2.20422
3.91095
5.97324
5.77077
5.62585
5.64293
5.72249
5.80902
5.86039
5.89803
5.92996
5.95875
1.40001
1.40002
1.40005
1.40014
1.4003
1.40085
1.40181
1.40508
1.41107
1.4295
1.46648
1.55905
1.74718
2.15137
3.66759
6.00471
5.78202
5.60969
5.62278
5.69708
5.78169
5.82948
5.86634
5.8956
5.92554
1.40001
1.40002
1.40005
1.40011
1.40031
1.4007
1.40184
1.40426
1.41091
1.42566
1.46293
1.54426
1.72283
2.091
3.37494
6.02265
5.79649
5.59316
5.59997
5.66401
5.74495
5.78837
5.8211
5.84837
5.8794
1.40001
1.40002
1.40005
1.40011
1.40028
1.40064
1.40168
1.4038
1.41008
1.42293
1.45763
1.53118
1.6962
2.03263
3.08321
5.98631
5.79322
5.57146
5.57149
5.62335
5.69654
5.73426
5.75859
5.77929
5.81188
1.40001
1.40002
1.40004
1.4001
1.40023
1.40062
1.40143
1.40367
1.40871
1.42169
1.45141
1.52156
1.67139
1.98366
2.88497
5.80178
5.72348
5.53481
5.53115
5.56644
5.63215
5.65948
5.67337
5.68203
5.7102
1.40001
1.40002
1.40004
1.4001
1.40021
1.40058
1.40123
1.4035
1.40749
1.42047
1.44551
1.51238
1.64761
1.9388
2.70804
5.49604
5.59239
5.50971
5.48384
5.49652
5.54638
5.56159
5.55608
5.54112
5.54566
1.40001
1.40001
1.40004
1.40008
1.40021
1.40045
1.40128
1.40272
1.4076
1.41668
1.44356
1.49823
1.62779
1.89048
2.54571
5.10894
5.52372
5.47353
5.41806
5.42083
5.44282
5.43648
5.40742
5.33772
5.28076
1.40001
1.40001
1.40003
1.40008
1.40016
1.40046
1.40097
1.40274
1.40595
1.41616
1.43616
1.49013
1.60053
1.84271
2.3917
4.64674
5.48305
5.44211
5.34797
5.33436
5.32669
5.29576
5.20606
4.9875
4.35025
1.40001
1.40001
1.40003
1.40006
1.40016
1.40036
1.40091
1.40222
1.40538
1.4134
1.43194
1.47693
1.57599
1.78767
2.24542
4.10304
5.46566
5.41793
5.29191
5.24449
5.21363
5.14674
4.99592
4.68587
4.00028
1.40001
1.40001
1.40002
1.40005
1.40013
1.40032
1.40073
1.40192
1.40435
1.41145
1.42619
1.46512
1.54804
1.73079
2.10572
3.49665
5.45973
5.40644
5.25616
5.16483
5.10542
5.00368
4.81606
4.47911
3.93519
1.40001
1.40001
1.40002
1.40004
1.40011
1.40024
1.40064
1.40145
1.40376
1.40877
1.42203
1.45163
1.52234
1.67211
1.98029
2.86632
5.38102
5.36522
5.2497
5.09887
5.0097
4.88095
4.67902
4.37772
3.93856
1.40001
1.40001
1.40002
1.40004
1.40009
1.40019
1.40054
1.40114
1.40318
1.4069
1.41853
1.44164
1.5023
1.62666
1.89435
2.5505
4.9975
5.26536
5.20001
5.04103
4.92041
4.78687
4.57841
4.30959
3.95697
1.40001
1.40001
1.40002
1.40003
1.40007
1.40016
1.40043
1.40092
1.4026
1.40547
1.41527
1.43332
1.48443
1.58679
1.81417
2.30893
4.30909
5.15362
5.11809
5.00139
4.84749
4.70835
4.51112
4.25749
3.96041
1.40001
1.40001
1.40001
1.40003
1.40005
1.40014
1.4003
1.40083
1.40177
1.40494
1.41071
1.42862
1.46395
1.55348
1.73383
2.11412
3.56771
5.10722
5.08226
4.98469
4.79562
4.64057
4.45845
4.22221
3.95547
1.40001
1.40001
1.40001
1.40002
1.40005
1.4001
1.40025
1.4006
1.40141
1.40362
1.4083
1.42128
1.44887
1.51694
1.6592
1.94563
2.74537
4.9824
5.06756
4.98687
4.78715
4.59661
4.41643
4.19949
3.95293
1.40001
1.40001
1.40001
1.40002
1.40004
1.40008
1.4002
1.40044
1.40113
1.40263
1.40661
1.41578
1.43844
1.48996
1.6054
1.84336
2.39697
4.49896
4.98104
4.93173
4.77896
4.56849
4.38248
4.18272
3.95543
1.40001
1.40001
1.40001
1.40001
1.40003
1.40006
1.40015
1.40032
1.40088
1.40189
1.4052
1.41142
1.43001
1.46747
1.56054
1.7481
2.14366
3.69733
4.88387
4.86292
4.76975
4.55854
4.36087
4.16861
3.96135
1.40001
1.40001
1.40001
1.40001
1.40002
1.40004
1.40011
1.40024
1.40064
1.40136
1.40381
1.40813
1.42203
1.4486
1.51887
1.65982
1.94302
2.7811
4.72155
4.8384
4.7672
4.586
4.36161
4.16427
3.96974
1.40001
1.40001
1.40001
1.40001
1.40002
1.40004
1.40007
1.40019
1.40042
1.40108
1.40254
1.4063
1.41515
1.43653
1.48586
1.59559
1.81936
2.32878
4.21766
4.76968
4.72864
4.60211
4.37894
4.17302
3.98169
1.40001
1.40001
1.40001
1.40001
1.40001
1.40003
1.40005
1.40014
1.4003
1.40079
1.40177
1.40458
1.41061
1.42658
1.46163
1.54453
1.71619
2.06067
3.36427
4.65686
4.65703
4.59139
4.41616
4.19896
4.00406
1.40001
1.40001
1.40001
1.40001
1.40001
1.40002
1.40004
1.4001
1.4002
1.40055
1.4012
1.40318
1.40719
1.41835
1.44214
1.501
1.62397
1.86261
2.48
4.36757
4.64504
4.5925
4.45175
4.23504
4.03247
1.40001
1.40001
1.40001
1.40001
1.40001
1.40002
1.40003
1.40007
1.40014
1.40039
1.40081
1.40225
1.40479
1.41301
1.42868
1.47194
1.55956
1.75123
2.13696
3.64064
4.56334
4.54609
4.47403
4.2903
4.07033
1.40001
1.40001
1.40001
1.40001
1.40001
1.40001
1.40002
1.40004
1.4001
1.40024
1.40057
1.40144
1.4033
1.40853
1.41929
1.44832
1.50876
1.6465
1.89521
2.64547
4.33862
4.53526
4.48349
4.35035
4.12262
1.40001
1.40001
1.40001
1.40001
1.40001
1.40001
1.40002
1.40003
1.40008
1.40015
1.40042
1.40087
1.40241
1.40518
1.41386
1.43078
1.47625
1.5691
1.765
2.17894
3.72923
4.46168
4.4466
4.37607
4.20477
1.40001
1.40001
1.40001
1.40001
1.40001
1.40001
1.40001
1.40002
1.40005
1.40011
1.40026
1.4006
1.40151
1.40347
1.40893
1.42015
1.45048
1.513
1.655
1.91001
2.74272
4.23984
4.42718
4.38404
4.26563
1.40001
1.40001
1.40001
1.40001
1.40001
1.40001
1.40001
1.40002
1.40003
1.40007
1.40018
1.40037
1.40101
1.40217
1.40585
1.4128
1.43307
1.47362
1.57272
1.75769
2.17432
3.66579
4.35248
4.3431
4.28879
1.40001
1.40001
1.40001
1.40001
1.40001
1.40001
1.40001
1.40001
1.40002
1.40005
1.4001
1.40025
1.40061
1.40142
1.4036
1.40816
1.42086
1.44702
1.5123
1.64408
1.89015
2.66892
4.11297
4.32494
4.29331
1.40001
1.40001
1.40001
1.40001
1.40001
1.40001
1.40001
1.40001
1.40002
1.40003
1.40007
1.40016
1.4004
1.40086
1.40232
1.40494
1.41338
1.429
1.47287
1.55923
1.74093
2.12011
3.50361
4.23885
4.26297
1.40001
1.40001
1.40001
1.40001
1.40001
1.40001
1.40001
1.40001
1.40001
1.40002
1.40005
1.4001
1.40023
1.40057
1.40129
1.40333
1.40738
1.41905
1.44249
1.50201
1.62112
1.83883
2.46076
3.96581
4.24229
1.40001
1.40001
1.40001
1.40001
1.40001
1.40001
1.40001
1.40001
1.40001
1.40001
1.40003
1.40006
1.40015
1.40032
1.40087
1.40183
1.40498
1.41074
1.42798
1.46183
1.54643
1.70524
2.03848
3.25565
4.11328
1.40001
1.40001
1.40001
1.40001
1.40001
1.40001
1.40001
1.40001
1.40001
1.40001
1.40002
1.40004
1.40008
1.40021
1.40048
1.40117
1.40281
1.40658
1.41627
1.4373
1.48845
1.59424
1.78583
2.27682
3.75736
1.40001
1.40001
1.40001
1.40001
1.40001
1.40001
1.40001
1.40001
1.40001
1.40001
1.40001
1.40003
1.40006
1.40012
1.40031
1.40065
1.40177
1.40378
1.41005
1.42197
1.45522
1.52127
1.66711
1.93393
2.89111
1.40001
1.40001
1.40001
1.40001
1.40001
1.40001
1.40001
1.40001
1.40001
1.40001
1.40001
1.40002
1.40003
1.40008
1.40016
1.40043
1.40093
1.4024
1.40542
1.4136
1.43112
1.47429
1.56453
1.73463
2.12828
1.40001
1.40001
1.40001
1.40001
1.40001
1.40001
1.40001
1.40001
1.40001
1.40001
1.40001
1.40001
1.40002
1.40005
1.4001
1.40025
1.40053
1.40142
1.40299
1.40802
1.41725
1.44406
1.49575
1.61537
1.81358
1.40001
1.40001
1.40001
1.40001
1.40001
1.40001
1.40001
1.40001
1.40001
1.40001
1.40001
1.40001
1.40002
1.40003
1.40006
1.40013
1.40034
1.40072
1.40193
1.40417
1.41081
1.42405
1.45898
1.53006
1.67762
1.40001
1.40001
1.40001
1.40001
1.40001
1.40001
1.40001
1.40001
1.40001
1.40001
1.40001
1.40001
1.40001
1.40002
1.40003
1.40008
1.40017
1.40045
1.40098
1.40253
1.40566
1.41418
1.43218
1.47659
1.56737
1.40001
1.40001
1.40001
1.40001
1.40001
1.40001
1.40001
1.40001
1.40001
1.40001
1.40001
1.40001
1.40001
1.40001
1.40002
1.40004
1.40011
1.40023
1.40061
1.40127
1.40343
1.4073
1.41904
1.44146
1.4997
1.40001
1.40001
1.40001
1.40001
1.40001
1.40001
1.40001
1.40001
1.40001
1.40001
1.40001
1.40001
1.40001
1.40001
1.40002
1.40003
1.40006
1.40013
1.40035
1.40072
1.40193
1.40416
1.41074
1.42382
1.4582
1.40001
1.40001
1.40001
1.40001
1.40001
1.40001
1.40001
1.40001
1.40001
1.40001
1.40001
1.40001
1.40001
1.40001
1.40001
1.40002
1.40004
1.40008
1.40019
1.40044
1.4011
1.40241
1.40635
1.41356
1.43509
1.40001
1.40001
1.40001
1.40001
1.40001
1.40001
1.40001
1.40001
1.40001
1.40001
1.40001
1.40001
1.40001
1.40001
1.40001
1.40001
1.40003
1.40005
1.40013
1.40029
1.4007
1.40168
1.40393
1.40974
1.42233
1.40001
1.40001
1.40001
1.40001
1.40001
1.40001
1.40001
1.40001
1.40001
1.40001
1.40001
1.40001
1.40001
1.40001
1.40001
1.40001
1.40002
1.40004
1.4001
1.40022
1.40057
1.40129
1.40327
1.40775
1.41899
1.40001
1.40001
1.40001
1.40001
1.40001
1.40001
1.40001
1.40001
1.40001
1.40001
1.40001
1.40001
1.40001
1.40001
1.40001
1.40001
1.40002
1.40004
1.40008
1.4002
1.40049
1.40117
1.403
1.40691
1.41786
1.40001
1.40001
1.40001
1.40001
1.40001
1.40001
1.40001
1.40001
1.40001
1.40001
1.40001
1.40001
1.40001
1.40001
1.40001
1.40001
1.40002
1.40004
1.40008
1.40019
1.40049
1.40108
1.40295
1.40651
1.41752
1.40001
1.40001
1.40001
1.40001
1.40001
1.40001
1.40001
1.40001
1.40001
1.40001
1.40001
1.40001
1.40001
1.40001
1.40001
1.40001
1.40002
1.40004
1.40007
1.4002
1.40043
1.40118
1.40263
1.40703
1.41614
1.40001
1.40001
1.40001
1.40001
1.40001
1.40001
1.40001
1.40001
1.40001
1.40001
1.40001
1.40001
1.40001
1.40001
1.40001
1.40001
1.40002
1.40004
1.40008
1.40018
1.40047
1.40107
1.40286
1.40643
1.4171
1.40001
1.40001
1.40001
1.40001
1.40001
1.40001
1.40001
1.40001
1.40001
1.40001
1.40001
1.40001
1.40001
1.40001
1.40001
1.40001
1.40002
1.40004
1.40008
1.40018
1.40046
1.40106
1.40284
1.4064
1.41706
1.40001
1.40001
1.40001
1.40001
1.40001
1.40001
1.40001
1.40001
1.40001
1.40001
1.40001
1.40001
1.40001
1.40001
1.40001
1.40001
1.40002
1.40003
1.40008
1.40018
1.40045
1.40111
1.40267
1.40682
1.41614
2.02311
1.33694
1.32913
1.75702
1.70598
1.61318
1.57482
1.5633
1.56009
1.55484
1.54175
1.5236
1.50971
1.49773
1.48812
1.47683
1.46436
1.45251
1.44102
1.43004
1.41901
1.40678
1.39974
1.39779
1.39783
1.40118
1.41539
1.44411
1.48562
1.5384
1.59619
1.65695
1.71704
1.77554
1.82992
1.8798
1.92391
1.9642
2.00008
2.03227
2.06078
2.08556
2.1066
2.12553
2.14172
2.15296
2.16287
2.16841
2.17366
2.17536
2.17788
2.17437
2.17311
2.16716
2.16388
2.15613
2.15048
2.14242
2.13472
2.12657
2.11805
2.10992
2.10184
2.09413
2.08715
2.08081
2.07542
2.07115
2.06803
2.06617
2.06566
2.06639
2.06736
2.06858
2.07036
2.07292
2.07542
2.07663
2.0772
2.07699
2.07605
2.07346
2.06935
2.06155
2.05379
2.04241
2.03143
2.01829
2.00501
1.98978
1.97501
1.95902
1.9433
1.92664
1.91085
1.89476
1.87998
1.86595
1.85444
1.84666
2.50449
1.87813
1.7996
1.85756
1.74118
1.62405
1.54287
1.50735
1.498
1.50515
1.48985
1.46551
1.45214
1.44059
1.43191
1.42389
1.41199
1.3982
1.38636
1.37471
1.36266
1.35245
1.34343
1.33953
1.33864
1.34045
1.35152
1.37777
1.41885
1.47302
1.5344
1.59908
1.66478
1.72971
1.79147
1.84774
1.89946
1.94503
1.99057
2.03103
2.06936
2.0993
2.12871
2.15195
2.17479
2.19038
2.20577
2.21548
2.22498
2.23068
2.23665
2.23737
2.23744
2.23564
2.23316
2.22963
2.22472
2.21943
2.21321
2.20665
2.19996
2.19304
2.18634
2.17999
2.1741
2.16896
2.16474
2.16152
2.15954
2.15882
2.15947
2.16145
2.16368
2.16606
2.16902
2.17265
2.17628
2.17823
2.18002
2.1804
2.18068
2.17832
2.17448
2.16747
2.15932
2.14885
2.13737
2.12405
2.11027
2.09517
2.07957
2.06315
2.04665
2.02975
2.0129
1.99628
1.98054
1.96613
1.9538
1.94562
3.02511
2.40862
2.11337
2.02882
1.9278
1.80183
1.66671
1.60929
1.55065
1.51437
1.48462
1.44853
1.42572
1.41504
1.40952
1.3944
1.37643
1.3571
1.34001
1.32811
1.31915
1.30816
1.29853
1.29329
1.29107
1.29072
1.29989
1.32407
1.36588
1.42393
1.49011
1.56198
1.6343
1.70772
1.77906
1.84283
1.90327
1.95678
2.00799
2.05224
2.09172
2.12572
2.1567
2.18352
2.20743
2.22679
2.24338
2.25633
2.26657
2.27519
2.28191
2.28586
2.28592
2.28549
2.28403
2.2814
2.27781
2.27304
2.26777
2.26187
2.25572
2.24945
2.24336
2.23746
2.23221
2.22754
2.22383
2.22107
2.21959
2.2192
2.22033
2.22269
2.22551
2.22829
2.23179
2.23545
2.23952
2.24136
2.24386
2.24451
2.24514
2.2425
2.2388
2.23199
2.22423
2.21377
2.20255
2.18895
2.175
2.15926
2.14352
2.12626
2.10927
2.09133
2.0741
2.0564
2.04016
2.02464
2.01155
2.00228
3.30273
2.74588
2.37431
2.19176
2.0907
1.97475
1.85025
1.75482
1.69681
1.63486
1.57363
1.51045
1.46753
1.44209
1.42442
1.40497
1.38329
1.35971
1.33974
1.32193
1.30588
1.29199
1.27986
1.27161
1.26695
1.26556
1.27245
1.29626
1.34088
1.40649
1.48137
1.56198
1.64568
1.72724
1.8047
1.87541
1.94008
1.99809
2.0515
2.09889
2.14138
2.17884
2.21207
2.24155
2.26686
2.28892
2.30666
2.3217
2.33298
2.34261
2.3507
2.35588
2.35686
2.3561
2.35506
2.35258
2.3494
2.3448
2.33984
2.33387
2.32803
2.3216
2.31574
2.30969
2.30465
2.29982
2.29642
2.29353
2.29223
2.29154
2.29268
2.29439
2.29739
2.29954
2.3029
2.3055
2.30866
2.31003
2.31193
2.31177
2.31131
2.30796
2.3038
2.29692
2.28905
2.2787
2.26731
2.2538
2.23952
2.22361
2.20726
2.18989
2.17222
2.15401
2.13597
2.11834
2.10135
2.08568
2.07149
2.06196
3.45711
2.9833
2.60786
2.36418
2.23063
2.12506
2.01908
1.91843
1.84023
1.77818
1.71597
1.65206
1.58702
1.53004
1.48481
1.45236
1.42631
1.40358
1.37833
1.35586
1.33722
1.31835
1.2996
1.28596
1.27796
1.27773
1.28743
1.3162
1.36648
1.43618
1.51461
1.59965
1.6862
1.77228
1.85318
1.92834
1.99637
2.05874
2.11506
2.1664
2.21172
2.25215
2.28736
2.31814
2.34463
2.36691
2.38539
2.40027
2.41189
2.42087
2.42895
2.43405
2.43584
2.43371
2.43176
2.42813
2.42465
2.41926
2.41419
2.40755
2.40174
2.39473
2.38906
2.38254
2.37778
2.3726
2.36953
2.36616
2.36499
2.36376
2.36464
2.36556
2.36811
2.36982
2.37248
2.37392
2.37596
2.37656
2.37684
2.37549
2.37347
2.36941
2.36426
2.35707
2.34839
2.33783
2.32563
2.31184
2.29667
2.28038
2.26298
2.24478
2.22594
2.20694
2.18797
2.16915
2.15106
2.13394
2.11861
2.1073
3.56147
3.15436
2.80742
2.5463
2.37609
2.25994
2.15729
2.06434
1.9811
1.91152
1.84813
1.7868
1.72579
1.66863
1.61295
1.56157
1.51925
1.48087
1.44809
1.41919
1.39363
1.37214
1.35577
1.34423
1.33917
1.33996
1.35248
1.38564
1.43786
1.50303
1.57916
1.66086
1.7432
1.82815
1.91089
1.98882
2.06038
2.12529
2.18384
2.23604
2.28261
2.32323
2.35914
2.38987
2.41676
2.43873
2.45746
2.47178
2.48344
2.49135
2.49901
2.504
2.50697
2.50445
2.50168
2.49718
2.49313
2.4872
2.48178
2.47471
2.46863
2.46133
2.45551
2.44885
2.44416
2.43892
2.43589
2.43237
2.43123
2.42953
2.43011
2.42994
2.43178
2.43223
2.43382
2.43349
2.43385
2.43244
2.43124
2.42807
2.42495
2.41972
2.41423
2.40645
2.39811
2.38733
2.37591
2.36209
2.34775
2.33129
2.3145
2.29592
2.27759
2.25808
2.239
2.21946
2.20088
2.18278
2.16655
2.15382
3.62981
3.28094
2.96651
2.70698
2.51646
2.37923
2.27387
2.18094
2.10158
2.03026
1.96629
1.90718
1.84807
1.79323
1.74028
1.68767
1.6392
1.59426
1.55303
1.51631
1.48522
1.4585
1.43983
1.42808
1.42349
1.42716
1.4557
1.49823
1.54766
1.60496
1.67
1.74052
1.81036
1.88225
1.96044
2.03937
2.11496
2.18322
2.24398
2.2972
2.34408
2.38495
2.42072
2.45132
2.47767
2.49938
2.51763
2.53167
2.54314
2.55041
2.55716
2.56187
2.56541
2.56413
2.56093
2.55608
2.5519
2.54612
2.54109
2.53448
2.52901
2.52232
2.51721
2.51116
2.50724
2.50248
2.49983
2.49644
2.49521
2.49306
2.49292
2.4915
2.49195
2.49057
2.49054
2.488
2.48658
2.48263
2.47958
2.47437
2.46959
2.46279
2.45616
2.44749
2.43854
2.4275
2.41586
2.40217
2.3878
2.37156
2.35468
2.33639
2.31782
2.29819
2.27879
2.25884
2.23976
2.22087
2.20387
2.18986
3.67492
3.37394
3.0886
2.84227
2.643
2.49386
2.37506
2.2805
2.20035
2.1303
2.06742
2.00928
1.95462
1.90073
1.85129
1.80261
1.75415
1.70963
1.66728
1.62835
1.59649
1.56943
1.55243
1.53824
1.53892
1.55641
1.6076
1.65505
1.69728
1.74117
1.78808
1.83505
1.88863
1.93767
1.9926
2.06604
2.14377
2.21846
2.28512
2.3426
2.39182
2.43389
2.47013
2.50119
2.52799
2.55026
2.569
2.58355
2.5952
2.60291
2.60874
2.61286
2.61661
2.61694
2.61415
2.60898
2.60434
2.59833
2.59314
2.58661
2.58133
2.5748
2.57007
2.56443
2.56077
2.55615
2.55381
2.55026
2.54887
2.54592
2.54493
2.542
2.54082
2.53711
2.53476
2.52985
2.5258
2.5196
2.51407
2.50669
2.49995
2.49152
2.48367
2.47404
2.46484
2.45362
2.44257
2.42932
2.41602
2.4005
2.38475
2.36714
2.34939
2.33021
2.31119
2.29126
2.2721
2.25283
2.23531
2.22042
3.70698
3.44573
3.18472
2.95355
2.75324
2.59635
2.47076
2.36965
2.28573
2.21518
2.15346
2.09572
2.0439
1.99361
1.94492
1.90079
1.85531
1.81177
1.77261
1.73493
1.70963
1.68713
1.67316
1.66396
1.6775
1.73108
1.8039
1.85146
1.88174
1.90922
1.9356
1.95033
1.97547
2.00476
2.04037
2.08608
2.14963
2.22553
2.29954
2.36479
2.42065
2.46669
2.50521
2.53716
2.56376
2.58591
2.60439
2.61921
2.63102
2.63957
2.64564
2.64933
2.65277
2.65423
2.6538
2.64935
2.64494
2.63934
2.63482
2.62916
2.62482
2.61941
2.61557
2.61091
2.60812
2.60419
2.60212
2.5987
2.59704
2.59348
2.59143
2.587
2.58366
2.57743
2.57255
2.56493
2.55831
2.54931
2.54127
2.53127
2.52236
2.51175
2.50227
2.49123
2.48111
2.46943
2.4582
2.44538
2.43251
2.41804
2.40316
2.38675
2.36994
2.35173
2.33348
2.31404
2.29528
2.27593
2.25831
2.24272
3.73431
3.4987
3.26461
3.0449
2.85262
2.68879
2.55839
2.45043
2.36361
2.28883
2.22616
2.17053
2.11859
2.07219
2.02562
1.98309
1.9425
1.90157
1.86578
1.834
1.81522
1.79674
1.79069
1.79709
1.84123
1.94888
2.03754
2.07068
2.08981
2.10396
2.09762
2.07432
2.06288
2.07684
2.0968
2.1237
2.16116
2.21257
2.28063
2.35053
2.41472
2.47043
2.51545
2.55225
2.58079
2.60453
2.62383
2.63929
2.652
2.66157
2.66909
2.67399
2.67751
2.67979
2.68152
2.68029
2.67714
2.67235
2.66871
2.66451
2.66148
2.65774
2.65556
2.65228
2.65057
2.64753
2.64605
2.64283
2.64094
2.63672
2.63369
2.62738
2.62194
2.61354
2.60607
2.59593
2.5869
2.57536
2.56514
2.55268
2.5419
2.52917
2.51831
2.50572
2.49478
2.48234
2.47099
2.4582
2.44589
2.432
2.41818
2.40262
2.38712
2.36976
2.35276
2.3341
2.31626
2.29753
2.28023
2.265
3.76071
3.54464
3.32873
3.12406
2.93782
2.77513
2.63949
2.52599
2.43413
2.35631
2.29101
2.23371
2.18333
2.13713
2.09439
2.05255
2.01569
1.9788
1.94845
1.92784
1.9119
1.90029
1.9057
1.93828
2.04265
2.19852
2.28728
2.3006
2.31095
2.3045
2.25423
2.20297
2.16783
2.15206
2.15797
2.17287
2.19357
2.22259
2.26078
2.31721
2.38182
2.44534
2.50039
2.54666
2.58264
2.61184
2.63341
2.65115
2.66504
2.6759
2.68438
2.69056
2.69545
2.69833
2.70054
2.70191
2.7023
2.69942
2.69697
2.69387
2.69183
2.68941
2.68848
2.68672
2.68594
2.68377
2.68242
2.67921
2.67661
2.67144
2.66642
2.65823
2.65068
2.6401
2.63015
2.61731
2.60551
2.59117
2.57836
2.56338
2.55031
2.53547
2.52266
2.50853
2.49622
2.48291
2.47096
2.45806
2.446
2.43275
2.4199
2.40547
2.39131
2.37533
2.35966
2.34234
2.32554
2.30786
2.29105
2.27651
3.78791
3.5855
3.38499
3.19126
3.01316
2.85292
2.71478
2.59813
2.49972
2.41935
2.34993
2.29181
2.23959
2.19349
2.15214
2.11199
2.07775
2.04395
2.02544
2.00972
2.00118
2.00132
2.02742
2.09908
2.30255
2.476
2.5266
2.53392
2.52764
2.48318
2.40331
2.33331
2.2815
2.24653
2.22782
2.22399
2.23359
2.24725
2.2684
2.29701
2.3401
2.39685
2.45534
2.51031
2.55678
2.59515
2.62383
2.64713
2.66364
2.67711
2.68768
2.69574
2.70234
2.70719
2.71165
2.71543
2.71738
2.71873
2.72037
2.71979
2.7194
2.71889
2.71939
2.71893
2.71893
2.71769
2.71674
2.71346
2.71029
2.70378
2.69746
2.68793
2.67883
2.66623
2.65445
2.63935
2.62563
2.60901
2.59428
2.57717
2.56225
2.54554
2.53108
2.51538
2.50176
2.48728
2.47457
2.46101
2.44889
2.43559
2.42343
2.40962
2.39673
2.38189
2.36783
2.35182
2.33658
2.32007
2.30426
2.29073
3.81461
3.62544
3.43601
3.25296
3.08104
2.92487
2.78581
2.66638
2.56363
2.4777
2.40525
2.34377
2.29072
2.24416
2.20239
2.16485
2.13165
2.10613
2.09441
2.08559
2.08593
2.10699
2.16778
2.32797
2.59831
2.74274
2.75047
2.74953
2.72303
2.63567
2.54185
2.46194
2.39833
2.3496
2.31437
2.29168
2.27918
2.28266
2.2915
2.30388
2.32405
2.35317
2.39936
2.45269
2.5058
2.55505
2.59513
2.62803
2.65207
2.67107
2.68518
2.69591
2.70492
2.71242
2.71891
2.72472
2.72971
2.73402
2.73788
2.74041
2.74246
2.74423
2.74622
2.74684
2.74749
2.74697
2.74596
2.7421
2.73763
2.73028
2.72257
2.71157
2.70043
2.68604
2.67207
2.65517
2.6393
2.621
2.60427
2.5856
2.56889
2.55064
2.53458
2.5173
2.50229
2.4863
2.47256
2.45789
2.44529
2.43153
2.41954
2.40613
2.39409
2.38041
2.36766
2.35332
2.33952
2.32478
2.31006
2.2984
3.84512
3.66259
3.48458
3.30998
3.14437
2.99209
2.85331
2.73202
2.62661
2.53583
2.45901
2.39377
2.33772
2.28977
2.24775
2.21188
2.18054
2.16894
2.16047
2.15961
2.17495
2.22572
2.34169
2.64985
2.89459
2.96161
2.96139
2.94256
2.87523
2.7685
2.6694
2.58528
2.51499
2.45705
2.40954
2.37236
2.34448
2.32661
2.31749
2.32342
2.33032
2.34159
2.36201
2.39542
2.44245
2.49374
2.54254
2.5864
2.62164
2.64969
2.67107
2.68711
2.70059
2.71121
2.721
2.73006
2.73847
2.74643
2.75353
2.75963
2.76505
2.76934
2.7729
2.77387
2.77507
2.77488
2.7742
2.76995
2.76458
2.75589
2.74655
2.73391
2.72108
2.70519
2.68967
2.67142
2.65408
2.63443
2.61626
2.59619
2.57813
2.55847
2.54112
2.52237
2.50607
2.4886
2.4736
2.45763
2.444
2.42939
2.41696
2.40348
2.39183
2.37891
2.36739
2.35436
2.34227
2.32903
2.31576
2.30588
3.8808
3.70431
3.53148
3.36568
3.2051
3.0556
2.91862
2.7953
2.68752
2.59359
2.5124
2.44345
2.38417
2.33388
2.29113
2.25524
2.23506
2.22777
2.22651
2.23857
2.28151
2.38232
2.63527
2.98405
3.14351
3.14701
3.13767
3.09851
2.99161
2.88335
2.78632
2.70226
2.62872
2.56455
2.50814
2.46027
2.41945
2.38697
2.36295
2.34745
2.34411
2.34849
2.35337
2.36493
2.38779
2.42677
2.47448
2.52513
2.57234
2.61312
2.64601
2.67156
2.69135
2.70764
2.72143
2.73413
2.74604
2.75779
2.76793
2.77773
2.78593
2.79238
2.79794
2.79907
2.80037
2.80036
2.79941
2.79489
2.78856
2.77867
2.76789
2.75381
2.73952
2.72228
2.70538
2.68596
2.66734
2.64661
2.62715
2.60595
2.58651
2.56558
2.54679
2.52665
2.5089
2.48994
2.47356
2.45612
2.44131
2.42553
2.41246
2.39844
2.38687
2.37417
2.36348
2.35145
2.34078
2.32927
2.31735
2.3101
3.92548
3.74954
3.58123
3.41843
3.26367
3.11684
2.98109
2.85691
2.74666
2.64968
2.56521
2.49271
2.43017
2.37823
2.33467
2.30194
2.29465
2.29104
2.30044
2.33341
2.42151
2.61831
3.01614
3.26369
3.31308
3.30837
3.28171
3.20425
3.09293
2.98852
2.89617
2.8129
2.73757
2.6687
2.60622
2.55011
2.49998
2.45712
2.42066
2.39151
2.37048
2.36153
2.3589
2.36217
2.36874
2.38282
2.41143
2.45576
2.50516
2.55598
2.60161
2.64098
2.67264
2.6988
2.71935
2.7382
2.75346
2.76902
2.78238
2.79552
2.80604
2.81494
2.82243
2.82401
2.82573
2.82578
2.82434
2.81848
2.81086
2.79961
2.78736
2.7721
2.75656
2.73836
2.72035
2.70005
2.68039
2.65883
2.63837
2.61638
2.59595
2.57418
2.55435
2.53316
2.51419
2.49387
2.47607
2.45704
2.44078
2.42364
2.40948
2.39457
2.38247
2.36947
2.35892
2.34727
2.33739
2.32704
2.31612
2.31121
3.98494
3.80055
3.63409
3.4738
3.32177
3.17678
3.04272
2.91825
2.80519
2.70613
2.61724
2.5426
2.47622
2.42392
2.37894
2.36216
2.35765
2.36231
2.39048
2.46125
2.61917
3.01513
3.34631
3.45582
3.45459
3.43812
3.3873
3.28481
3.18136
3.08582
2.99867
2.91705
2.84118
2.76936
2.7028
2.64065
2.58389
2.53255
2.48675
2.44749
2.41507
2.39051
2.37518
2.37047
2.36919
2.37291
2.38284
2.40192
2.43854
2.48796
2.54018
2.59203
2.63876
2.67801
2.7108
2.73686
2.75975
2.77872
2.79687
2.81166
2.82521
2.83524
2.84389
2.84539
2.84684
2.847
2.84513
2.83829
2.82964
2.8175
2.80402
2.78772
2.77103
2.75202
2.73312
2.71215
2.69181
2.66964
2.64855
2.62577
2.60454
2.58173
2.56088
2.53851
2.51837
2.4968
2.47768
2.45732
2.4398
2.42149
2.40615
2.39019
2.37716
2.36346
2.35248
2.34076
2.33111
2.32161
2.31133
2.30866
4.05192
3.85522
3.68692
3.52954
3.3786
3.23709
3.10172
2.98008
2.86409
2.76358
2.67161
2.59315
2.52615
2.47066
2.43569
2.42949
2.43125
2.45232
2.51265
2.65102
2.99027
3.3883
3.57143
3.57717
3.56982
3.54002
3.45844
3.3589
3.26476
3.17764
3.09535
3.01597
2.93992
2.86664
2.7968
2.7308
2.66866
2.61144
2.55871
2.5124
2.47116
2.43692
2.4096
2.38966
2.38188
2.3769
2.38074
2.38731
2.40139
2.42828
2.47215
2.5265
2.58468
2.63863
2.68598
2.72659
2.75809
2.78565
2.80769
2.82502
2.84148
2.85212
2.86126
2.86299
2.86451
2.86452
2.86207
2.85404
2.84397
2.83098
2.81657
2.79957
2.78203
2.76244
2.74293
2.72149
2.70064
2.67796
2.65639
2.63308
2.6113
2.58788
2.56627
2.54315
2.52202
2.49954
2.47929
2.45812
2.43951
2.42021
2.40367
2.38655
2.37235
2.35758
2.3457
2.33334
2.32334
2.314
2.30391
2.3027
4.14533
3.93145
3.74477
3.5885
3.43746
3.29739
3.1628
3.03916
2.925
2.81943
2.72893
2.64534
2.58084
2.52308
2.51253
2.51007
2.52419
2.572
2.69375
2.97781
3.41454
3.65231
3.69595
3.69036
3.66716
3.60519
3.51687
3.42967
3.34691
3.26706
3.18863
3.11079
3.03493
2.96021
2.88851
2.81938
2.754
2.69278
2.6358
2.58379
2.53635
2.4948
2.45834
2.42943
2.40658
2.39419
2.38958
2.39191
2.39715
2.40848
2.42896
2.46535
2.52017
2.57912
2.6391
2.69405
2.74059
2.77985
2.80988
2.83303
2.85189
2.86384
2.87317
2.87494
2.876
2.87515
2.87236
2.86374
2.85305
2.83947
2.82473
2.80743
2.78951
2.76958
2.74961
2.72803
2.70676
2.68409
2.66206
2.63871
2.61625
2.59252
2.56998
2.54628
2.52413
2.5011
2.48015
2.45843
2.43907
2.41895
2.40143
2.38318
2.36781
2.35181
2.33883
2.3255
2.31474
2.30517
2.29485
2.29455
4.20258
4.00375
3.81303
3.64531
3.5001
3.35687
3.22662
3.10024
2.9867
2.88025
2.7857
2.70477
2.63689
2.60376
2.59838
2.60786
2.64639
2.7528
2.9919
3.44099
3.72577
3.79995
3.79688
3.78052
3.73426
3.65593
3.57729
3.50291
3.42899
3.35452
3.27902
3.20264
3.12703
3.0518
2.97912
2.90807
2.84076
2.77627
2.71622
2.65934
2.6079
2.55973
2.51802
2.48061
2.45045
2.4266
2.41106
2.40547
2.40861
2.41343
2.423
2.44046
2.46983
2.5171
2.57597
2.63865
2.6979
2.75114
2.79383
2.82732
2.85192
2.86779
2.87884
2.88062
2.8817
2.88048
2.87718
2.86826
2.85724
2.84349
2.82866
2.8115
2.79354
2.7737
2.75358
2.73216
2.71076
2.68828
2.66599
2.64268
2.61985
2.59597
2.5729
2.5489
2.52637
2.50305
2.48159
2.45936
2.43925
2.41837
2.39988
2.38072
2.36425
2.34727
2.33324
2.31908
2.30755
2.29763
2.28709
2.28704
4.22049
4.10383
3.8977
3.71474
3.56114
3.42044
3.28668
3.16396
3.04697
2.94264
2.84803
2.76848
2.71198
2.70368
2.70733
2.73848
2.82968
3.03407
3.48078
3.79523
3.89866
3.89773
3.88602
3.85183
3.7824
3.71094
3.64345
3.57741
3.50911
3.43881
3.36576
3.29136
3.21666
3.14178
3.06858
2.99668
2.92761
2.86134
2.79824
2.73893
2.68311
2.63178
2.58454
2.54268
2.50565
2.4751
2.45076
2.43389
2.42589
2.42993
2.43514
2.44304
2.45735
2.48336
2.52296
2.57676
2.637
2.69709
2.75168
2.79815
2.83336
2.85816
2.87419
2.87935
2.88068
2.88002
2.87698
2.86856
2.85754
2.84399
2.8291
2.81216
2.79446
2.775
2.75523
2.7339
2.71268
2.69013
2.66796
2.64456
2.62161
2.59757
2.57445
2.55055
2.52784
2.50451
2.48264
2.46018
2.43949
2.41818
2.399
2.3792
2.36198
2.34423
2.32948
2.31467
2.30261
2.29242
2.282
2.28205
4.22051
4.14911
3.99056
3.79495
3.6309
3.48577
3.35267
3.22725
3.11322
3.0062
2.91926
2.84076
2.82733
2.82496
2.84877
2.92465
3.11012
3.54438
3.87646
4.00283
4.00224
3.9916
3.96123
3.89838
3.83433
3.77474
3.7163
3.65653
3.59225
3.52487
3.45299
3.38025
3.30528
3.231
3.15708
3.08464
3.0142
2.9466
2.88114
2.8201
2.76103
2.70725
2.65604
2.61054
2.56871
2.53304
2.50254
2.47847
2.46197
2.45153
2.45449
2.4597
2.46704
2.48063
2.50119
2.53384
2.57986
2.63275
2.68893
2.74267
2.7891
2.82564
2.85093
2.86656
2.86979
2.87031
2.8693
2.86396
2.85365
2.84016
2.82542
2.80902
2.79185
2.7732
2.75381
2.73316
2.71198
2.68979
2.66728
2.64401
2.62093
2.59742
2.57439
2.55093
2.52821
2.50506
2.48302
2.46053
2.43957
2.41803
2.39849
2.37829
2.36064
2.34247
2.32723
2.3122
2.29975
2.28961
2.27986
2.27996
4.19552
4.16205
4.0727
3.88057
3.70404
3.55432
3.41827
3.29423
3.1799
3.08001
2.99481
2.96368
2.95789
2.97834
3.04963
3.22366
3.6428
3.9773
4.11069
4.11004
4.09936
4.0703
4.00913
3.94996
3.89728
3.84652
3.79419
3.73751
3.67585
3.60929
3.53913
3.46668
3.39317
3.31894
3.24558
3.17217
3.10164
3.0319
2.96601
2.90201
2.84183
2.78466
2.73167
2.68272
2.63833
2.59913
2.56465
2.5357
2.51324
2.49553
2.48674
2.48414
2.48944
2.49437
2.50444
2.5206
2.54466
2.57924
2.62309
2.6714
2.72025
2.7646
2.80195
2.8286
2.84552
2.84984
2.85064
2.84903
2.84397
2.83206
2.81788
2.80174
2.78512
2.76709
2.74863
2.72867
2.70839
2.68663
2.66479
2.64195
2.61948
2.59629
2.57371
2.5505
2.52805
2.505
2.48303
2.46055
2.43956
2.41809
2.39844
2.37841
2.36054
2.34264
2.32719
2.31255
2.30034
2.29057
2.28286
2.28325
4.15327
4.14322
4.0978
3.9817
3.79384
3.62958
3.48993
3.36387
3.25574
3.16096
3.11751
3.10863
3.1265
3.19582
3.37041
3.7833
4.10844
4.23393
4.23289
4.21802
4.17963
4.1136
4.05592
4.00989
3.96765
3.92431
3.87536
3.82052
3.75927
3.69377
3.62347
3.55222
3.47784
3.40471
3.32995
3.25751
3.18519
3.11579
3.04787
2.98333
2.92138
2.86321
2.80868
2.75827
2.71197
2.67035
2.63307
2.60136
2.57364
2.55206
2.53484
2.5239
2.5176
2.51604
2.52125
2.5251
2.53273
2.54608
2.57183
2.60439
2.64253
2.68588
2.72805
2.7658
2.79489
2.81387
2.82225
2.82284
2.82204
2.81759
2.80648
2.79194
2.77582
2.75831
2.74034
2.7214
2.70188
2.68135
2.66049
2.63895
2.6173
2.59511
2.57302
2.55051
2.52836
2.50592
2.48406
2.46204
2.44095
2.41984
2.4001
2.38053
2.36278
2.34553
2.33071
2.31682
2.30624
2.29741
2.29239
2.29357
3.94806
4.1169
4.09902
4.03589
3.88548
3.71239
3.56522
3.44312
3.33982
3.28803
3.27691
3.29317
3.36517
3.55147
3.96636
4.27859
4.38275
4.37907
4.35504
4.29444
4.21718
4.16001
4.11694
4.08216
4.04597
4.00535
3.9572
3.90267
3.84192
3.77626
3.70739
3.63512
3.56246
3.4876
3.41419
3.3399
3.26836
3.19726
3.12967
3.06369
3.00181
2.94247
2.88786
2.83618
2.78971
2.74652
2.70837
2.67374
2.64377
2.6177
2.59535
2.57711
2.56233
2.55152
2.54306
2.54133
2.53835
2.54152
2.54666
2.55652
2.57691
2.60834
2.64388
2.68354
2.7202
2.75195
2.77331
2.78756
2.78926
2.78898
2.78635
2.77864
2.76448
2.74776
2.72991
2.71112
2.69191
2.67214
2.65205
2.63136
2.61032
2.58887
2.56731
2.5455
2.524
2.50221
2.48125
2.45988
2.43983
2.41949
2.4007
2.3822
2.36524
2.34966
2.33566
2.32447
2.31516
2.31009
2.30848
2.31069
3.44381
4.02681
4.07814
4.04947
3.97431
3.80375
3.65314
3.53131
3.47188
3.46025
3.47629
3.55787
3.76833
4.191
4.48585
4.55917
4.55086
4.51441
4.42318
4.33178
4.26544
4.22098
4.18884
4.15904
4.12564
4.08577
4.03837
3.98439
3.92337
3.85813
3.78832
3.71692
3.64327
3.56941
3.49535
3.42189
3.35003
3.27929
3.21135
3.14543
3.0833
3.02406
2.96928
2.91755
2.87068
2.82687
2.78779
2.75166
2.71947
2.69001
2.66298
2.63885
2.61611
2.59671
2.57858
2.56332
2.55355
2.54414
2.53408
2.53729
2.54124
2.54956
2.5674
2.59695
2.63033
2.66649
2.69887
2.72548
2.74224
2.7506
2.75056
2.74885
2.74407
2.73203
2.71569
2.69794
2.67954
2.66077
2.64188
2.6224
2.60277
2.58241
2.56201
2.5412
2.52043
2.49968
2.47908
2.45885
2.43911
2.42004
2.40202
2.38491
2.36969
2.35566
2.34463
2.33575
2.33034
2.32919
2.32821
2.33281
2.41309
3.73091
4.04347
4.03776
4.00554
3.91896
3.76428
3.67569
3.66146
3.67691
3.76934
4.02021
4.45939
4.73495
4.76783
4.75224
4.6995
4.57218
4.46291
4.38465
4.33085
4.29596
4.26656
4.23784
4.20393
4.16376
4.11593
4.06163
4.00113
3.93618
3.86765
3.79631
3.72364
3.64959
3.57597
3.50262
3.43081
3.36055
3.29305
3.22784
3.16649
3.10789
3.05355
3.00243
2.95565
2.91197
2.87231
2.83459
2.80022
2.76646
2.73572
2.7047
2.67626
2.64787
2.62172
2.59702
2.57401
2.5574
2.5386
2.52428
2.51423
2.51684
2.52008
2.52786
2.54546
2.57402
2.60688
2.63986
2.66909
2.6904
2.70419
2.70699
2.70627
2.70324
2.69614
2.68124
2.66373
2.64589
2.62701
2.60848
2.58941
2.57052
2.55115
2.53201
2.51239
2.49344
2.47402
2.45575
2.43725
2.42036
2.40379
2.38938
2.37614
2.36564
2.35795
2.3532
2.35196
2.35115
2.35399
2.36715
1.96636
2.99047
3.86523
4.0244
4.01327
3.98503
3.90998
3.89025
3.90682
4.01328
4.3125
4.7628
5.01462
5.01247
4.98145
4.89559
4.74654
4.61894
4.52298
4.45825
4.4139
4.38018
4.34947
4.31648
4.27929
4.23684
4.18825
4.13441
4.0749
4.01123
3.94346
3.87306
3.80062
3.72754
3.65415
3.58193
3.51059
3.44171
3.37486
3.31112
3.25056
3.19335
3.13991
3.08988
3.0436
2.99971
2.95884
2.91919
2.88172
2.84452
2.80862
2.77234
2.73739
2.70178
2.66836
2.63449
2.60402
2.57425
2.55077
2.52558
2.50501
2.48904
2.48224
2.48304
2.4862
2.49435
2.51379
2.54146
2.5736
2.60364
2.62948
2.64632
2.65619
2.65597
2.6545
2.65049
2.63999
2.62461
2.60719
2.58927
2.5715
2.55363
2.53607
2.51826
2.50074
2.48316
2.466
2.44927
2.43332
2.4185
2.40505
2.39359
2.38445
2.37851
2.37569
2.37455
2.37585
2.37984
2.38975
2.42057
1.73452
2.13674
3.41643
3.94352
4.03702
4.05102
4.06904
4.13314
4.29736
4.71018
5.1271
5.31484
5.30423
5.24794
5.10604
4.94034
4.79919
4.68863
4.60985
4.55365
4.5097
4.47017
4.43234
4.39293
4.35119
4.30605
4.25691
4.203
4.14504
4.08233
4.01651
3.94754
3.87685
3.8052
3.7333
3.66223
3.59243
3.5247
3.45943
3.39717
3.33813
3.28239
3.23021
3.18067
3.13396
3.08895
3.04594
3.00379
2.96241
2.92104
2.87973
2.83817
2.7967
2.75516
2.71422
2.67396
2.63512
2.59799
2.56386
2.53365
2.50434
2.47756
2.4575
2.44225
2.4383
2.43858
2.44202
2.45102
2.4734
2.50106
2.53156
2.55928
2.58113
2.59533
2.60033
2.59987
2.59771
2.59237
2.57923
2.56384
2.5476
2.53077
2.51484
2.49858
2.48341
2.46788
2.45352
2.43921
2.42653
2.41479
2.4054
2.39833
2.39453
2.39345
2.39392
2.39652
2.40495
2.42369
2.43789
2.4815
1.60901
1.81273
2.40474
3.65208
4.02105
4.15931
4.33159
4.6029
5.13966
5.56456
5.6588
5.63227
5.54366
5.32987
5.14294
4.99134
4.8721
4.78433
4.71865
4.66213
4.61213
4.56354
4.51709
4.47054
4.42388
4.37548
4.32488
4.27118
4.21354
4.15265
4.08762
4.02068
3.95087
3.88103
3.81025
3.74094
3.67258
3.60673
3.54338
3.48296
3.42563
3.37097
3.31951
3.26971
3.22257
3.17621
3.1309
3.08534
3.03967
2.99327
2.94643
2.89895
2.85128
2.80343
2.75622
2.7095
2.66434
2.62055
2.57909
2.54056
2.50583
2.47226
2.44215
2.41692
2.39846
2.38503
2.38361
2.38399
2.38781
2.3996
2.42348
2.45235
2.4807
2.50629
2.52387
2.53602
2.53743
2.53711
2.53472
2.52828
2.51531
2.50152
2.4869
2.47313
2.45962
2.44747
2.4357
2.42572
2.4168
2.41043
2.40618
2.40591
2.40637
2.40884
2.41586
2.43058
2.44919
2.47788
2.49637
2.54529
1.52789
1.67228
1.9569
2.91763
3.86927
4.33541
4.83528
5.58672
6.03859
6.04376
5.99728
5.84968
5.59548
5.37498
5.20439
5.07187
4.97735
4.9009
4.83412
4.76956
4.7082
4.64889
4.59229
4.53861
4.48601
4.43499
4.38197
4.3289
4.27151
4.21304
4.14995
4.08609
4.01896
3.95212
3.88385
3.81741
3.7514
3.68813
3.62676
3.56819
3.5125
3.45899
3.40767
3.35752
3.30821
3.25879
3.20913
3.15876
3.10733
3.05543
3.00222
2.94919
2.89531
2.84231
2.78931
2.73761
2.68695
2.63793
2.59095
2.54604
2.50452
2.46604
2.42963
2.39564
2.36764
2.34409
2.32743
2.31901
2.31767
2.3189
2.32483
2.34179
2.36668
2.39558
2.42271
2.44562
2.46028
2.46975
2.47053
2.47063
2.46846
2.46168
2.45092
2.44009
2.4294
2.42004
2.41197
2.40649
2.40291
2.40351
2.40481
2.40804
2.41553
2.42836
2.44781
2.47285
2.50003
2.53406
2.55547
2.60234
1.4758
1.57589
1.74866
2.17626
3.40145
4.66185
5.9672
6.48747
6.47783
6.37398
6.10789
5.83343
5.59654
5.41215
5.27081
5.17083
5.09095
5.01704
4.94308
4.86969
4.79669
4.7275
4.66085
4.5997
4.54025
4.48538
4.42942
4.37609
4.31903
4.26276
4.20182
4.14151
4.07715
4.01409
3.94901
3.88605
3.82327
3.76299
3.70424
3.6478
3.59287
3.53933
3.48651
3.4339
3.38076
3.32715
3.27192
3.21622
3.1586
3.10103
3.04182
2.98349
2.92407
2.86635
2.8081
2.75234
2.69652
2.64386
2.59156
2.54305
2.49539
2.45236
2.41111
2.37321
2.3371
2.30711
2.28041
2.26151
2.24662
2.24425
2.24371
2.2462
2.25538
2.27772
2.30509
2.33341
2.35884
2.37886
2.39188
2.40017
2.4018
2.40288
2.40218
2.3979
2.39166
2.38666
2.38306
2.38446
2.38675
2.39089
2.39898
2.41125
2.43065
2.45518
2.48478
2.51689
2.54883
2.58298
2.60355
2.64298
1.4544
1.52262
1.67392
1.96637
2.79553
4.97937
6.65295
6.70102
6.61439
6.30275
6.00319
5.76411
5.58439
5.4452
5.34546
5.26128
5.18044
5.0995
5.01587
4.93384
4.85184
4.77538
4.7008
4.63353
4.56809
4.50885
4.45037
4.39539
4.33968
4.28491
4.2285
4.17137
4.113
4.05364
3.99455
3.935
3.87719
3.81923
3.76353
3.7074
3.65294
3.59743
3.54219
3.48545
3.42772
3.36847
3.30779
3.24596
3.18316
3.11965
3.05622
2.99244
2.92986
2.86737
2.80672
2.74685
2.68898
2.6326
2.57828
2.52603
2.47596
2.4286
2.38388
2.34254
2.30273
2.26706
2.23464
2.20767
2.18523
2.16943
2.16269
2.16116
2.16257
2.16863
2.18553
2.21124
2.2402
2.26801
2.29191
2.31043
2.32339
2.3322
2.3384
2.34175
2.34433
2.34705
2.3504
2.35567
2.36494
2.37719
2.39513
2.41985
2.45006
2.48316
2.51887
2.55356
2.58511
2.61451
2.63069
2.66049
1.44523
1.50646
1.64114
1.90731
2.6595
5.04589
6.32261
6.33888
6.2049
5.95479
5.75272
5.61283
5.50567
5.42584
5.34844
5.26908
5.18523
5.09971
5.01244
4.92619
4.84183
4.76018
4.68324
4.60931
4.542
4.47648
4.41807
4.35939
4.30683
4.25181
4.20112
4.14653
4.09526
4.04044
3.98867
3.93361
3.88187
3.82722
3.77508
3.72
3.66593
3.60899
3.5515
3.49157
3.43006
3.36692
3.3021
3.23661
3.17009
3.10371
3.03722
2.97141
2.90657
2.84255
2.78042
2.71915
2.66025
2.60247
2.54721
2.49338
2.4423
2.39284
2.34652
2.30236
2.26146
2.22219
2.18707
2.15478
2.12759
2.10444
2.088
2.07841
2.07711
2.07764
2.08248
2.09502
2.11906
2.14813
2.17797
2.20538
2.22874
2.24746
2.26271
2.27511
2.28637
2.2972
2.3105
2.32457
2.34139
2.36488
2.39412
2.42841
2.46508
2.5033
2.53885
2.57194
2.59748
2.62048
2.63021
2.65174
1.44129
1.50024
1.62552
1.8957
2.56807
5.01145
5.94122
5.90295
5.7259
5.57869
5.48545
5.41717
5.36309
5.30527
5.2388
5.16388
5.08476
5.00176
4.91921
4.83475
4.75312
4.67145
4.5942
4.51854
4.44889
4.38226
4.32138
4.26388
4.21059
4.15977
4.11106
4.06356
4.01652
3.96921
3.92233
3.87491
3.82727
3.77823
3.72843
3.67646
3.62261
3.56655
3.50752
3.44718
3.38339
3.31942
3.25268
3.18646
3.11905
3.05225
2.98593
2.92008
2.85597
2.79223
2.73098
2.67019
2.61204
2.55481
2.49998
2.44662
2.39552
2.34624
2.2993
2.25455
2.21252
2.17273
2.13535
2.10135
2.07034
2.04379
2.02126
2.00484
1.99443
1.99328
1.99404
1.99785
2.00839
2.03122
2.06082
2.09206
2.12347
2.15128
2.17724
2.1993
2.2214
2.24198
2.26574
2.28981
2.31942
2.35232
2.38989
2.42882
2.46816
2.5045
2.53623
2.56242
2.58116
2.59674
2.60176
2.61744
1.43966
1.49808
1.61966
1.88488
2.53875
4.97941
5.8384
5.74979
5.53116
5.40676
5.33508
5.28294
5.22957
5.16942
5.10157
5.0283
4.95148
4.87267
4.79241
4.71167
4.63042
4.55056
4.47207
4.39747
4.32563
4.25968
4.19674
4.14055
4.08629
4.03874
3.99116
3.94935
3.90553
3.86613
3.82275
3.78256
3.73775
3.6944
3.64568
3.59727
3.54316
3.48903
3.42939
3.37018
3.30631
3.24363
3.17763
3.11317
3.04715
2.98238
2.9179
2.85406
2.79197
2.73012
2.67075
2.61178
2.5552
2.49969
2.44601
2.39417
2.34381
2.29564
2.24918
2.20487
2.16282
2.12299
2.08558
2.05045
2.01852
1.9894
1.96429
1.94324
1.92728
1.9178
1.9171
1.91766
1.92178
1.93118
1.95471
1.98445
2.01835
2.05301
2.08724
2.12033
2.15235
2.18529
2.21854
2.25465
2.29418
2.33454
2.37649
2.41574
2.45202
2.48263
2.50676
2.52501
2.53729
2.54597
2.54872
2.55938
1.44117
1.49482
1.62015
1.87906
2.52716
4.98084
5.79382
5.68937
5.45959
5.32828
5.25269
5.19094
5.12825
5.05842
4.98722
4.91165
4.83544
4.75616
4.67649
4.59552
4.51493
4.43491
4.35665
4.28121
4.20919
4.14162
4.07864
4.02076
3.96807
3.91985
3.87647
3.83551
3.79852
3.76079
3.7256
3.68627
3.6486
3.60453
3.56166
3.51133
3.46214
3.40567
3.35064
3.28966
3.2303
3.16686
3.10504
3.04099
2.97861
2.91515
2.8538
2.79161
2.73237
2.67204
2.61538
2.55757
2.50355
2.44892
2.39759
2.34653
2.29823
2.25081
2.20604
2.16234
2.12143
2.08189
2.04499
2.00977
1.97742
1.94728
1.92043
1.89678
1.87734
1.86242
1.85505
1.85464
1.85571
1.86031
1.87166
1.89578
1.92793
1.9651
2.00587
2.04765
2.09095
2.13435
2.17954
2.22507
2.27147
2.31597
2.35706
2.39346
2.42284
2.44716
2.46437
2.47748
2.48664
2.49337
2.49664
2.50652
1.43914
1.49637
1.6167
1.8778
2.52152
4.95449
5.77624
5.67379
5.43724
5.30196
5.22387
5.15884
5.08612
5.00881
4.9296
4.84832
4.76732
4.68525
4.60269
4.51948
4.4368
4.35493
4.27542
4.1983
4.12487
4.05618
3.99247
3.93424
3.88211
3.83483
3.79323
3.7548
3.7203
3.68628
3.65355
3.61845
3.58188
3.54148
3.49834
3.45119
3.40085
3.34769
3.29106
3.23388
3.17272
3.11379
3.04997
2.99098
2.92633
2.86827
2.80455
2.74774
2.68636
2.63091
2.5728
2.51907
2.46453
2.41297
2.36197
2.31299
2.26545
2.21947
2.17523
2.13271
2.09156
2.0528
2.01508
1.98027
1.94654
1.91617
1.88733
1.86252
1.84002
1.82293
1.80879
1.80637
1.80624
1.80808
1.81442
1.82947
1.85802
1.89507
1.93934
1.98864
2.04175
2.09657
2.15228
2.20672
2.25805
2.3039
2.34356
2.37512
2.40072
2.41893
2.43297
2.44336
2.44986
2.45563
2.45858
2.46775
1.43894
1.49614
1.61598
1.87642
2.51707
4.94201
5.77038
5.66747
5.42546
5.28998
5.21499
5.15103
5.07724
4.9947
4.91114
4.82485
4.74096
4.65616
4.57066
4.48542
4.40069
4.31718
4.23552
4.15708
4.08249
4.01332
3.94896
3.89095
3.83872
3.79247
3.75143
3.71472
3.68127
3.64942
3.61806
3.58515
3.55002
3.51103
3.46886
3.42198
3.37244
3.31869
3.26313
3.20493
3.14538
3.08526
3.02343
2.96338
2.90078
2.84222
2.78006
2.72369
2.66297
2.60905
2.55059
2.49922
2.44358
2.39463
2.34222
2.29565
2.24679
2.20262
2.15746
2.11579
2.07439
2.03556
1.99808
1.96264
1.92919
1.89782
1.86892
1.84263
1.81937
1.79999
1.78414
1.77673
1.77634
1.77724
1.78185
1.79173
1.81648
1.8512
1.89693
1.95103
2.01191
2.07601
2.13952
2.19969
2.25242
2.29752
2.33297
2.36074
2.38117
2.39594
2.40691
2.41505
2.41994
2.42467
2.42701
2.4351
1.44029
1.49433
1.61706
1.87445
2.51612
4.9311
5.76686
5.66515
5.42153
5.28649
5.21395
5.15175
5.07904
4.9946
4.9101
4.82166
4.73673
4.65065
4.56433
4.47794
4.39249
4.30767
4.22501
4.14576
4.0707
4.00094
3.93632
3.87812
3.82576
3.77979
3.73898
3.70281
3.67001
3.63893
3.6083
3.57638
3.54186
3.50356
3.46153
3.41486
3.36505
3.31115
3.25531
3.1969
3.1372
3.07691
3.01511
2.955
2.89254
2.83399
2.77203
2.71573
2.65521
2.60142
2.5431
2.49188
2.43628
2.38752
2.3351
2.28869
2.2398
2.19571
2.15048
2.1088
2.06728
2.02836
1.99072
1.95508
1.92154
1.88976
1.86071
1.83372
1.81007
1.78953
1.7731
1.7627
1.7621
1.76255
1.76625
1.77442
1.79592
1.8292
1.87544
1.93211
1.99754
2.06679
2.13474
2.197
2.24989
2.29302
2.32588
2.35075
2.36857
2.38121
2.39039
2.39717
2.40108
2.40479
2.40667
2.41346
)
;

boundaryField
{
    inlet
    {
        type            calculated;
        value           uniform 1.40001;
    }
    outlet
    {
        type            calculated;
        value           nonuniform List<scalar> 
40
(
1.84208
1.94078
1.99727
2.05677
2.10195
2.14832
2.18422
2.21464
2.23682
2.25893
2.27027
2.28426
2.29168
2.29889
2.30281
2.30365
2.3009
2.29484
2.28672
2.27937
2.27462
2.27281
2.27638
2.28694
2.30422
2.32636
2.36071
2.41399
2.47465
2.53817
2.59499
2.6355
2.65298
2.64429
2.61014
2.55228
2.49959
2.46095
2.42841
2.40685
)
;
    }
    top
    {
        type            symmetryPlane;
    }
    bottom
    {
        type            symmetryPlane;
    }
    obstacle
    {
        type            calculated;
        value           nonuniform List<scalar> 
110
(
5.99147
5.9927
5.98084
5.95875
5.92554
5.8794
5.81188
5.7102
5.54566
5.28076
2.02311
1.33694
1.32913
1.75702
1.70598
1.61318
1.57482
1.5633
1.56009
1.55484
1.54175
1.5236
1.50971
1.49773
1.48812
1.47683
1.46436
1.45251
1.44102
1.43004
1.41901
1.40678
1.39974
1.39779
1.39783
1.40118
1.41539
1.44411
1.48562
1.5384
1.59619
1.65695
1.71704
1.77554
1.82992
1.8798
1.92391
1.9642
2.00008
2.03227
2.06078
2.08556
2.1066
2.12553
2.14172
2.15296
2.16287
2.16841
2.17366
2.17536
2.17788
2.17437
2.17311
2.16716
2.16388
2.15613
2.15048
2.14242
2.13472
2.12657
2.11805
2.10992
2.10184
2.09413
2.08715
2.08081
2.07542
2.07115
2.06803
2.06617
2.06566
2.06639
2.06736
2.06858
2.07036
2.07292
2.07542
2.07663
2.0772
2.07699
2.07605
2.07346
2.06935
2.06155
2.05379
2.04241
2.03143
2.01829
2.00501
1.98978
1.97501
1.95902
1.9433
1.92664
1.91085
1.89476
1.87998
1.86595
1.85444
1.84666
)
;
    }
    frontAndBack
    {
        type            empty;
    }
}


// ************************************************************************* //
