/*--------------------------------*- C++ -*----------------------------------*\
  =========                 |
  \\      /  F ield         | OpenFOAM: The Open Source CFD Toolbox
   \\    /   O peration     | Website:  https://openfoam.org
    \\  /    A nd           | Version:  13
     \\/     M anipulation  |
\*---------------------------------------------------------------------------*/
FoamFile
{
    format      ascii;
    class       volScalarField;
    location    "8";
    object      Ma;
}
// * * * * * * * * * * * * * * * * * * * * * * * * * * * * * * * * * * * * * //

dimensions      [];

internalField   nonuniform List<scalar> 
5250
(
2.99999
2.99996
2.99988
2.99971
2.99919
2.99816
2.99511
2.98858
2.97068
2.92917
2.82159
2.56016
1.98186
1.01531
0.421072
0.323604
0.34071
0.337411
0.304672
0.252166
0.20272
0.161632
0.120598
0.075197
0.0416278
2.99999
2.99996
2.99988
2.99971
2.9992
2.99818
2.99517
2.9887
2.97105
2.92994
2.8237
2.56496
1.99155
1.02788
0.428987
0.324603
0.342181
0.339515
0.30717
0.255547
0.207331
0.167653
0.128861
0.0887456
0.0648701
2.99999
2.99996
2.99989
2.99971
2.99925
2.99814
2.99547
2.98855
2.97253
2.93046
2.82934
2.57431
2.01266
1.05616
0.447029
0.327785
0.346732
0.34588
0.314807
0.265513
0.22022
0.184035
0.150279
0.118725
0.103126
3
2.99996
2.9999
2.99971
2.99931
2.99818
2.99565
2.9891
2.97319
2.93377
2.83501
2.59087
2.04448
1.10097
0.474648
0.332364
0.35403
0.35631
0.327262
0.281326
0.239955
0.208193
0.180168
0.155828
0.144914
3
2.99997
2.9999
2.99973
2.99932
2.99833
2.99576
2.98994
2.97407
2.93809
2.84288
2.61272
2.08839
1.1638
0.511916
0.338411
0.363934
0.37049
0.343952
0.301958
0.264971
0.237976
0.215388
0.196843
0.189079
3
2.99997
2.9999
2.99976
2.99935
2.99849
2.99596
2.99079
2.97565
2.94275
2.85354
2.63973
2.1448
1.24767
0.559351
0.346776
0.377218
0.388934
0.365086
0.327434
0.294963
0.272905
0.255731
0.242619
0.238259
3
2.99997
2.99992
2.99977
2.99943
2.99858
2.99642
2.99143
2.97805
2.94754
2.86699
2.67167
2.21403
1.35612
0.617547
0.360016
0.395588
0.412459
0.391024
0.35779
0.329886
0.312941
0.301718
0.294903
0.295782
3
2.99998
2.99993
2.99978
2.99952
2.99864
2.99703
2.99184
2.98147
2.95164
2.88366
2.70638
2.29543
1.49068
0.687626
0.383855
0.422322
0.442696
0.422991
0.393957
0.370417
0.358838
0.354372
0.356117
0.367365
3
2.99998
2.99993
2.99983
2.99955
2.99888
2.99727
2.99308
2.98355
2.95805
2.89872
2.74517
2.38467
1.65242
0.770513
0.42463
0.461849
0.481133
0.462964
0.437175
0.417785
0.411267
0.414798
0.430289
0.463862
3
2.99999
2.99994
2.99986
2.99958
2.99908
2.99746
2.99432
2.98491
2.96473
2.91004
2.78007
2.46016
1.79449
0.853776
0.46507
0.499415
0.516876
0.505187
0.484465
0.470613
0.469735
0.485878
0.527887
0.628376
3
2.99999
2.99995
2.99987
2.99966
2.99915
2.99787
2.99487
2.98691
2.96889
2.92103
2.8068
2.52154
1.91076
0.957638
0.522667
0.525888
0.5406
0.541439
0.530067
0.524014
0.532384
0.566612
0.64554
0.804179
3
2.99999
2.99996
2.99988
2.99971
2.99923
2.99823
2.99527
2.98927
2.97155
2.93335
2.82945
2.58266
2.02893
1.10003
0.600513
0.54262
0.559531
0.570482
0.57053
0.574511
0.594358
0.64356
0.739686
0.896866
3
2.99999
2.99997
2.9999
2.99975
2.99937
2.9984
2.99621
2.99018
2.97702
2.94089
2.85685
2.64046
2.15372
1.27437
0.692997
0.559529
0.577026
0.595822
0.606541
0.620552
0.650561
0.706443
0.798734
0.928203
3
3
2.99997
2.99992
2.99978
2.9995
2.99863
2.99693
2.99167
2.98115
2.95061
2.88173
2.70141
2.28652
1.48445
0.803896
0.58966
0.603404
0.624058
0.641948
0.662411
0.697501
0.753883
0.836025
0.943377
3.00001
3
2.99998
2.99993
2.99984
2.99955
2.999
2.99731
2.9938
2.98403
2.96191
2.90433
2.76496
2.42886
1.7431
0.934688
0.644466
0.645793
0.661516
0.681276
0.702954
0.737584
0.790592
0.863655
0.955941
3.00001
3
2.99999
2.99995
2.99987
2.99965
2.99919
2.99784
2.99511
2.98696
2.97012
2.9228
2.81372
2.53939
1.95557
1.07266
0.706709
0.686921
0.701283
0.720443
0.74194
0.774454
0.822269
0.886714
0.967378
3.00001
3
2.99999
2.99997
2.99989
2.99974
2.99931
2.99838
2.99586
2.99001
2.97529
2.93915
2.84954
2.62768
2.13021
1.26766
0.798799
0.717924
0.731079
0.750839
0.775556
0.807299
0.851005
0.907871
0.977992
3.00001
3
2.99999
2.99997
2.99993
2.99978
2.9995
2.99864
2.99691
2.99193
2.98101
2.95186
2.88294
2.70756
2.30147
1.52153
0.921854
0.753837
0.758722
0.777637
0.804823
0.836208
0.876623
0.927548
0.988708
3.00001
3
3
2.99998
2.99994
2.99984
2.99961
2.99901
2.99759
2.99412
2.98533
2.9648
2.91205
2.78491
2.47762
1.84111
1.07673
0.813033
0.796796
0.810356
0.835495
0.865612
0.901827
0.946893
1.00044
3.00001
3.00001
3
2.99999
2.99996
2.99988
2.99971
2.99925
2.99819
2.99556
2.98896
2.97346
2.93364
2.83828
2.60129
2.08339
1.25227
0.882611
0.832366
0.843314
0.865478
0.894575
0.927049
0.96655
1.01331
3.00001
3.00001
3
2.99999
2.99997
2.99992
2.99978
2.99944
2.99866
2.99657
2.99204
2.97931
2.95163
2.8769
2.70043
2.28495
1.51208
0.999173
0.871012
0.873307
0.891527
0.919868
0.95065
0.985945
1.02714
3.00001
3.00001
3
3
2.99998
2.99994
2.99985
2.99958
2.99907
2.99747
2.9943
2.9851
2.9652
2.91208
2.7866
2.48244
1.85335
1.15783
0.928851
0.908483
0.920343
0.944615
0.974333
1.00591
1.04191
3.00001
3.00001
3
3
2.99999
2.99996
2.99989
2.99971
2.99932
2.9982
2.99594
2.98919
2.97554
2.9366
2.84919
2.62627
2.13982
1.35802
1.00537
0.943905
0.950765
0.970239
0.997235
1.02623
1.05805
3.00001
3.00001
3.00001
3
2.99999
2.99997
2.99992
2.99981
2.99948
2.99884
2.99681
2.99301
2.98124
2.95702
2.89009
2.73439
2.36314
1.65013
1.13107
0.988419
0.981494
0.993462
1.01715
1.04556
1.07498
3.00001
3.00001
3.00001
3
3
2.99998
2.99995
2.99986
2.99968
2.99911
2.99805
2.99472
2.98825
2.96928
2.92835
2.82021
2.5705
2.02531
1.31397
1.05575
1.01696
1.02207
1.04028
1.06555
1.09262
3.00001
3.00001
3.00001
3.00001
3
2.99999
2.99997
2.99991
2.99976
2.99944
2.99855
2.99656
2.99153
2.97924
2.94975
2.87598
2.69784
2.2884
1.55939
1.14974
1.05371
1.04991
1.06165
1.08419
1.11041
3.00001
3.00001
3.00001
3.00001
3
3
2.99998
2.99994
2.99985
2.9996
2.99906
2.99766
2.9943
2.98628
2.96594
2.91825
2.79794
2.51709
1.92598
1.309
1.10757
1.08077
1.08652
1.10433
1.12776
3.00001
3.00001
3.00001
3.00001
3.00001
3
2.99999
2.99996
2.9999
2.99973
2.9994
2.99835
2.99643
2.99035
2.97831
2.9442
2.86764
2.67394
2.24338
1.53454
1.19097
1.11652
1.11276
1.12349
1.14276
3.00001
3.00001
3.00001
3.00001
3.00001
3
3
2.99998
2.99993
2.99984
2.99956
2.99903
2.99743
2.9941
2.98503
2.96445
2.91218
2.78672
2.48953
1.88404
1.33585
1.16457
1.14032
1.1443
1.1582
3.00001
3.00001
3.00001
3.00001
3.00001
3.00001
3
2.99999
2.99996
2.9999
2.99973
2.99936
2.99838
2.9961
2.99055
2.97677
2.94429
2.86302
2.66989
2.23302
1.55705
1.24556
1.17578
1.16723
1.17145
3.00001
3.00001
3.00001
3.00001
3.00001
3.00001
3
3
2.99998
2.99994
2.99983
2.99959
2.99895
2.99758
2.99371
2.98578
2.96323
2.91454
2.78672
2.49676
1.90353
1.38556
1.21937
1.18944
1.18253
3.00001
3.00001
3.00001
3.00001
3.00001
3.00001
3.00001
3
2.99999
2.99996
2.9999
2.99973
2.99937
2.99841
2.9962
2.99077
2.9774
2.94589
2.86723
2.68088
2.25858
1.60625
1.29769
1.21573
1.18894
3.00001
3.00001
3.00001
3.00001
3.00001
3.00001
3.00001
3
3
2.99998
2.99994
2.99983
2.99961
2.999
2.99764
2.99422
2.98598
2.96634
2.91763
2.80151
2.52641
1.96627
1.43618
1.24544
1.18574
3.00001
3.00001
3.00001
3.00001
3.00001
3.00001
3.00001
3.00001
3
2.99999
2.99997
2.9999
2.99976
2.99935
2.99858
2.99617
2.99162
2.97795
2.94954
2.87323
2.69863
2.29569
1.6506
1.30348
1.16521
3.00001
3.00001
3.00001
3.00001
3.00001
3.00001
3.00001
3.00001
3
3
2.99998
2.99994
2.99984
2.99963
2.99902
2.99777
2.99432
2.98669
2.96727
2.92143
2.80939
2.54801
2.00851
1.40618
1.10312
3.00001
3.00001
3.00001
3.00001
3.00001
3.00001
3.00001
3.00001
3.00001
3
2.99999
2.99996
2.9999
2.99973
2.99935
2.99839
2.99608
2.99062
2.97658
2.94451
2.86207
2.66853
2.23248
1.51415
0.982
3.00001
3.00001
3.00001
3.00001
3.00001
3.00001
3.00001
3.00001
3.00001
3
2.99999
2.99997
2.99993
2.99979
2.99952
2.99871
2.99705
2.99239
2.982
2.95508
2.89069
2.73028
2.35936
1.64956
0.851623
3.00001
3.00001
3.00001
3.00001
3.00001
3.00001
3.00001
3.00001
3.00001
3
3
2.99998
2.99993
2.99983
2.99957
2.99888
2.99741
2.99314
2.9843
2.95881
2.90206
2.75145
2.40047
1.68303
0.744585
3.00001
3.00001
3.00001
3.00001
3.00001
3.00001
3.00001
3.00001
3.00001
3
3
2.99998
2.99994
2.99985
2.99958
2.99903
2.99737
2.99409
2.98396
2.96305
2.90378
2.76431
2.41775
1.70044
0.713477
3.00001
3.00001
3.00001
3.00001
3.00001
3.00001
3.00001
3.00001
3.00001
3
3
2.99998
2.99994
2.99986
2.99959
2.99908
2.99746
2.99423
2.98469
2.96373
2.90699
2.76985
2.43043
1.71916
0.719582
3.00001
3.00001
3.00001
3.00001
3.00001
3.00001
3.00001
3.00001
3.00001
3
3
2.99998
2.99995
2.99985
2.99964
2.99901
2.99775
2.99384
2.98601
2.96281
2.91112
2.77236
2.44176
1.73838
0.735239
3.00001
3.00001
3.00001
3.00001
3.00001
3.00001
3.00001
3.00001
3.00001
3
3
2.99998
2.99995
2.99985
2.99964
2.99902
2.99779
2.99394
2.98627
2.96338
2.91264
2.77609
2.45083
1.75585
0.753107
3.00001
3.00001
3.00001
3.00001
3.00001
3.00001
3.00001
3.00001
3.00001
3
3
2.99998
2.99995
2.99986
2.99962
2.99911
2.9976
2.99455
2.98526
2.96587
2.91108
2.78179
2.45723
1.77113
0.77079
3.00001
3.00001
3.00001
3.00001
3.00001
3.00001
3.00001
3.00001
3.00001
3
3
2.99998
2.99995
2.99986
2.99964
2.99909
2.9977
2.99444
2.98572
2.96573
2.91261
2.7838
2.46395
1.78387
0.786693
3.00001
3.00001
3.00001
3.00001
3.00001
3.00001
3.00001
3.00001
3.00001
3
3
2.99998
2.99995
2.99985
2.99966
2.99905
2.99782
2.99423
2.98635
2.96507
2.91463
2.78448
2.46999
1.79449
0.800102
3.00001
3.00001
3.00001
3.00001
3.00001
3.00001
3.00001
3.00001
3.00001
3
3
2.99998
2.99995
2.99985
2.99966
2.99904
2.99787
2.99416
2.98661
2.96495
2.9156
2.78567
2.47453
1.80361
0.810391
3.00001
3.00001
3.00001
3.00001
3.00001
3.00001
3.00001
3.00001
3.00001
3
3
2.99999
2.99994
2.99987
2.99962
2.99914
2.99768
2.99457
2.98596
2.96619
2.91456
2.78833
2.4773
1.81164
0.8178
3.00001
3.00001
3.00001
3.00001
3.00001
3.00001
3.00001
3.00001
3.00001
3
3
2.99999
2.99995
2.99987
2.99962
2.99915
2.99763
2.9947
2.98575
2.96675
2.91433
2.78997
2.47968
1.81933
0.822983
3.00001
3.00001
3.00001
3.00001
3.00001
3.00001
3.00001
3.00001
3.00001
3
3
2.99998
2.99995
2.99986
2.99965
2.99909
2.99776
2.9945
2.9861
2.96642
2.91503
2.79037
2.48164
1.82513
0.826063
3.00001
3.00001
3.00001
3.00001
3.00001
3.00001
3.00001
3.00001
3.00001
3
3
2.99998
2.99995
2.99986
2.99963
2.99913
2.99768
2.99466
2.98579
2.96696
2.91452
2.79131
2.48232
1.82812
0.827486
0.988056
0.804569
0.295393
0.249983
0.304835
0.402582
0.437601
0.465157
0.502897
0.543721
0.579475
0.610656
0.640826
0.671676
0.703256
0.727716
0.739384
0.742937
0.740111
0.727032
0.701306
0.665597
0.623268
0.578071
0.532706
0.488226
0.445462
0.404873
0.366251
0.329531
0.294263
0.260106
0.226824
0.193647
0.161523
0.130388
0.100343
0.0712307
0.0433638
0.0206536
0.0229599
0.0475317
0.0722786
0.0971202
0.121236
0.143719
0.165385
0.187674
0.210168
0.231796
0.252772
0.273101
0.293012
0.312416
0.331488
0.350128
0.368451
0.386383
0.40409
0.421388
0.438531
0.455323
0.471938
0.488283
0.504438
0.520406
0.536133
0.55178
0.567173
0.582486
0.597641
0.612651
0.627571
0.642345
0.657003
0.671558
0.685955
0.700255
0.714393
0.728406
0.742264
0.755996
0.769533
0.783017
0.796196
0.809446
0.822264
0.835243
0.847727
0.860353
0.872504
0.884656
0.896372
0.90789
0.918882
0.929396
0.938963
0.947405
0.953734
0.958195
0.972237
0.859372
0.602483
0.432832
0.305661
0.165881
0.0515618
0.146813
0.231812
0.296265
0.33974
0.372658
0.406566
0.441415
0.475925
0.504739
0.51914
0.521241
0.514939
0.498676
0.469038
0.430157
0.385817
0.340328
0.296022
0.253471
0.213122
0.175741
0.140611
0.107837
0.0776593
0.0519328
0.0376324
0.0452756
0.0664344
0.0906637
0.116005
0.141009
0.165667
0.189359
0.211952
0.233912
0.255799
0.277316
0.298551
0.318621
0.337924
0.357446
0.377562
0.39701
0.415764
0.433925
0.451754
0.469111
0.486227
0.502935
0.519378
0.53554
0.551396
0.567067
0.582384
0.597641
0.612461
0.627348
0.641782
0.656302
0.670452
0.684641
0.69854
0.712474
0.726122
0.739856
0.753273
0.766818
0.780033
0.793372
0.806395
0.819507
0.832312
0.845195
0.857729
0.870401
0.882618
0.895091
0.906979
0.919239
0.930828
0.942819
0.954148
0.965809
0.97688
0.988152
0.998939
1.00973
1.01994
1.02981
1.03871
1.04664
1.05251
1.05652
0.985958
0.958406
0.854979
0.759732
0.655126
0.539939
0.422139
0.316802
0.22517
0.142976
0.0751655
0.0816583
0.1319
0.180409
0.222257
0.256667
0.272675
0.268394
0.249745
0.232134
0.202131
0.166041
0.130479
0.0991487
0.0780726
0.0723628
0.0829374
0.10232
0.125546
0.150281
0.175141
0.199875
0.223955
0.247082
0.269716
0.292151
0.314181
0.335775
0.356752
0.377106
0.396605
0.415735
0.434391
0.452941
0.471
0.488485
0.504932
0.521511
0.538611
0.555703
0.571948
0.587839
0.603224
0.618502
0.633364
0.648142
0.662504
0.676852
0.690769
0.704722
0.718291
0.73186
0.745161
0.758379
0.77145
0.784384
0.797237
0.809951
0.822601
0.835138
0.847614
0.859994
0.872327
0.884549
0.896752
0.908804
0.920856
0.932726
0.944579
0.956269
0.967874
0.979388
0.990725
1.00205
1.01312
1.02421
1.03507
1.04591
1.05668
1.06728
1.07795
1.08824
1.09863
1.10839
1.11821
1.12711
1.13573
1.14284
1.14865
1.15191
1.01315
1.03086
1.00049
0.947938
0.883202
0.801691
0.718096
0.630282
0.549294
0.46849
0.391571
0.317958
0.25451
0.196693
0.143196
0.0951593
0.0531822
0.030037
0.0517213
0.0833443
0.121387
0.16731
0.20379
0.235004
0.262594
0.287096
0.309656
0.33146
0.352811
0.373891
0.394368
0.414553
0.433952
0.452862
0.471076
0.489135
0.506676
0.523968
0.540717
0.557009
0.572801
0.588119
0.60328
0.618095
0.632921
0.647073
0.660602
0.673797
0.687748
0.701872
0.715646
0.72885
0.741838
0.754608
0.767184
0.779665
0.791916
0.804116
0.816104
0.82803
0.8398
0.851486
0.863067
0.874575
0.88599
0.897372
0.908644
0.919924
0.931087
0.94228
0.953378
0.964495
0.975554
0.986594
0.997607
1.00856
1.01949
1.03035
1.04114
1.05191
1.06252
1.07321
1.08364
1.09422
1.10452
1.11509
1.12538
1.13587
1.14605
1.15634
1.16633
1.17636
1.18606
1.1957
1.20485
1.21381
1.22187
1.22931
1.23483
1.2386
1.03111
1.07332
1.07968
1.06055
1.02658
0.976979
0.920006
0.858866
0.796297
0.732707
0.666331
0.601125
0.542543
0.487194
0.436768
0.393854
0.360699
0.347299
0.352687
0.373907
0.402606
0.434768
0.465365
0.490642
0.511324
0.52859
0.543922
0.558646
0.573155
0.58758
0.601879
0.615858
0.629642
0.642927
0.656072
0.668849
0.68157
0.694041
0.706287
0.718387
0.730054
0.741769
0.753068
0.764658
0.775918
0.787309
0.797726
0.808358
0.818925
0.830617
0.841754
0.853081
0.863603
0.874511
0.884838
0.895569
0.905826
0.916394
0.926585
0.937005
0.947135
0.957442
0.967511
0.977738
0.987749
0.997922
1.0079
1.01803
1.028
1.03811
1.0481
1.05818
1.06819
1.07826
1.08824
1.09829
1.10818
1.1182
1.12794
1.13793
1.14749
1.1575
1.16701
1.17708
1.18654
1.1965
1.20582
1.21559
1.2248
1.23435
1.24342
1.25269
1.26154
1.27043
1.27887
1.28712
1.29469
1.30156
1.30696
1.31022
1.04151
1.09426
1.12242
1.12752
1.11631
1.09184
1.05714
1.01688
0.973219
0.926472
0.877131
0.826648
0.775238
0.725835
0.677732
0.635316
0.604101
0.589588
0.595576
0.614989
0.642417
0.672293
0.700424
0.722346
0.737238
0.747121
0.754155
0.761053
0.767947
0.775651
0.783253
0.791248
0.798805
0.806513
0.813874
0.821402
0.828843
0.836417
0.844037
0.851666
0.859422
0.867121
0.875041
0.882998
0.891268
0.899521
0.907469
0.915264
0.923299
0.932167
0.941316
0.950472
0.959332
0.968276
0.977072
0.986044
0.994924
1.00396
1.01292
1.02201
1.03102
1.04014
1.0492
1.05836
1.06745
1.07664
1.08578
1.09501
1.10422
1.11351
1.12279
1.13216
1.14152
1.15097
1.16036
1.16987
1.17923
1.18879
1.19811
1.20779
1.21715
1.22689
1.23613
1.24577
1.25493
1.26445
1.27354
1.28287
1.2919
1.30101
1.30994
1.31877
1.32751
1.33597
1.34434
1.3522
1.3598
1.3664
1.372
1.37509
1.04807
1.10478
1.14428
1.16597
1.17219
1.16596
1.14944
1.12616
1.09749
1.06591
1.02987
0.990826
0.94789
0.903055
0.859499
0.820412
0.79171
0.776792
0.780851
0.800292
0.830598
0.86295
0.892032
0.914103
0.927775
0.932002
0.930416
0.928043
0.926568
0.926332
0.927523
0.929338
0.931622
0.93417
0.937006
0.940104
0.943522
0.947323
0.951427
0.95603
0.960699
0.96592
0.971105
0.976955
0.982796
0.989293
0.995257
1.00147
1.00747
1.01457
1.02198
1.02983
1.03742
1.04521
1.05285
1.06069
1.06852
1.07651
1.08453
1.09268
1.10084
1.10912
1.11739
1.12577
1.13414
1.14261
1.15108
1.15963
1.16822
1.17686
1.18556
1.1943
1.20311
1.21194
1.2208
1.22972
1.23863
1.24774
1.25669
1.26585
1.27472
1.28387
1.29268
1.30177
1.31053
1.31953
1.32824
1.33709
1.34574
1.35441
1.36296
1.3714
1.37978
1.38791
1.39598
1.40361
1.41102
1.41758
1.42321
1.42637
1.05279
1.10985
1.15485
1.18649
1.20517
1.2124
1.21005
1.20006
1.18455
1.16339
1.13782
1.10559
1.06805
1.02754
0.98763
0.94928
0.917864
0.904374
0.910777
0.931638
0.962955
0.997921
1.02752
1.04966
1.0644
1.06884
1.06508
1.05609
1.04688
1.03982
1.03527
1.03263
1.03137
1.03087
1.03118
1.03193
1.03315
1.03493
1.03714
1.03981
1.04288
1.04641
1.05017
1.05443
1.05889
1.06387
1.06874
1.07359
1.07846
1.08397
1.09018
1.09685
1.10361
1.1104
1.11729
1.1242
1.13134
1.13847
1.14589
1.15326
1.16091
1.16847
1.17629
1.18399
1.19195
1.19979
1.20789
1.21587
1.22413
1.23226
1.24066
1.24895
1.25743
1.26584
1.27439
1.28301
1.29161
1.30028
1.30885
1.31755
1.32611
1.33484
1.34341
1.35212
1.3607
1.36934
1.37791
1.38643
1.39498
1.40335
1.41182
1.41999
1.4283
1.43622
1.44423
1.45172
1.45913
1.46565
1.47142
1.47465
1.05814
1.11283
1.15985
1.1968
1.22352
1.2402
1.2481
1.24836
1.24205
1.22961
1.20937
1.18071
1.14674
1.10957
1.06887
1.02482
0.994617
0.98784
0.996787
1.0191
1.05474
1.094
1.12567
1.1475
1.16217
1.1711
1.1721
1.16579
1.15441
1.1424
1.13253
1.12522
1.12004
1.11654
1.11419
1.11268
1.11165
1.11124
1.11124
1.11183
1.11284
1.11433
1.11623
1.11872
1.12147
1.12498
1.12849
1.13222
1.13575
1.13993
1.14464
1.15019
1.15583
1.1618
1.16776
1.17399
1.18024
1.18677
1.19333
1.20016
1.20701
1.21411
1.22122
1.22855
1.23588
1.24342
1.25094
1.25865
1.26636
1.27427
1.28216
1.29027
1.29833
1.3067
1.31489
1.32337
1.33157
1.34017
1.34838
1.35704
1.36526
1.37393
1.38215
1.39078
1.399
1.40756
1.4158
1.42426
1.43248
1.4408
1.44898
1.45712
1.46519
1.47309
1.48091
1.48843
1.49574
1.50237
1.50817
1.51159
1.06466
1.11569
1.16216
1.20156
1.23285
1.25578
1.27068
1.27792
1.2779
1.26977
1.25108
1.224
1.19354
1.15463
1.10564
1.06051
1.04008
1.04004
1.05192
1.07875
1.1178
1.15846
1.19198
1.21546
1.23051
1.24087
1.24559
1.2447
1.23775
1.22591
1.21235
1.1998
1.18943
1.18137
1.17556
1.17129
1.16825
1.16608
1.16452
1.16372
1.16325
1.16358
1.16433
1.1656
1.16736
1.16982
1.17261
1.17566
1.17859
1.1819
1.18576
1.19042
1.19545
1.2008
1.20634
1.21206
1.21794
1.224
1.23022
1.23664
1.2432
1.24995
1.2568
1.26382
1.27092
1.27817
1.2855
1.29299
1.30054
1.30828
1.31602
1.32398
1.33191
1.34001
1.34795
1.35613
1.3641
1.37237
1.3804
1.38873
1.39683
1.40519
1.41336
1.42173
1.42996
1.43829
1.44655
1.45481
1.46305
1.47118
1.47936
1.48731
1.49534
1.50305
1.51083
1.51813
1.5254
1.53185
1.53766
1.54097
1.07274
1.1194
1.16387
1.20343
1.23682
1.26322
1.28219
1.29354
1.296
1.28719
1.26838
1.24347
1.21004
1.16199
1.10808
1.07375
1.0639
1.06878
1.0867
1.12014
1.16112
1.19976
1.23233
1.25776
1.27555
1.28706
1.29505
1.29868
1.29768
1.29189
1.28166
1.2683
1.25441
1.24229
1.23263
1.22539
1.2201
1.21627
1.21355
1.21162
1.21044
1.20981
1.20977
1.21027
1.21127
1.21291
1.21497
1.21748
1.21984
1.22248
1.2255
1.22933
1.2337
1.23847
1.24353
1.2488
1.25433
1.26
1.26594
1.27197
1.27828
1.28462
1.29125
1.29788
1.30481
1.31171
1.31892
1.32611
1.33357
1.34105
1.34877
1.3565
1.36428
1.37215
1.37998
1.38797
1.39585
1.40393
1.41185
1.41999
1.42794
1.43609
1.44409
1.45224
1.46027
1.4684
1.47647
1.48456
1.49263
1.50065
1.50867
1.51656
1.52445
1.53211
1.53976
1.54703
1.55418
1.56059
1.56633
1.56968
1.08233
1.12466
1.16614
1.20459
1.23795
1.26559
1.28578
1.29781
1.29811
1.28636
1.2675
1.2395
1.19632
1.14005
1.09443
1.07656
1.07596
1.08615
1.11115
1.14873
1.18803
1.22361
1.25417
1.27985
1.30017
1.31567
1.32576
1.3329
1.33689
1.33678
1.33261
1.32464
1.31218
1.29798
1.28471
1.27359
1.26476
1.25823
1.25341
1.25009
1.24773
1.24613
1.24526
1.24476
1.24501
1.24573
1.24698
1.24885
1.25082
1.25303
1.25541
1.25857
1.26235
1.26668
1.27131
1.27631
1.28152
1.287
1.29265
1.29852
1.30452
1.31071
1.31703
1.32352
1.33015
1.33697
1.34391
1.35106
1.3583
1.36577
1.3732
1.38083
1.38836
1.39613
1.40375
1.41166
1.41937
1.42738
1.43517
1.44325
1.45111
1.45922
1.46715
1.47526
1.48323
1.49132
1.49932
1.50735
1.51533
1.52326
1.53118
1.53896
1.54673
1.55427
1.56178
1.56891
1.57588
1.58214
1.58766
1.59097
1.09347
1.13139
1.1693
1.2054
1.23734
1.26391
1.28273
1.29092
1.28562
1.27104
1.24836
1.21124
1.15627
1.10456
1.07887
1.07418
1.07959
1.09797
1.12975
1.16719
1.20241
1.23436
1.26275
1.28806
1.3099
1.32836
1.34297
1.35364
1.36061
1.36503
1.36607
1.36429
1.35857
1.34825
1.33506
1.32162
1.30963
1.29977
1.29233
1.28695
1.28326
1.28079
1.27919
1.27833
1.27797
1.27826
1.27905
1.28048
1.28229
1.28425
1.28634
1.28887
1.29212
1.296
1.30037
1.30504
1.31006
1.31526
1.32075
1.32634
1.33218
1.33812
1.34429
1.35057
1.35708
1.36373
1.37059
1.37761
1.38479
1.39207
1.39938
1.40681
1.4142
1.42177
1.42924
1.43692
1.44446
1.45224
1.45985
1.46768
1.47537
1.48324
1.49101
1.49888
1.50671
1.51457
1.52243
1.53026
1.53811
1.54585
1.55362
1.56121
1.56881
1.57613
1.58343
1.59029
1.59699
1.60291
1.60806
1.61115
1.10667
1.14014
1.17398
1.20645
1.23534
1.25832
1.27221
1.27196
1.26082
1.24272
1.2106
1.15861
1.10535
1.07458
1.06619
1.06933
1.08283
1.10956
1.1434
1.17654
1.20725
1.23587
1.26247
1.28729
1.31007
1.33053
1.34843
1.36303
1.37488
1.38247
1.38767
1.39027
1.39034
1.3871
1.37944
1.36788
1.35499
1.34268
1.33221
1.3239
1.31784
1.31347
1.31071
1.30882
1.30794
1.30754
1.30788
1.30872
1.31013
1.3119
1.31367
1.31574
1.31837
1.32176
1.32574
1.33011
1.33485
1.33982
1.34509
1.3505
1.35617
1.36194
1.36795
1.37407
1.38043
1.38694
1.39367
1.40057
1.40756
1.41468
1.42181
1.4291
1.43634
1.44379
1.45111
1.45867
1.46608
1.47371
1.48122
1.48891
1.4965
1.50423
1.5119
1.51965
1.52738
1.53513
1.54288
1.55059
1.55831
1.56593
1.57354
1.58098
1.58838
1.59549
1.6025
1.60904
1.61531
1.62076
1.62534
1.62815
1.12064
1.15017
1.17949
1.2075
1.23105
1.24773
1.25097
1.24282
1.22755
1.19867
1.15036
1.09785
1.06496
1.05471
1.05655
1.0667
1.08909
1.11968
1.1501
1.17865
1.20578
1.23179
1.25706
1.28139
1.30466
1.32644
1.34642
1.36418
1.37966
1.39205
1.40192
1.4077
1.41164
1.41312
1.41219
1.40724
1.39817
1.38662
1.37484
1.36409
1.35513
1.34826
1.34334
1.34014
1.33811
1.33716
1.33682
1.33729
1.3383
1.33986
1.34157
1.34343
1.34563
1.34847
1.35205
1.35607
1.36054
1.36525
1.37031
1.37552
1.38102
1.38662
1.39248
1.39847
1.4047
1.4111
1.4177
1.42444
1.43123
1.43818
1.44512
1.45225
1.4593
1.46656
1.47371
1.48106
1.48831
1.49574
1.50309
1.51058
1.51802
1.52555
1.53306
1.54062
1.54818
1.55573
1.56328
1.57079
1.57828
1.58566
1.59301
1.60015
1.60723
1.61395
1.62055
1.62654
1.63222
1.63697
1.64091
1.64335
1.13533
1.1604
1.1852
1.20706
1.22316
1.22752
1.22098
1.20653
1.17958
1.13401
1.08359
1.05112
1.04044
1.04178
1.05046
1.07022
1.09781
1.12523
1.15128
1.17606
1.20065
1.22494
1.24927
1.2732
1.29669
1.31921
1.34067
1.36048
1.37875
1.3946
1.40834
1.41902
1.42696
1.43168
1.43476
1.4356
1.43342
1.42709
1.41765
1.40673
1.39595
1.38636
1.37877
1.37308
1.3694
1.36708
1.36611
1.36588
1.36648
1.36766
1.36924
1.3709
1.37274
1.37498
1.37796
1.38154
1.38566
1.39009
1.39493
1.39995
1.40529
1.41075
1.41648
1.42233
1.42844
1.43473
1.44116
1.44771
1.45434
1.4611
1.46788
1.47483
1.48172
1.48881
1.49579
1.50298
1.51004
1.51729
1.52445
1.53175
1.539
1.54633
1.55367
1.56102
1.56841
1.57574
1.58313
1.59039
1.59769
1.6048
1.6119
1.61869
1.62541
1.63165
1.63768
1.64293
1.6478
1.65174
1.65467
1.65648
1.14991
1.17069
1.18901
1.20296
1.20637
1.19959
1.18475
1.15765
1.11286
1.06465
1.03404
1.02401
1.02563
1.03459
1.05347
1.07842
1.10332
1.12654
1.14901
1.17129
1.19407
1.21727
1.24084
1.26452
1.28794
1.31096
1.33318
1.35445
1.3745
1.39284
1.40959
1.42398
1.43621
1.44559
1.45199
1.45612
1.45889
1.45933
1.45612
1.44884
1.43913
1.42872
1.41888
1.41059
1.40418
1.39985
1.39709
1.39589
1.39557
1.39621
1.39748
1.39906
1.40073
1.40258
1.40502
1.4081
1.4119
1.41602
1.42062
1.42538
1.43051
1.43574
1.44128
1.44694
1.45292
1.459
1.46522
1.47156
1.47798
1.48454
1.49113
1.49786
1.50459
1.51145
1.51829
1.52525
1.53218
1.53921
1.54622
1.5533
1.56038
1.56748
1.57459
1.5817
1.58882
1.59589
1.60297
1.60992
1.6169
1.6236
1.63035
1.6366
1.64287
1.64836
1.65365
1.65795
1.66192
1.66469
1.66615
1.66725
1.1632
1.17959
1.18981
1.19006
1.18117
1.16477
1.1358
1.09007
1.04352
1.01543
1.00646
1.00874
1.0193
1.0387
1.06233
1.08498
1.10595
1.12585
1.14577
1.16641
1.18787
1.21028
1.23319
1.25648
1.27979
1.30291
1.3257
1.34775
1.36902
1.38908
1.40797
1.42521
1.44075
1.45417
1.465
1.47312
1.47866
1.48313
1.48514
1.48492
1.48037
1.47231
1.46259
1.45264
1.44382
1.43666
1.43155
1.4282
1.42658
1.42605
1.42666
1.42792
1.42953
1.43113
1.43314
1.4356
1.43893
1.44258
1.44683
1.45124
1.45612
1.46111
1.46649
1.47202
1.47782
1.48371
1.48974
1.4959
1.5021
1.50849
1.51483
1.52141
1.52788
1.5346
1.54116
1.54796
1.5546
1.56143
1.56816
1.57499
1.58183
1.58861
1.59555
1.60227
1.60926
1.61588
1.62285
1.62931
1.63608
1.64226
1.64859
1.65424
1.65975
1.66439
1.66858
1.67185
1.67438
1.67518
1.67488
1.67591
1.17416
1.18352
1.18076
1.1687
1.14889
1.11601
1.0676
1.02139
0.995894
0.988385
0.991494
1.00441
1.0257
1.04869
1.06991
1.08905
1.10689
1.12468
1.14304
1.16267
1.18327
1.20501
1.2273
1.25022
1.27325
1.29644
1.31935
1.34195
1.36398
1.38525
1.40564
1.42484
1.44267
1.45897
1.47325
1.48564
1.49498
1.50252
1.50806
1.51208
1.51341
1.51198
1.50633
1.49774
1.48824
1.47893
1.47084
1.46469
1.46042
1.45813
1.45726
1.45773
1.45899
1.46047
1.46217
1.46415
1.46683
1.4701
1.47387
1.47797
1.48247
1.48722
1.49233
1.49766
1.50324
1.5089
1.51475
1.52067
1.52671
1.53285
1.53903
1.54533
1.55162
1.55805
1.56444
1.57094
1.57742
1.58395
1.59051
1.59703
1.60365
1.61016
1.61679
1.62327
1.62986
1.63626
1.64269
1.64892
1.65501
1.66085
1.66631
1.67135
1.67563
1.67933
1.68214
1.684
1.68419
1.68325
1.68134
1.68172
1.17924
1.17773
1.16256
1.13858
1.09961
1.04662
0.999655
0.976438
0.970819
0.974909
0.990701
1.01439
1.03755
1.05791
1.0757
1.09197
1.10789
1.12441
1.142
1.16088
1.18093
1.202
1.22381
1.24621
1.26892
1.29187
1.31474
1.33756
1.35997
1.38195
1.40328
1.42374
1.44328
1.46157
1.4785
1.49387
1.50713
1.51831
1.52695
1.53435
1.53932
1.54235
1.54302
1.54043
1.53386
1.52482
1.51528
1.50651
1.49927
1.49407
1.49091
1.48951
1.48964
1.49064
1.49214
1.4936
1.49575
1.49824
1.50171
1.50525
1.50949
1.51379
1.51873
1.52371
1.52908
1.53448
1.54014
1.54585
1.55168
1.55761
1.56357
1.56963
1.57573
1.58185
1.5881
1.59424
1.60063
1.60674
1.61321
1.6193
1.62578
1.63185
1.63826
1.64432
1.65058
1.65659
1.66255
1.66835
1.67381
1.67903
1.68356
1.68758
1.69058
1.69311
1.69392
1.69357
1.69213
1.68912
1.68409
1.68182
1.17718
1.16201
1.13331
1.08646
1.02791
0.979371
0.95786
0.954179
0.959641
0.97825
1.00429
1.02804
1.04813
1.06515
1.08035
1.09493
1.10991
1.12578
1.14292
1.16125
1.18081
1.20127
1.22261
1.24445
1.26685
1.28942
1.31229
1.33503
1.35768
1.37998
1.40185
1.42315
1.44371
1.46347
1.4821
1.49967
1.51566
1.53007
1.54238
1.55239
1.56092
1.56767
1.57223
1.57403
1.57375
1.56955
1.56195
1.55275
1.54343
1.53514
1.52873
1.52438
1.52208
1.52152
1.5223
1.52349
1.52511
1.52695
1.52977
1.53294
1.53679
1.54082
1.54536
1.55008
1.55505
1.56026
1.56557
1.57115
1.57668
1.58248
1.58815
1.59406
1.59985
1.60583
1.61173
1.61772
1.62374
1.6297
1.63581
1.64171
1.64785
1.65366
1.65976
1.66544
1.67136
1.67681
1.68237
1.68735
1.69218
1.69624
1.69967
1.70213
1.704
1.70418
1.70313
1.70115
1.69755
1.6906
1.67946
1.67371
1.16552
1.12765
1.07073
1.00842
0.961318
0.940968
0.938767
0.947252
0.968342
0.995623
1.02038
1.0406
1.05718
1.07154
1.08511
1.09879
1.11331
1.12892
1.14579
1.16377
1.18287
1.20285
1.22369
1.24509
1.26708
1.28935
1.31193
1.33449
1.35712
1.37953
1.40168
1.42352
1.44469
1.46543
1.48522
1.50428
1.52218
1.53886
1.55402
1.56735
1.57857
1.58791
1.59624
1.60176
1.60503
1.60583
1.60412
1.59843
1.58986
1.58045
1.57137
1.56375
1.5581
1.55476
1.55328
1.55353
1.55464
1.55589
1.55766
1.56024
1.56361
1.56743
1.57156
1.57596
1.58057
1.58548
1.59054
1.59588
1.60124
1.60687
1.61237
1.61818
1.62373
1.62962
1.63519
1.64111
1.64666
1.65257
1.65814
1.66398
1.66957
1.67525
1.68077
1.68622
1.69149
1.69652
1.70126
1.70549
1.7092
1.71191
1.71397
1.71496
1.71467
1.71315
1.71046
1.70509
1.69633
1.68422
1.66883
1.66111
1.13
1.05717
0.987002
0.941348
0.92388
0.923717
0.937172
0.961617
0.989439
1.01431
1.03473
1.05113
1.06516
1.07806
1.091
1.10457
1.11901
1.13461
1.15119
1.16894
1.18749
1.20711
1.22725
1.2483
1.26959
1.29156
1.31357
1.336
1.35834
1.38076
1.40299
1.42497
1.44661
1.46778
1.48836
1.50831
1.52737
1.54558
1.56255
1.57822
1.59225
1.60421
1.61455
1.62341
1.6306
1.63479
1.6363
1.63618
1.63287
1.62596
1.61669
1.60708
1.59815
1.59115
1.58629
1.58381
1.58329
1.58397
1.58514
1.58669
1.5893
1.59273
1.59661
1.60069
1.60503
1.6096
1.61438
1.61942
1.62458
1.62996
1.63536
1.64093
1.64643
1.65209
1.65759
1.66326
1.66871
1.67433
1.67974
1.68525
1.6906
1.69593
1.70105
1.70608
1.71075
1.71515
1.71893
1.7221
1.72421
1.72564
1.72575
1.72472
1.72278
1.71879
1.71229
1.70122
1.6873
1.67188
1.65497
1.64734
1.04958
0.958844
0.913214
0.899829
0.904863
0.925748
0.956051
0.984964
1.01008
1.03035
1.04676
1.06046
1.07301
1.0854
1.09813
1.11172
1.12609
1.14165
1.15796
1.17547
1.19352
1.21273
1.23233
1.25293
1.27377
1.29533
1.31706
1.33915
1.36131
1.38349
1.4056
1.42752
1.44919
1.47051
1.4914
1.51171
1.53151
1.55036
1.56858
1.58545
1.60145
1.61567
1.62841
1.63919
1.6488
1.65687
1.6624
1.66501
1.66546
1.6639
1.65884
1.65065
1.64082
1.63112
1.6226
1.61637
1.61238
1.61069
1.61079
1.61167
1.61313
1.61537
1.6188
1.62253
1.62686
1.6311
1.63585
1.64047
1.64563
1.65063
1.65611
1.66136
1.66699
1.67239
1.67798
1.68341
1.68887
1.69422
1.69953
1.70474
1.70986
1.71483
1.71959
1.72404
1.72811
1.73158
1.73424
1.73592
1.73661
1.73624
1.73473
1.73188
1.72693
1.71775
1.7054
1.69004
1.67339
1.65748
1.64228
1.63631
0.926542
0.869683
0.864095
0.877386
0.908243
0.946063
0.978328
1.00439
1.02515
1.04179
1.05573
1.06826
1.08045
1.093
1.10619
1.12023
1.13498
1.15057
1.16686
1.18397
1.20181
1.22038
1.23969
1.25959
1.28015
1.30106
1.32243
1.34393
1.36563
1.38733
1.40901
1.43063
1.45196
1.47313
1.49387
1.51424
1.53412
1.55333
1.57198
1.58966
1.60662
1.62227
1.63686
1.64974
1.66102
1.67101
1.67968
1.68636
1.68986
1.69066
1.69004
1.68694
1.68019
1.67058
1.66044
1.65057
1.64283
1.63713
1.63426
1.63351
1.63431
1.6355
1.63738
1.64054
1.64455
1.6489
1.65348
1.6581
1.66309
1.66804
1.67341
1.67863
1.68417
1.68956
1.6951
1.70053
1.70596
1.71128
1.7165
1.72157
1.7264
1.73104
1.73524
1.73909
1.74217
1.74441
1.74556
1.74574
1.74483
1.74293
1.73928
1.73224
1.72166
1.70755
1.69148
1.67449
1.65832
1.64496
1.63373
1.63022
0.768249
0.777031
0.813265
0.864422
0.91623
0.957409
0.988819
1.01248
1.03099
1.04638
1.06007
1.07301
1.08592
1.09924
1.1131
1.12763
1.14273
1.1585
1.17484
1.19183
1.20945
1.22766
1.24646
1.26585
1.28577
1.30617
1.32686
1.34787
1.36898
1.39025
1.41136
1.43254
1.45341
1.47423
1.49462
1.51473
1.5344
1.55353
1.5722
1.59008
1.6074
1.6237
1.63921
1.65342
1.66645
1.67779
1.68786
1.69717
1.70447
1.70918
1.7108
1.71019
1.70801
1.70299
1.69459
1.68411
1.67361
1.66417
1.65721
1.65282
1.65099
1.65131
1.65237
1.65415
1.65693
1.66117
1.66554
1.6706
1.67547
1.68075
1.68592
1.6914
1.69686
1.70245
1.70805
1.71354
1.71909
1.72433
1.72958
1.73442
1.73909
1.74324
1.7469
1.74981
1.75163
1.75237
1.75214
1.75092
1.74836
1.74323
1.73462
1.72214
1.70714
1.69037
1.67358
1.65817
1.64545
1.63643
1.62978
1.62871
0.585498
0.658731
0.741132
0.825222
0.889032
0.936007
0.970132
0.99587
1.01684
1.03508
1.05174
1.0675
1.08285
1.09816
1.11354
1.12923
1.14517
1.16153
1.1783
1.19553
1.21329
1.23151
1.25021
1.26923
1.28873
1.30854
1.32868
1.34908
1.36952
1.39023
1.41064
1.43132
1.45145
1.47174
1.49142
1.51101
1.5301
1.54879
1.56711
1.5848
1.60205
1.61858
1.63445
1.64947
1.66349
1.67643
1.68786
1.69812
1.70726
1.71506
1.72038
1.72295
1.72307
1.72145
1.71785
1.71113
1.70094
1.6902
1.67946
1.67124
1.66513
1.66237
1.66166
1.66291
1.66465
1.66737
1.67147
1.67643
1.68175
1.68714
1.69268
1.69822
1.70392
1.70964
1.71543
1.72119
1.72679
1.73231
1.73743
1.74229
1.74653
1.75017
1.7529
1.75444
1.75479
1.75438
1.7529
1.74937
1.74287
1.7322
1.71873
1.70265
1.68573
1.66938
1.655
1.64382
1.63574
1.63128
1.62827
1.62886
0.407733
0.524391
0.646573
0.747165
0.82074
0.874513
0.914909
0.947557
0.975496
1.00024
1.02273
1.04344
1.06285
1.08146
1.09951
1.11733
1.13501
1.15273
1.17062
1.18865
1.20709
1.2257
1.24483
1.26391
1.28338
1.30289
1.32272
1.34262
1.36262
1.3827
1.40261
1.42259
1.44216
1.46176
1.48087
1.49987
1.51846
1.53674
1.55466
1.57216
1.58924
1.60582
1.62184
1.63717
1.65184
1.66545
1.67832
1.68962
1.70015
1.70937
1.71775
1.72357
1.72721
1.72764
1.72612
1.72351
1.71868
1.71001
1.69904
1.68765
1.67828
1.67071
1.66695
1.66525
1.66631
1.66811
1.67087
1.67502
1.68037
1.68603
1.69197
1.69793
1.70395
1.70993
1.71593
1.72187
1.7277
1.73328
1.73848
1.74317
1.74704
1.74997
1.75154
1.75199
1.75163
1.74963
1.74487
1.73653
1.72466
1.70996
1.69332
1.67659
1.6609
1.64796
1.63805
1.63166
1.62788
1.62657
1.62584
1.62748
0.300828
0.428451
0.556094
0.652322
0.726391
0.784592
0.832056
0.8727
0.908714
0.941126
0.970467
0.997147
1.02165
1.04448
1.06605
1.0868
1.107
1.12683
1.14647
1.16595
1.18547
1.20505
1.22474
1.24462
1.2644
1.28421
1.30401
1.32387
1.34367
1.36349
1.3831
1.40269
1.42194
1.44113
1.4599
1.47859
1.49681
1.51493
1.53253
1.55002
1.56689
1.58359
1.59956
1.6153
1.63013
1.64468
1.65806
1.67103
1.68243
1.69338
1.70285
1.71186
1.71829
1.7231
1.7245
1.72379
1.72154
1.71731
1.71037
1.70011
1.68866
1.67809
1.66946
1.6646
1.66191
1.66278
1.66491
1.66778
1.67184
1.67724
1.6835
1.68993
1.69643
1.7029
1.70928
1.71552
1.7215
1.72707
1.73206
1.73624
1.73927
1.74096
1.74202
1.74159
1.73888
1.73313
1.72335
1.71052
1.69486
1.67834
1.66192
1.64755
1.63592
1.62762
1.62242
1.61975
1.61902
1.6192
1.61948
1.62184
0.273702
0.385547
0.491995
0.570127
0.635675
0.692254
0.741863
0.786466
0.827053
0.864332
0.898494
0.929919
0.959024
0.986121
1.01179
1.03616
1.05966
1.08239
1.10454
1.12625
1.14747
1.16847
1.18904
1.20971
1.22997
1.25026
1.27019
1.29034
1.31016
1.3302
1.34984
1.36958
1.38884
1.40814
1.42686
1.44564
1.46376
1.48202
1.4995
1.51719
1.53404
1.55096
1.56725
1.5832
1.5989
1.6138
1.62863
1.64231
1.65584
1.66777
1.67945
1.68945
1.69917
1.70611
1.71176
1.714
1.71406
1.71183
1.70885
1.70317
1.69423
1.68267
1.6714
1.66218
1.65573
1.65271
1.65261
1.65462
1.65772
1.66187
1.66734
1.67394
1.68079
1.68785
1.69467
1.70133
1.70738
1.71285
1.7172
1.72063
1.72295
1.72428
1.72341
1.71992
1.71285
1.70203
1.68818
1.67225
1.65595
1.6404
1.6274
1.61725
1.61035
1.60626
1.60438
1.60417
1.60477
1.60562
1.60625
1.60882
0.278141
0.37443
0.460872
0.520036
0.570791
0.61783
0.661906
0.70429
0.744533
0.782911
0.819099
0.853145
0.885402
0.915707
0.944683
0.972123
0.998438
1.02364
1.04784
1.07119
1.09376
1.11563
1.13717
1.15816
1.17939
1.20015
1.22107
1.24166
1.26238
1.28269
1.30305
1.32284
1.34268
1.36184
1.38116
1.39976
1.41857
1.43677
1.45503
1.4729
1.49066
1.50806
1.52549
1.54224
1.55933
1.57534
1.59162
1.60683
1.62158
1.63555
1.64812
1.66013
1.67048
1.68032
1.68762
1.69378
1.69682
1.69769
1.69653
1.69394
1.68914
1.68167
1.67035
1.65908
1.64891
1.64156
1.63783
1.63641
1.63826
1.64136
1.64565
1.65051
1.65714
1.66367
1.67095
1.67694
1.68318
1.68742
1.69208
1.69439
1.69624
1.69496
1.69073
1.68321
1.6713
1.65744
1.64151
1.62603
1.61175
1.60027
1.59169
1.58616
1.58298
1.58192
1.582
1.58296
1.58406
1.58524
1.58611
1.58875
0.290151
0.374989
0.451007
0.499164
0.536606
0.570496
0.604166
0.638787
0.674385
0.709857
0.744968
0.778949
0.81189
0.843447
0.873601
0.90261
0.930042
0.956688
0.981894
1.00651
1.03013
1.05326
1.07588
1.09817
1.12024
1.14218
1.16373
1.18507
1.20612
1.2268
1.24741
1.26746
1.28769
1.3073
1.32725
1.34661
1.36634
1.38559
1.40507
1.42425
1.44338
1.46237
1.4811
1.49955
1.51769
1.53519
1.55229
1.5686
1.58399
1.59888
1.61226
1.62523
1.63676
1.6478
1.65763
1.66602
1.67285
1.6775
1.6795
1.67923
1.67752
1.67383
1.66737
1.65697
1.64576
1.63452
1.62667
1.62156
1.61969
1.62065
1.6232
1.62734
1.63181
1.63762
1.64297
1.64886
1.65296
1.65754
1.65931
1.66073
1.65866
1.65346
1.645
1.63255
1.61863
1.60307
1.58883
1.57595
1.5663
1.55921
1.555
1.55278
1.55218
1.55258
1.55388
1.55506
1.5564
1.55772
1.55867
1.56112
0.302996
0.37792
0.448716
0.493794
0.523427
0.547121
0.570826
0.597085
0.625763
0.656021
0.687099
0.718273
0.749257
0.77961
0.809108
0.837831
0.865551
0.892411
0.918602
0.943687
0.968581
0.992218
1.01594
1.03857
1.06124
1.08328
1.10522
1.12671
1.14809
1.16918
1.19027
1.21123
1.23217
1.25324
1.27405
1.29529
1.31594
1.33719
1.35761
1.37855
1.39862
1.41886
1.43832
1.45753
1.47602
1.49401
1.51123
1.52802
1.54387
1.55958
1.57419
1.58868
1.60222
1.61512
1.62761
1.63854
1.64868
1.65642
1.66256
1.66551
1.66604
1.66474
1.66169
1.65637
1.6471
1.63609
1.6248
1.61654
1.6106
1.60815
1.60798
1.60963
1.61242
1.61611
1.6197
1.62348
1.62515
1.62682
1.62597
1.6227
1.61609
1.60611
1.59287
1.57844
1.56318
1.54971
1.53786
1.52952
1.52322
1.5198
1.51771
1.51712
1.51725
1.51807
1.51903
1.51994
1.52097
1.52196
1.52272
1.5245
0.314776
0.380702
0.448002
0.493135
0.519722
0.538342
0.556148
0.576563
0.600023
0.625414
0.651846
0.679123
0.706648
0.734476
0.762067
0.789488
0.816452
0.842792
0.868599
0.893603
0.917995
0.941747
0.96479
0.987616
1.00962
1.03195
1.05346
1.07553
1.09693
1.11892
1.14052
1.16258
1.18443
1.20656
1.22853
1.25056
1.2724
1.2941
1.31546
1.33658
1.3572
1.37751
1.39728
1.41668
1.43568
1.45421
1.47259
1.49037
1.50817
1.52525
1.54221
1.55836
1.57403
1.58864
1.60263
1.61529
1.627
1.63695
1.64544
1.6518
1.65562
1.65693
1.6564
1.65477
1.65075
1.6429
1.63204
1.62126
1.61172
1.605
1.60103
1.59936
1.59896
1.59951
1.60039
1.6004
1.59902
1.59637
1.59124
1.58307
1.57087
1.55667
1.54096
1.52541
1.51155
1.49976
1.49131
1.48475
1.4811
1.47835
1.47728
1.47649
1.47687
1.47743
1.47812
1.4787
1.47962
1.4804
1.48104
1.48236
0.32477
0.382831
0.447089
0.492691
0.518369
0.5351
0.550716
0.568985
0.590088
0.612723
0.636308
0.660596
0.685422
0.71063
0.73613
0.761673
0.787076
0.812153
0.836644
0.860635
0.883871
0.906677
0.928856
0.950811
0.972497
0.994094
1.01591
1.03758
1.05974
1.08169
1.10415
1.12639
1.14896
1.17125
1.19368
1.21575
1.23782
1.25944
1.28101
1.30207
1.32315
1.34374
1.36439
1.38459
1.40484
1.42463
1.44434
1.46356
1.48248
1.50086
1.5186
1.53591
1.55208
1.56801
1.58251
1.59673
1.60965
1.62177
1.63249
1.64198
1.64919
1.65472
1.65639
1.65677
1.65585
1.65267
1.64549
1.63483
1.62287
1.61204
1.60276
1.59587
1.59098
1.58694
1.58315
1.57843
1.57227
1.56398
1.55255
1.53833
1.5221
1.50482
1.48839
1.47361
1.46193
1.45246
1.44628
1.44152
1.43886
1.43683
1.43607
1.4354
1.43579
1.43616
1.43674
1.43707
1.43791
1.43843
1.43894
1.43985
0.332615
0.384267
0.445606
0.491266
0.51664
0.532884
0.548275
0.566545
0.587436
0.609226
0.63181
0.654681
0.678121
0.701739
0.725622
0.749549
0.773404
0.797028
0.820268
0.842963
0.865182
0.886816
0.908212
0.929256
0.950494
0.971641
0.993308
1.01497
1.03715
1.05926
1.08173
1.10407
1.12651
1.14883
1.171
1.19311
1.21496
1.23682
1.25843
1.28008
1.30151
1.32293
1.34409
1.36522
1.38597
1.40662
1.42683
1.44672
1.46616
1.48508
1.50353
1.52123
1.53852
1.55476
1.57074
1.58535
1.60002
1.61278
1.62582
1.63623
1.64666
1.65393
1.65996
1.66177
1.66257
1.66152
1.65815
1.6507
1.63894
1.62513
1.61184
1.599
1.58788
1.57764
1.56744
1.55659
1.5441
1.52901
1.51188
1.49321
1.47443
1.45677
1.44172
1.42918
1.42006
1.41302
1.40837
1.40491
1.4028
1.40126
1.40036
1.39982
1.40012
1.40026
1.40053
1.40058
1.4013
1.40166
1.40204
1.40272
0.338572
0.385161
0.443721
0.488873
0.514045
0.530369
0.546418
0.565561
0.586773
0.608949
0.631339
0.653971
0.676746
0.699687
0.722646
0.745462
0.768267
0.790779
0.813116
0.834872
0.856293
0.877147
0.897906
0.918485
0.93941
0.960461
0.982094
1.00381
1.02609
1.04816
1.07072
1.09283
1.11531
1.13738
1.15958
1.18165
1.20356
1.22561
1.24732
1.26931
1.29082
1.31265
1.33392
1.35543
1.37633
1.39737
1.41771
1.43805
1.45764
1.47702
1.49562
1.51387
1.53126
1.54828
1.56425
1.58004
1.59448
1.60899
1.6218
1.63454
1.64547
1.65547
1.66329
1.66882
1.67065
1.67128
1.66975
1.66544
1.65659
1.64269
1.62624
1.60871
1.59107
1.57368
1.55604
1.53779
1.51816
1.49727
1.47586
1.45506
1.43626
1.42026
1.40747
1.39758
1.39047
1.38496
1.38133
1.37841
1.37658
1.37504
1.37415
1.37359
1.37367
1.3735
1.37363
1.37368
1.37419
1.37445
1.37456
1.37565
0.343225
0.385742
0.441863
0.486045
0.511002
0.527665
0.544736
0.564741
0.586562
0.609252
0.631849
0.654546
0.6771
0.699704
0.722162
0.744338
0.766435
0.788199
0.809878
0.831028
0.851878
0.872256
0.892626
0.913036
0.933887
0.955111
0.976858
0.998881
1.02122
1.04352
1.06603
1.08823
1.11066
1.13272
1.15495
1.17701
1.19905
1.22113
1.24299
1.26501
1.28667
1.3085
1.32992
1.35141
1.37247
1.39348
1.41397
1.43435
1.45403
1.47355
1.4922
1.51066
1.52816
1.54537
1.56169
1.57761
1.59267
1.60744
1.62096
1.63462
1.64613
1.65798
1.66686
1.67517
1.67917
1.68094
1.68074
1.67827
1.67225
1.66085
1.64375
1.62303
1.59974
1.57503
1.54953
1.52353
1.49734
1.47199
1.44844
1.42774
1.41053
1.39683
1.38628
1.37838
1.3725
1.36797
1.36473
1.36206
1.36034
1.35863
1.3578
1.35708
1.35701
1.3567
1.35673
1.35672
1.3571
1.35734
1.35733
1.35853
0.346299
0.385989
0.440364
0.483641
0.508279
0.525227
0.543315
0.56411
0.586541
0.609591
0.632482
0.655201
0.677647
0.70005
0.722179
0.744003
0.765578
0.78689
0.808102
0.828907
0.849363
0.869465
0.889588
0.909968
0.930843
0.952303
0.974191
0.996555
1.01897
1.04157
1.06404
1.08643
1.1088
1.13094
1.15322
1.17528
1.19746
1.2195
1.24155
1.26346
1.28533
1.30699
1.32861
1.34989
1.37117
1.39195
1.41268
1.43284
1.45273
1.4721
1.49092
1.5093
1.52696
1.54416
1.56074
1.57662
1.59224
1.60677
1.62143
1.63459
1.64783
1.6594
1.67024
1.67912
1.68581
1.68843
1.68912
1.68752
1.68326
1.67423
1.65848
1.63657
1.60966
1.57895
1.54638
1.51371
1.48262
1.45472
1.43087
1.41144
1.3962
1.38452
1.37561
1.36886
1.3637
1.35962
1.35651
1.35399
1.35224
1.35046
1.34961
1.34873
1.3486
1.3482
1.34811
1.34802
1.34829
1.34852
1.34839
1.34955
0.347615
0.385789
0.439137
0.482001
0.506418
0.52354
0.542303
0.563758
0.586629
0.60996
0.633017
0.655733
0.678094
0.700318
0.722221
0.743848
0.765103
0.786157
0.807091
0.827732
0.847987
0.867964
0.887965
0.908335
0.929238
0.950837
0.972843
0.995411
1.01791
1.04072
1.06319
1.08575
1.1081
1.13034
1.15264
1.17474
1.19699
1.21902
1.24117
1.26303
1.28501
1.30658
1.3283
1.34948
1.37085
1.39151
1.41236
1.43237
1.45239
1.47163
1.49057
1.50886
1.52663
1.54382
1.56048
1.57645
1.59218
1.60683
1.62173
1.63496
1.64878
1.66025
1.67223
1.68099
1.68943
1.69244
1.69368
1.69255
1.68914
1.68141
1.66691
1.64472
1.61588
1.58169
1.54477
1.50808
1.47436
1.44553
1.42215
1.40392
1.39005
1.37952
1.37145
1.36524
1.3604
1.35652
1.35347
1.35103
1.34925
1.34747
1.34659
1.34564
1.3455
1.34507
1.3449
1.34477
1.34501
1.34524
1.34505
1.34615
)
;

boundaryField
{
    inlet
    {
        type            calculated;
        value           uniform 3.00001;
    }
    outlet
    {
        type            calculated;
        value           nonuniform List<scalar> 
40
(
0.958195
1.05652
1.15191
1.2386
1.31022
1.37509
1.42637
1.47465
1.51159
1.54097
1.56968
1.59097
1.61115
1.62815
1.64335
1.65648
1.66725
1.67591
1.68172
1.68182
1.67371
1.66111
1.64734
1.63631
1.63022
1.62871
1.62886
1.62748
1.62184
1.60882
1.58875
1.56112
1.5245
1.48236
1.43985
1.40272
1.37565
1.35853
1.34955
1.34615
)
;
    }
    top
    {
        type            symmetryPlane;
    }
    bottom
    {
        type            symmetryPlane;
    }
    obstacle
    {
        type            calculated;
        value           nonuniform List<scalar> 
110
(
0.027679
0.0579764
0.0989883
0.141761
0.186291
0.235488
0.292674
0.363321
0.457528
0.616771
0.739087
0.663488
0.106813
0.249115
0.304751
0.40234
0.437513
0.465133
0.502762
0.543604
0.579425
0.61064
0.64082
0.671676
0.703256
0.727713
0.739381
0.742936
0.740111
0.727027
0.70129
0.66556
0.623204
0.577981
0.532594
0.488095
0.445317
0.404714
0.36608
0.329345
0.294054
0.259865
0.226526
0.19324
0.160981
0.129682
0.0994007
0.0698474
0.0409258
0.0137178
0.0167413
0.0452309
0.0709924
0.0962514
0.120595
0.14323
0.16499
0.187331
0.209866
0.231541
0.252556
0.272914
0.292848
0.312273
0.331361
0.350017
0.368352
0.386295
0.404011
0.421318
0.43847
0.455268
0.471889
0.488239
0.5044
0.520372
0.536102
0.551753
0.567149
0.582465
0.597622
0.612634
0.627556
0.642332
0.656991
0.671548
0.685947
0.700248
0.714386
0.7284
0.742259
0.755992
0.769529
0.783014
0.796193
0.809443
0.822262
0.835241
0.847726
0.860352
0.872503
0.884655
0.896372
0.907889
0.918882
0.929396
0.938963
0.947405
0.953734
0.958194
)
;
    }
    frontAndBack
    {
        type            empty;
    }
}


// ************************************************************************* //
