/*--------------------------------*- C++ -*----------------------------------*\
  =========                 |
  \\      /  F ield         | OpenFOAM: The Open Source CFD Toolbox
   \\    /   O peration     | Website:  https://openfoam.org
    \\  /    A nd           | Version:  13
     \\/     M anipulation  |
\*---------------------------------------------------------------------------*/
FoamFile
{
    format      ascii;
    class       volScalarField;
    location    "8";
    object      p;
}
// * * * * * * * * * * * * * * * * * * * * * * * * * * * * * * * * * * * * * //

dimensions      [1 -1 -2 0 0 0 0];

internalField   nonuniform List<scalar> 
5250
(
1.00001
1.00004
1.0001
1.00027
1.00067
1.00168
1.00407
1.01033
1.02481
1.063
1.15633
1.40946
2.11998
4.2317
9.94178
11.2761
11.1317
11.079
11.1655
11.3858
11.6046
11.7448
11.8533
11.9389
12.0051
1.00001
1.00004
1.0001
1.00027
1.00066
1.00166
1.00402
1.01022
1.02448
1.06233
1.15436
1.40455
2.10554
4.18905
9.84996
11.2739
11.1278
11.0702
11.1569
11.3773
11.5956
11.7361
11.8461
11.9331
12.0007
1.00001
1.00004
1.0001
1.00027
1.00063
1.00167
1.00382
1.01018
1.02351
1.06145
1.14966
1.39481
2.07489
4.09756
9.64421
11.2689
11.1155
11.0421
11.1265
11.3434
11.5586
11.6968
11.806
11.892
11.9593
1.00001
1.00003
1.0001
1.00025
1.00064
1.00151
1.00395
1.00914
1.02398
1.05681
1.14688
1.37536
2.03207
3.95671
9.32116
11.2686
11.0984
10.9952
11.0747
11.2838
11.4938
11.6273
11.733
11.8165
11.884
1.00001
1.00003
1.00009
1.00023
1.00062
1.00141
1.00378
1.00859
1.02287
1.05354
1.13923
1.35391
1.97048
3.77265
8.87354
11.2758
11.0789
10.9313
11.0039
11.2015
11.4042
11.5306
11.6303
11.7099
11.7787
1.00001
1.00003
1.00009
1.00021
1.00058
1.00131
1.00352
1.00802
1.02118
1.05
1.129
1.32794
1.89361
3.54509
8.29245
11.2977
11.0592
10.8499
10.9131
11.0948
11.2865
11.4018
11.4911
11.5628
11.6318
1.00001
1.00003
1.00008
1.00019
1.00052
1.0012
1.00321
1.00727
1.01944
1.04524
1.11771
1.29632
1.80459
3.27664
7.57354
11.3358
11.04
10.751
10.8024
10.9625
11.1383
11.2356
11.3062
11.3605
11.4236
1
1.00002
1.00007
1.00019
1.00044
1.00114
1.00269
1.00686
1.01663
1.04142
1.10312
1.26352
1.70411
2.98062
6.73627
11.3637
11.0184
10.6384
10.6739
10.803
10.9558
11.0253
11.0638
11.0814
11.1183
1
1.00002
1.00006
1.00016
1.00038
1.00101
1.00231
1.00616
1.01409
1.03709
1.08816
1.22946
1.59949
2.67343
5.80927
11.3124
10.9674
10.5178
10.53
10.6159
10.7351
10.7627
10.7492
10.6924
10.6402
1
1.00002
1.00006
1.00013
1.00036
1.00083
1.00214
1.00514
1.01275
1.03154
1.07784
1.19726
1.51542
2.42376
5.08134
10.9985
10.8113
10.398
10.357
10.4025
10.4676
10.4461
10.3524
10.1344
9.81356
1
1.00002
1.00005
1.00012
1.00031
1.00072
1.00192
1.00436
1.01161
1.02676
1.06978
1.1705
1.45042
2.23166
4.53215
10.2515
10.4902
10.2968
10.163
10.1698
10.1623
10.0813
9.8383
9.27265
7.82994
1
1.00001
1.00004
1.00011
1.00025
1.00068
1.00153
1.00412
1.00937
1.02473
1.05837
1.15078
1.3854
2.05613
4.00595
9.19562
10.2932
10.1743
9.97842
9.93009
9.85949
9.68872
9.30886
8.54759
7.07557
1
1.00001
1.00004
1.00009
1.00023
1.00053
1.00143
1.00324
1.00865
1.01984
1.052
1.12545
1.32888
1.88196
3.49988
7.9865
10.1724
10.0662
9.8215
9.69103
9.56682
9.31746
8.84797
8.08468
6.93956
1
1.00001
1.00003
1.00007
1.0002
1.00045
1.00119
1.00271
1.00715
1.01665
1.0428
1.10425
1.26918
1.71475
3.00193
6.66167
10.0908
9.9778
9.68606
9.4631
9.28204
8.9926
8.51483
7.82123
6.92339
1
1.00001
1.00002
1.00006
1.00015
1.00038
1.00093
1.00224
1.00565
1.01343
1.03422
1.08274
1.21196
1.55117
2.51435
5.22463
9.8937
9.84412
9.58545
9.26178
9.02711
8.72263
8.26895
7.65141
6.90086
1
1.00001
1.00002
1.00005
1.00012
1.00031
1.00071
1.00189
1.00428
1.01133
1.02624
1.06764
1.16556
1.43305
2.17066
4.27158
9.24992
9.61051
9.43785
9.08421
8.80731
8.49744
8.07332
7.52022
6.86799
1
1.00001
1.00002
1.00004
1.0001
1.00024
1.00058
1.00148
1.00347
1.00902
1.02099
1.05428
1.13154
1.34331
1.91703
3.56975
7.89744
9.33358
9.22918
8.95098
8.62533
8.30595
7.90919
7.41035
6.83311
1
1
1.00001
1.00003
1.00007
1.00019
1.00046
1.00114
1.00283
1.00675
1.01718
1.04109
1.10437
1.26256
1.70006
2.933
6.33801
9.14426
9.08687
8.85954
8.48346
8.14505
7.76867
7.31576
6.79953
1
1
1.00001
1.00002
1.00006
1.00014
1.00036
1.00083
1.00219
1.00497
1.01314
1.03028
1.07831
1.19131
1.50222
2.34609
4.65515
8.79926
8.96424
8.78865
8.40131
8.0191
7.64949
7.23377
6.768
1
1
1.00001
1.00002
1.00004
1.00011
1.00027
1.00063
1.00165
1.00376
1.0099
1.02274
1.05913
1.14227
1.37156
1.98477
3.70767
7.89374
8.76235
8.64132
8.32615
7.91518
7.54717
7.16158
6.73826
1
1
1.00001
1.00001
1.00003
1.00008
1.00019
1.00051
1.00115
1.00304
1.00688
1.01822
1.04215
1.10906
1.27074
1.72228
2.97173
6.29537
8.49735
8.4554
8.25399
7.84263
7.46416
7.09849
6.71061
1
1
1
1.00001
1.00002
1.00006
1.00014
1.00037
1.00085
1.00214
1.00518
1.01263
1.03127
1.0764
1.19233
1.49531
2.3242
4.52963
8.08223
8.32508
8.17998
7.8285
7.41369
7.04972
6.68775
1
1
1
1.00001
1.00002
1.00004
1.0001
1.00027
1.0006
1.00158
1.00357
1.00939
1.02163
1.05552
1.13413
1.34592
1.90831
3.44303
7.10696
8.13886
8.05236
7.79891
7.39191
7.01837
6.67076
1
1
1
1
1.00001
1.00003
1.00008
1.00017
1.00046
1.00105
1.00272
1.00631
1.01605
1.03838
1.09619
1.24063
1.62922
2.69109
5.4693
7.84983
7.87224
7.7375
7.40513
7.01438
6.66556
1
1
1
1
1.00001
1.00002
1.00005
1.00013
1.00029
1.00077
1.00176
1.00451
1.0106
1.02644
1.06413
1.15971
1.40549
2.05716
3.74149
7.23925
7.7716
7.6743
7.41173
7.02386
6.66961
1
1
1
1
1.00001
1.00001
1.00004
1.00009
1.00021
1.00052
1.00122
1.00314
1.00718
1.01872
1.04335
1.1112
1.27419
1.72172
2.91333
5.90851
7.55428
7.53968
7.39696
7.06281
6.68571
1
1
1
1
1
1.00001
1.00002
1.00006
1.00014
1.00034
1.00087
1.00198
1.00518
1.01171
1.03063
1.07121
1.18282
1.45959
2.2066
4.10354
7.0791
7.44517
7.35254
7.10854
6.72455
1
1
1
1
1
1.00001
1.00002
1.00004
1.00009
1.00024
1.00055
1.00141
1.00326
1.00821
1.01962
1.04832
1.11887
1.29883
1.77463
3.02296
5.99265
7.24974
7.2367
7.10513
6.80552
1
1
1
1
1
1
1.00001
1.00003
1.00006
1.00015
1.00037
1.0009
1.00217
1.00542
1.01269
1.03221
1.07642
1.19368
1.48922
2.27716
4.25757
6.81208
7.14688
7.07489
6.87908
1
1
1
1
1
1
1.00001
1.00002
1.00004
1.0001
1.00024
1.0006
1.00138
1.00356
1.00805
1.02099
1.04834
1.1234
1.30334
1.78421
3.00956
5.83175
6.96472
6.9894
6.90997
1
1
1
1
1
1
1
1.00001
1.00003
1.00006
1.00016
1.00036
1.00095
1.00211
1.00556
1.01252
1.03243
1.0758
1.19265
1.48308
2.24748
4.13822
6.53658
6.9425
6.93225
1
1
1
1
1
1
1
1.00001
1.00002
1.00004
1.0001
1.00023
1.00059
1.00135
1.00348
1.00787
1.02047
1.04699
1.11983
1.293
1.75268
2.90985
5.56875
6.79481
7.00815
1
1
1
1
1
1
1
1
1.00001
1.00003
1.00006
1.00015
1.00036
1.00086
1.00216
1.00494
1.01274
1.02911
1.07437
1.17765
1.45471
2.14863
3.85787
6.38768
7.15027
1
1
1
1
1
1
1
1
1.00001
1.00002
1.00004
1.0001
1.00022
1.00057
1.00128
1.0033
1.00762
1.01903
1.0456
1.11219
1.27922
1.71002
2.81418
5.41407
7.15528
1
1
1
1
1
1
1
1
1
1.00001
1.00003
1.00006
1.00015
1.00035
1.00084
1.00207
1.00485
1.01219
1.02833
1.07141
1.17127
1.43582
2.09996
3.735
7.06442
1
1
1
1
1
1
1
1
1
1.00001
1.00002
1.00004
1.0001
1.00024
1.00061
1.00137
1.00359
1.00808
1.0212
1.04873
1.1251
1.30844
1.81195
3.15673
6.59827
1
1
1
1
1
1
1
1
1
1.00001
1.00001
1.00003
1.00007
1.00019
1.00045
1.00109
1.00274
1.00646
1.01648
1.03895
1.09903
1.2461
1.6505
2.7748
5.89867
1
1
1
1
1
1
1
1
1
1
1.00001
1.00003
1.00006
1.00017
1.00038
1.001
1.00227
1.00606
1.01384
1.03645
1.08683
1.22613
1.59209
2.6589
5.80707
1
1
1
1
1
1
1
1
1
1
1.00001
1.00002
1.00006
1.00014
1.00038
1.00086
1.0023
1.00527
1.01394
1.03291
1.08486
1.21294
1.56927
2.59866
5.71583
1
1
1
1
1
1
1
1
1
1
1.00001
1.00002
1.00006
1.00014
1.00036
1.00085
1.00215
1.00529
1.01302
1.03275
1.08118
1.20837
1.5525
2.5589
5.61495
1
1
1
1
1
1
1
1
1
1
1.00001
1.00002
1.00005
1.00014
1.00032
1.00088
1.002
1.00536
1.01243
1.03255
1.07877
1.20475
1.53983
2.52339
5.51006
1
1
1
1
1
1
1
1
1
1
1.00001
1.00002
1.00005
1.00014
1.00032
1.00086
1.00197
1.00526
1.01223
1.03197
1.07747
1.20105
1.52947
2.4913
5.40607
1
1
1
1
1
1
1
1
1
1
1.00001
1.00002
1.00006
1.00013
1.00034
1.00078
1.00211
1.00482
1.01288
1.03018
1.07841
1.19569
1.52264
2.46208
5.30948
1
1
1
1
1
1
1
1
1
1
1.00001
1.00002
1.00005
1.00013
1.00034
1.00078
1.00209
1.00475
1.01281
1.02969
1.07785
1.19279
1.5157
2.43701
5.22475
1
1
1
1
1
1
1
1
1
1
1.00001
1.00002
1.00005
1.00013
1.00032
1.0008
1.00202
1.00485
1.01245
1.02988
1.07649
1.1916
1.50887
2.4165
5.15345
1
1
1
1
1
1
1
1
1
1
1.00001
1.00002
1.00005
1.00014
1.00031
1.00082
1.00196
1.00493
1.01216
1.03007
1.07531
1.19074
1.50291
2.40005
5.09592
1
1
1
1
1
1
1
1
1
1
1.00001
1.00002
1.00005
1.00013
1.00032
1.00081
1.00195
1.00499
1.01185
1.03053
1.07389
1.19067
1.4972
2.38807
5.0512
1
1
1
1
1
1
1
1
1
1
1.00001
1.00002
1.00005
1.00013
1.00033
1.00077
1.00202
1.00482
1.01212
1.02982
1.07437
1.18851
1.49464
2.37686
5.01929
1
1
1
1
1
1
1
1
1
1
1.00001
1.00002
1.00005
1.00013
1.00033
1.00077
1.00204
1.00467
1.01247
1.02887
1.07557
1.18583
1.4942
2.36794
4.99912
1
1
1
1
1
1
1
1
1
1
1.00001
1.00002
1.00005
1.00012
1.00034
1.00076
1.00206
1.00465
1.01246
1.02892
1.07519
1.18587
1.49236
2.36483
4.98848
3.74624
3.13186
4.10638
4.22111
3.95626
3.85613
3.80889
3.73658
3.63736
3.54127
3.45934
3.38185
3.30159
3.2171
3.13073
3.08481
3.06636
3.06199
3.07681
3.12902
3.21822
3.33579
3.47057
3.61134
3.75044
3.88417
4.00995
4.12662
4.23428
4.33353
4.42536
4.51033
4.58924
4.66289
4.72977
4.78914
4.84151
4.88734
4.92666
4.95937
4.99083
5.01568
5.03277
5.04372
5.0491
5.04967
5.04712
5.0398
5.02634
5.0094
4.98922
4.96619
4.94025
4.91172
4.88061
4.84728
4.81184
4.77456
4.73556
4.69512
4.6533
4.61035
4.56637
4.52153
4.47593
4.42969
4.38293
4.33568
4.28807
4.24012
4.19189
4.14342
4.09475
4.04592
3.99698
3.94797
3.89895
3.84998
3.80111
3.75242
3.70394
3.65573
3.60783
3.56026
3.51307
3.46629
3.41994
3.37407
3.3287
3.2839
3.23972
3.1963
3.15374
3.11219
3.07202
3.03368
2.99783
2.96555
2.9384
2.91958
4.63719
4.09276
4.25876
4.15685
3.9335
3.87591
3.86218
3.76446
3.63554
3.52467
3.44451
3.3735
3.29401
3.21456
3.13925
3.08559
3.06097
3.05396
3.06622
3.11779
3.20649
3.32437
3.4603
3.60216
3.74172
3.87559
4.00133
4.11805
4.22547
4.32432
4.41585
4.50008
4.5779
4.65207
4.71992
4.77991
4.83265
4.87886
4.91856
4.95258
4.98275
5.00727
5.02502
5.03654
5.04228
5.04296
5.04109
5.03485
5.02151
5.00387
4.98384
4.96122
4.93569
4.90746
4.87666
4.84359
4.80844
4.77141
4.7327
4.69247
4.6509
4.60813
4.56436
4.51965
4.47421
4.42808
4.38141
4.33424
4.28668
4.23876
4.19056
4.14209
4.09343
4.04459
3.99564
3.94662
3.89759
3.84862
3.79975
3.75107
3.7026
3.65441
3.60652
3.55898
3.51181
3.46507
3.41872
3.37288
3.32753
3.28274
3.23852
3.19511
3.15254
3.11106
3.07083
3.03235
2.99627
2.96364
2.93593
2.91641
5.45095
4.68964
4.43438
4.19426
3.97478
3.88248
3.81642
3.72734
3.62045
3.52131
3.4511
3.37932
3.28853
3.20316
3.12928
3.07501
3.04874
3.04114
3.05536
3.10373
3.18746
3.3032
3.44011
3.58259
3.72184
3.85736
3.98434
4.10199
4.21004
4.30973
4.40223
4.48775
4.56697
4.64117
4.70879
4.76903
4.82225
4.86882
4.90909
4.9435
4.97323
4.9974
5.0154
5.02716
5.03324
5.03392
5.03253
5.02745
5.01569
4.99698
4.97662
4.95424
4.9292
4.90137
4.87099
4.83827
4.80349
4.7668
4.72843
4.68852
4.64726
4.60477
4.56123
4.51675
4.47147
4.42549
4.37892
4.33184
4.28432
4.23642
4.18821
4.13973
4.09102
4.04214
3.99314
3.94408
3.89501
3.846
3.79713
3.74844
3.69998
3.6518
3.60394
3.55641
3.50931
3.46265
3.41634
3.37053
3.32527
3.28059
3.23658
3.19317
3.15059
3.109
3.06869
3.02999
2.99356
2.96036
2.93183
2.91127
5.81745
5.01094
4.5637
4.27411
4.05455
3.9089
3.81796
3.72069
3.61481
3.51414
3.43671
3.36022
3.27554
3.19411
3.12519
3.07769
3.04992
3.03451
3.04272
3.08811
3.17467
3.28853
3.42125
3.56253
3.70217
3.83676
3.96371
4.08155
4.19034
4.29079
4.38404
4.47016
4.54979
4.62355
4.69118
4.75179
4.80554
4.85251
4.8932
4.92792
4.95735
4.98131
4.99946
5.01165
5.01813
5.01906
5.01804
5.01413
5.00459
4.986
4.96515
4.94273
4.91812
4.89093
4.8612
4.82909
4.79487
4.75872
4.72087
4.68146
4.64065
4.5986
4.55544
4.51131
4.46632
4.42059
4.37422
4.3273
4.27989
4.23207
4.1839
4.13544
4.08672
4.03782
3.98879
3.9397
3.89062
3.84163
3.79278
3.74415
3.69573
3.64766
3.59988
3.55236
3.50539
3.45888
3.41281
3.36719
3.32201
3.2774
3.23338
3.19003
3.14745
3.10583
3.06537
3.02644
2.98957
2.95571
2.92618
2.90411
6.00359
5.2415
4.72774
4.38622
4.14516
3.96723
3.84142
3.73446
3.62577
3.52398
3.44163
3.36138
3.27964
3.20279
3.13892
3.09402
3.06656
3.05818
3.06833
3.1058
3.18524
3.28933
3.40886
3.53783
3.67169
3.80405
3.93135
4.05067
4.16128
4.26345
4.35802
4.44546
4.52615
4.60045
4.6683
4.7294
4.78364
4.83113
4.87223
4.90728
4.93675
4.96071
4.97912
4.99176
4.99881
5.00014
4.99937
4.99633
4.98868
4.97274
4.95146
4.92864
4.90426
4.87768
4.84871
4.81736
4.78386
4.74839
4.71115
4.67232
4.63205
4.5905
4.54779
4.50405
4.45941
4.41397
4.36783
4.32109
4.27381
4.22608
4.17795
4.12949
4.08076
4.03183
3.98277
3.93367
3.8846
3.83565
3.78686
3.73836
3.68993
3.64205
3.59446
3.54747
3.50057
3.45416
3.40816
3.36268
3.31762
3.27313
3.2292
3.18595
3.14343
3.10181
3.06127
3.02215
2.9849
2.95039
2.91992
2.8964
6.11738
5.42799
4.90066
4.52262
4.25
4.04763
3.89438
3.77066
3.65707
3.55243
3.46145
3.37945
3.30452
3.24013
3.19098
3.1595
3.14627
3.14808
3.15825
3.1857
3.24271
3.31823
3.40677
3.50716
3.62448
3.75108
3.88215
4.00712
4.1228
4.22844
4.32505
4.41365
4.49519
4.56992
4.63814
4.69973
4.75461
4.80274
4.84439
4.87989
4.90963
4.93383
4.9526
4.96582
4.97358
4.97562
4.97505
4.97273
4.96679
4.95407
4.93367
4.91091
4.88667
4.86058
4.83236
4.80189
4.76927
4.73463
4.69816
4.66005
4.62043
4.57948
4.5373
4.49406
4.44983
4.40476
4.35892
4.31243
4.26533
4.21774
4.16969
4.12127
4.07255
4.02363
3.97458
3.9255
3.87649
3.82764
3.77894
3.73061
3.68272
3.63507
3.5877
3.5408
3.49414
3.4479
3.40203
3.35668
3.31177
3.26742
3.22363
3.18049
3.13808
3.09649
3.05594
3.01666
2.97912
2.94403
2.91277
2.88791
6.1906
5.57399
5.06049
4.66406
4.365
4.13879
3.96473
3.82648
3.70657
3.59915
3.50442
3.42465
3.36358
3.32142
3.29583
3.28647
3.28939
3.29979
3.3197
3.33709
3.35955
3.3878
3.42821
3.49094
3.56108
3.66742
3.80225
3.9379
4.06593
4.18078
4.28256
4.37376
4.45635
4.5315
4.60003
4.66233
4.71813
4.7673
4.80995
4.84636
4.87684
4.90172
4.92117
4.93519
4.94393
4.94702
4.94664
4.94494
4.94048
4.93075
4.91258
4.89069
4.86673
4.84103
4.81346
4.78384
4.75213
4.71841
4.6828
4.64546
4.60657
4.56626
4.52468
4.48195
4.4382
4.39352
4.34803
4.30181
4.25493
4.20748
4.15954
4.11117
4.06249
4.01358
3.96458
3.91552
3.86664
3.81812
3.76987
3.72191
3.67421
3.62682
3.57966
3.5329
3.48643
3.44039
3.39473
3.34956
3.30486
3.26071
3.21712
3.17416
3.13192
3.09046
3.04999
3.01068
2.97298
2.93749
2.90564
2.87965
6.23757
5.68517
5.19798
4.79866
4.48308
4.23705
4.04443
3.89133
3.76381
3.65494
3.56495
3.49806
3.45976
3.44578
3.44904
3.4643
3.50196
3.54221
3.55208
3.54859
3.53571
3.50587
3.48959
3.49809
3.52922
3.59601
3.69587
3.83158
3.97458
4.10671
4.22206
4.32162
4.40844
4.48568
4.5547
4.61761
4.67413
4.72435
4.76815
4.80574
4.83738
4.86342
4.8839
4.89902
4.90895
4.91348
4.91332
4.91221
4.90899
4.90173
4.88697
4.8666
4.84339
4.81825
4.79129
4.76244
4.73163
4.69884
4.66415
4.62768
4.58959
4.55
4.50907
4.46692
4.4237
4.37947
4.33438
4.28848
4.24187
4.1946
4.1468
4.09853
4.04994
4.00113
3.95228
3.90366
3.85519
3.80698
3.759
3.71129
3.66378
3.61659
3.56966
3.52311
3.47689
3.4311
3.3857
3.34079
3.29636
3.25245
3.20913
3.16641
3.12441
3.08316
3.04286
3.00365
2.96595
2.93027
2.89807
2.87133
6.26779
5.76946
5.31292
4.92114
4.59864
4.33901
4.13193
3.96657
3.83249
3.72531
3.64587
3.60151
3.60022
3.60934
3.64119
3.71502
3.81105
3.84236
3.83649
3.81222
3.75361
3.64831
3.56785
3.53873
3.54564
3.57321
3.6356
3.72858
3.85572
3.99719
4.1297
4.2453
4.34407
4.42866
4.5019
4.56663
4.62418
4.67532
4.72003
4.75873
4.79179
4.81905
4.84072
4.85734
4.86861
4.87487
4.87545
4.87479
4.87257
4.86726
4.85619
4.83819
4.81656
4.79243
4.76625
4.73818
4.70821
4.67634
4.64258
4.60704
4.5698
4.53102
4.49081
4.44932
4.40667
4.36296
4.3183
4.27277
4.22643
4.1794
4.13174
4.08363
4.03516
3.98668
3.93829
3.89011
3.84201
3.79412
3.74636
3.69889
3.65161
3.60469
3.55804
3.51179
3.46588
3.42042
3.37535
3.33077
3.28666
3.2431
3.2001
3.15772
3.11604
3.07511
3.0351
2.99613
2.95861
2.92298
2.89071
2.8636
6.28736
5.83444
5.40869
5.03063
4.70869
4.44209
4.22545
4.05227
3.9161
3.81613
3.75811
3.75841
3.77122
3.81336
3.91083
4.07799
4.17764
4.17567
4.15565
4.0969
3.97133
3.81191
3.68795
3.61332
3.593
3.59948
3.62421
3.68169
3.76185
3.8708
4.00198
4.12978
4.24622
4.34684
4.43172
4.50332
4.56446
4.61747
4.66369
4.70381
4.73849
4.76708
4.7908
4.80951
4.82269
4.83096
4.83366
4.83328
4.83179
4.82807
4.82014
4.80525
4.78584
4.76323
4.73816
4.711
4.68189
4.65092
4.61808
4.58348
4.54715
4.50923
4.46982
4.42906
4.38705
4.34393
4.29975
4.25463
4.20863
4.16186
4.1144
4.06657
4.0186
3.97065
3.92271
3.87488
3.82708
3.77947
3.73199
3.68479
3.63781
3.5912
3.54489
3.49898
3.45342
3.40832
3.36363
3.31942
3.27571
3.23253
3.18995
3.14797
3.10671
3.06619
3.02661
2.98805
2.95091
2.9156
2.88356
2.85657
6.30047
5.88594
5.48928
5.12813
4.81236
4.54501
4.32486
4.15001
4.02016
3.93813
3.92925
3.94293
3.98912
4.09641
4.31191
4.50144
4.54911
4.53417
4.48203
4.36253
4.16637
3.98254
3.83689
3.73492
3.67569
3.65727
3.66156
3.67954
3.7237
3.79006
3.87659
3.9895
4.1125
4.22966
4.33264
4.41926
4.49096
4.55053
4.60059
4.64306
4.67926
4.70978
4.7352
4.75577
4.7711
4.78172
4.7874
4.78771
4.78699
4.78464
4.7792
4.76802
4.75094
4.73021
4.70663
4.68062
4.65249
4.62239
4.59046
4.55674
4.52134
4.48429
4.44574
4.40575
4.36447
4.32196
4.27833
4.23364
4.188
4.14152
4.09453
4.04727
3.99986
3.95239
3.90484
3.85734
3.80988
3.7626
3.71547
3.66863
3.62202
3.57578
3.52986
3.48436
3.43923
3.39455
3.35031
3.30657
3.26333
3.22064
3.17856
3.13709
3.09637
3.05641
3.0174
2.97945
2.94294
2.90829
2.87681
2.85056
6.31094
5.92885
5.55869
5.2159
4.9106
4.64853
4.43213
4.26586
4.15294
4.12162
4.13417
4.17999
4.29073
4.51934
4.78804
4.91782
4.91117
4.87384
4.7761
4.57699
4.35495
4.16271
4.00813
3.88994
3.80496
3.7515
3.72413
3.72508
3.73389
3.76002
3.81297
3.8782
3.96885
4.08295
4.19705
4.30081
4.38988
4.46361
4.52364
4.57238
4.61231
4.64539
4.67283
4.69558
4.713
4.72619
4.73464
4.73788
4.73755
4.73616
4.73263
4.72509
4.71108
4.69276
4.67107
4.64656
4.61966
4.59064
4.5597
4.52696
4.4925
4.45641
4.41877
4.37966
4.33917
4.29737
4.25433
4.21013
4.1649
4.11902
4.07271
4.02611
3.97923
3.93222
3.88509
3.838
3.79094
3.74407
3.69734
3.65091
3.60473
3.55892
3.51344
3.46838
3.42373
3.37953
3.3358
3.29258
3.24989
3.20777
3.16627
3.12544
3.08537
3.04612
3.00787
2.97077
2.93517
2.90158
2.87107
2.84624
6.31984
5.96565
5.62007
5.29692
5.00609
4.75608
4.55409
4.40804
4.34591
4.35512
4.39578
4.50208
4.72831
5.04767
5.25737
5.27804
5.25258
5.17179
4.9962
4.75783
4.53821
4.3513
4.19562
4.06755
3.96409
3.88397
3.82598
3.78982
3.77618
3.77945
3.79412
3.82791
3.87451
3.94703
4.04617
4.15266
4.25538
4.34673
4.42329
4.48502
4.53397
4.57292
4.60421
4.62959
4.64987
4.66538
4.67642
4.68298
4.68407
4.68346
4.68142
4.67663
4.66675
4.65107
4.63145
4.60867
4.58324
4.55551
4.52571
4.49401
4.46055
4.42542
4.38873
4.35051
4.31086
4.2698
4.22738
4.18374
4.13922
4.09411
4.0485
4.00252
3.95621
3.90971
3.86308
3.81646
3.76987
3.72346
3.6772
3.63124
3.58554
3.54022
3.49525
3.45071
3.40659
3.36295
3.31981
3.27719
3.23514
3.19368
3.1529
3.11282
3.07357
3.03522
2.99798
2.96204
2.92772
2.89573
2.86674
2.84426
6.32934
5.99856
5.67721
5.37547
5.10459
4.87552
4.70188
4.60393
4.60849
4.64229
4.74036
4.95616
5.30481
5.56479
5.63407
5.61419
5.54529
5.3904
5.15273
4.92363
4.72177
4.54598
4.39213
4.25725
4.13974
4.03931
3.95648
3.89151
3.84606
3.8169
3.81379
3.81911
3.83625
3.87074
3.92189
4.00367
4.10034
4.19953
4.29118
4.36992
4.43425
4.48522
4.52497
4.55595
4.5801
4.59883
4.61238
4.62172
4.62613
4.626
4.62504
4.62233
4.61629
4.60412
4.58703
4.56637
4.54277
4.5166
4.48816
4.45766
4.42531
4.39123
4.35553
4.31827
4.27949
4.23918
4.19745
4.15464
4.11102
4.06673
4.02187
3.97658
3.93091
3.88503
3.83898
3.79293
3.7469
3.70103
3.65531
3.60989
3.56474
3.51997
3.47558
3.43162
3.38811
3.3451
3.30262
3.26069
3.21937
3.1787
3.13875
3.09959
3.06136
3.02416
2.98824
2.95386
2.92135
2.89166
2.86497
2.84544
6.34298
6.03244
5.73475
5.45813
5.21494
5.02182
4.89742
4.89156
4.91935
5.01051
5.2175
5.57816
5.8656
5.96845
5.95421
5.89642
5.7605
5.52793
5.29892
5.09324
4.90971
4.74342
4.59088
4.45048
4.32212
4.20643
4.10451
4.01723
3.94592
3.89033
3.85339
3.83268
3.83377
3.84142
3.8601
3.89815
3.95896
4.04397
4.13537
4.22461
4.30511
4.37303
4.42742
4.4695
4.50139
4.52527
4.54283
4.55485
4.56236
4.56474
4.56435
4.56288
4.55925
4.55157
4.53772
4.51968
4.49825
4.4739
4.44701
4.41789
4.38678
4.35384
4.3192
4.28292
4.24501
4.20549
4.16467
4.12286
4.08019
4.03679
3.99274
3.94822
3.90328
3.8581
3.81272
3.76732
3.72191
3.67665
3.63155
3.58673
3.5422
3.49806
3.4543
3.411
3.36819
3.32589
3.28416
3.24303
3.20257
3.16281
3.12388
3.08585
3.04889
3.01318
2.97901
2.94677
2.91678
2.89044
2.86636
2.85051
6.36438
6.07245
5.80022
5.55506
5.35427
5.21773
5.1951
5.22214
5.31238
5.51944
5.88261
6.17807
6.29447
6.28244
6.22809
6.09893
5.8771
5.65483
5.45317
5.27027
5.10069
4.94032
4.78754
4.64221
4.50531
4.37804
4.26176
4.15749
4.06639
3.98911
3.92663
3.87963
3.84884
3.83748
3.83956
3.84817
3.87028
3.91556
3.98273
4.06417
4.14997
4.23152
4.30292
4.36136
4.40672
4.44045
4.46471
4.48157
4.49237
4.49831
4.49916
4.49857
4.49664
4.49214
4.48286
4.46797
4.44905
4.42682
4.40178
4.37427
4.3446
4.31295
4.27948
4.24423
4.2072
4.16865
4.12893
4.08818
4.04653
4.00409
3.96096
3.91731
3.8732
3.82882
3.78421
3.73955
3.69487
3.65031
3.60592
3.5618
3.51798
3.47454
3.43153
3.38898
3.34695
3.30547
3.26461
3.2244
3.18494
3.14628
3.10859
3.07195
3.03664
3.00289
2.97107
2.94177
2.91545
2.89267
2.87196
2.86223
6.40204
6.12568
5.88301
5.68245
5.54496
5.51886
5.54643
5.64053
5.85664
6.22312
6.51485
6.6269
6.61328
6.55366
6.41539
6.19995
5.98643
5.79284
5.61643
5.45054
5.28994
5.13253
4.97848
4.82894
4.68545
4.54952
4.42246
4.30536
4.19918
4.10462
4.02248
3.95356
3.89849
3.85875
3.83511
3.83037
3.83185
3.84117
3.8662
3.9181
3.98879
4.06947
4.15041
4.22451
4.28707
4.33616
4.37252
4.39809
4.41516
4.42528
4.43008
4.43
4.42916
4.42676
4.42141
4.41063
4.39467
4.37496
4.35214
4.32657
4.2986
4.26843
4.23626
4.20207
4.16612
4.12877
4.09023
4.05063
4.01007
3.96869
3.92658
3.8839
3.84073
3.79723
3.75349
3.70965
3.66579
3.62203
3.57843
3.53509
3.49207
3.44944
3.40726
3.36557
3.32444
3.2839
3.24406
3.20493
3.16669
3.12937
3.09322
3.05838
3.02522
2.9941
2.96551
2.94051
2.91798
2.89999
2.88525
2.8831
6.46556
6.20039
5.99953
5.86619
5.85147
5.88276
5.98859
6.22758
6.60284
6.88487
6.97895
6.95984
6.88641
6.72435
6.50493
6.29576
6.10992
5.94228
5.78384
5.62864
5.47308
5.31701
5.16167
5.00895
4.86058
4.71817
4.58302
4.45612
4.3384
4.23047
4.13307
4.04664
3.97196
3.91015
3.86208
3.82882
3.81504
3.80648
3.80906
3.82155
3.85145
3.91144
3.98326
4.06183
4.13714
4.20311
4.25665
4.29701
4.32531
4.34365
4.35399
4.35773
4.35747
4.35625
4.35319
4.34666
4.33422
4.31758
4.29744
4.27423
4.2483
4.21991
4.1892
4.15632
4.12171
4.08567
4.04839
4.01001
3.97065
3.93043
3.88943
3.84783
3.80569
3.7632
3.72042
3.67752
3.63458
3.59173
3.54903
3.5066
3.4645
3.42279
3.38158
3.34086
3.30078
3.26134
3.2227
3.18488
3.1481
3.11246
3.07829
3.04582
3.01556
2.98806
2.96423
2.94353
2.92634
2.91591
2.91172
2.91299
6.55532
6.31344
6.17452
6.17762
6.21926
6.34685
6.62741
7.02145
7.29292
7.35992
7.33217
7.23733
7.03772
6.80615
6.59476
6.41232
6.25095
6.10027
5.95235
5.80189
5.64836
5.49265
5.33625
5.18121
5.02927
4.88209
4.74083
4.60649
4.4799
4.36163
4.2523
4.15242
4.06244
3.98307
3.91507
3.85966
3.81782
3.79398
3.77673
3.7706
3.77525
3.79219
3.82992
3.89379
3.96546
4.04002
4.10949
4.16823
4.21374
4.24609
4.26687
4.27799
4.28152
4.2811
4.27947
4.27561
4.26762
4.25438
4.23721
4.21668
4.1932
4.16695
4.13805
4.10681
4.07379
4.03923
4.00336
3.96633
3.92826
3.88929
3.84952
3.80909
3.7681
3.72671
3.68502
3.64317
3.60127
3.55944
3.51778
3.47637
3.43532
3.39467
3.35455
3.31499
3.27612
3.23799
3.20078
3.16458
3.12964
3.09619
3.06461
3.03537
3.0091
2.98698
2.96771
2.95332
2.94475
2.94526
2.948
2.95671
6.71297
6.5003
6.4988
6.54989
6.70807
7.04924
7.47697
7.74087
7.77429
7.73493
7.61289
7.36523
7.11374
6.894
6.70955
6.55037
6.40417
6.26165
6.1173
5.96839
5.81523
5.65914
5.5018
5.34511
5.19066
5.04001
4.8942
4.75426
4.62079
4.49452
4.37589
4.26526
4.16323
4.07014
3.9866
3.91343
3.85155
3.80246
3.76831
3.74515
3.72733
3.72786
3.73521
3.75605
3.80016
3.86459
3.93669
4.0076
4.0708
4.12198
4.15934
4.18364
4.19682
4.20082
4.20037
4.19857
4.19424
4.1853
4.17125
4.15352
4.13271
4.10887
4.08221
4.05314
4.02207
3.98927
3.955
3.91945
3.88279
3.84518
3.80672
3.76758
3.72785
3.68769
3.64721
3.60654
3.56584
3.52516
3.48469
3.44443
3.4046
3.36516
3.32634
3.28811
3.2507
3.21416
3.17871
3.14455
3.112
3.08143
3.05343
3.02858
3.0085
2.99104
2.97879
2.97505
2.97664
2.98226
2.99687
3.02935
6.87358
6.83929
6.89828
7.08566
7.48827
7.96239
8.22981
8.22571
8.1681
8.01106
7.71428
7.43601
7.20255
7.01095
6.8491
6.70351
6.56361
6.42286
6.27813
6.12828
5.97428
5.81731
5.65905
5.50105
5.34485
5.19153
5.04229
4.89794
4.75922
4.62664
4.50066
4.38172
4.27008
4.16618
4.07039
3.98333
3.90559
3.83826
3.78229
3.73982
3.70946
3.68525
3.67106
3.67359
3.68473
3.71124
3.76445
3.82847
3.89827
3.96442
4.02068
4.06381
4.09308
4.10959
4.11602
4.11565
4.1138
4.10922
4.09971
4.08514
4.06689
4.04549
4.02131
3.99475
3.96605
3.9354
3.90304
3.86921
3.83412
3.798
3.76098
3.72325
3.68491
3.64613
3.607
3.56769
3.5283
3.48896
3.44981
3.41092
3.37246
3.33446
3.29713
3.26051
3.22485
3.19026
3.15708
3.12557
3.09621
3.06966
3.04658
3.02859
3.01369
3.00336
3.00367
3.0066
3.01565
3.03611
3.0722
3.14482
7.07837
7.22614
7.53161
8.03157
8.49906
8.74152
8.72761
8.63643
8.41744
8.08832
7.77974
7.52677
7.32359
7.15479
7.00561
6.86464
6.72447
6.58128
6.43372
6.28149
6.12594
5.96785
5.80864
5.64961
5.49196
5.33674
5.18488
5.03713
4.89419
4.75657
4.62471
4.499
4.37969
4.26718
4.16169
4.0637
3.97359
3.89208
3.81984
3.75815
3.70743
3.67148
3.63917
3.61539
3.61067
3.61504
3.62959
3.66191
3.71869
3.78304
3.8495
3.91022
3.95962
3.99503
4.01656
4.02654
4.02639
4.02493
4.02071
4.01163
3.9963
3.97712
3.95535
3.93141
3.90536
3.87723
3.84715
3.81537
3.78212
3.7477
3.71228
3.67612
3.6393
3.60205
3.56442
3.52663
3.48873
3.45093
3.41328
3.37597
3.33909
3.30279
3.26723
3.23259
3.19909
3.16703
3.13677
3.10886
3.08394
3.0631
3.04722
3.03489
3.0288
3.03004
3.03537
3.04909
3.07784
3.13294
3.18805
3.28678
7.48446
7.97747
8.61263
9.1239
9.3185
9.2845
9.14455
8.84153
8.47743
8.14587
7.87289
7.65395
7.47418
7.31747
7.17149
7.02827
6.88352
6.73548
6.58372
6.42895
6.27105
6.11163
5.95139
5.79145
5.63253
5.47573
5.32166
5.17121
5.02484
4.88317
4.74655
4.61535
4.48985
4.37035
4.25711
4.15042
4.05059
3.95801
3.8732
3.79684
3.72988
3.67279
3.62914
3.59082
3.56118
3.54083
3.54195
3.54898
3.56784
3.60732
3.66467
3.72904
3.79212
3.84695
3.88909
3.91681
3.93116
3.93357
3.93248
3.9288
3.92054
3.90451
3.8853
3.86367
3.84006
3.81446
3.78691
3.75753
3.72652
3.69414
3.66062
3.62622
3.59112
3.55555
3.51961
3.4835
3.4473
3.41122
3.37532
3.33981
3.30481
3.27052
3.23714
3.20495
3.17424
3.14548
3.11923
3.0963
3.07785
3.06472
3.05436
3.05388
3.05639
3.06467
3.08445
3.12494
3.18335
3.26287
3.33367
3.43861
8.24061
9.21864
9.83585
9.98836
9.92454
9.7154
9.29449
8.88608
8.53084
8.24043
8.00619
7.81298
7.64542
7.49077
7.34066
7.19064
7.03874
6.88456
6.72808
6.56999
6.40999
6.24929
6.088
5.92708
5.76702
5.60878
5.45289
5.30014
5.15095
5.00591
4.8653
4.72954
4.59893
4.47373
4.35418
4.24046
4.13284
4.03149
3.93691
3.84928
3.76943
3.69784
3.63561
3.58435
3.54154
3.50373
3.47604
3.46563
3.4681
3.47791
3.50109
3.54778
3.60533
3.66818
3.72701
3.77531
3.80973
3.82989
3.83702
3.83634
3.83344
3.82634
3.81187
3.79305
3.77137
3.74775
3.7225
3.69562
3.66716
3.63717
3.60591
3.57356
3.54046
3.50677
3.47274
3.43851
3.40425
3.37011
3.33625
3.30284
3.27009
3.23825
3.20761
3.17854
3.15155
3.12725
3.10666
3.09098
3.08059
3.07439
3.07543
3.08051
3.09417
3.12302
3.17455
3.24337
3.32275
3.41357
3.4871
3.57903
9.63611
10.6918
10.7772
10.6612
10.3359
9.80304
9.32464
8.93529
8.62661
8.37906
8.17338
7.99354
7.82747
7.66715
7.50823
7.34902
7.18902
7.02838
6.86714
6.70552
6.54344
6.38099
6.21854
6.05651
5.89541
5.73586
5.57848
5.42375
5.27227
5.12431
4.98038
4.8409
4.70603
4.5761
4.45119
4.3316
4.2175
4.10905
4.00656
3.91015
3.82032
3.73736
3.66205
3.59507
3.53761
3.48993
3.44576
3.41141
3.38721
3.38676
3.39051
3.40308
3.43106
3.4825
3.54103
3.60111
3.65466
3.69626
3.72288
3.73688
3.7368
3.73516
3.73011
3.71905
3.70035
3.67864
3.6552
3.63046
3.6044
3.57692
3.54816
3.51823
3.48744
3.45598
3.42412
3.39205
3.35997
3.32807
3.29655
3.26564
3.23563
3.20686
3.17974
3.15484
3.13294
3.11479
3.10305
3.09464
3.09392
3.09648
3.10517
3.12542
3.16657
3.22694
3.30288
3.39
3.4777
3.56303
3.62392
3.69102
11.2461
11.7316
11.5317
11.0195
10.3493
9.80024
9.36439
9.02988
8.76897
8.5531
8.36216
8.18377
8.01099
7.84041
7.6708
7.50208
7.33433
7.16761
7.00174
6.83654
6.67195
6.50738
6.34353
6.18031
6.01805
5.85719
5.69823
5.54166
5.38791
5.23755
5.09085
4.94815
4.80956
4.67558
4.54621
4.42177
4.30234
4.18807
4.07917
3.97569
3.87797
3.78617
3.70077
3.6222
3.55126
3.48846
3.43563
3.38682
3.34486
3.31497
3.30085
3.30205
3.30849
3.32547
3.36103
3.41393
3.47321
3.53015
3.57757
3.6116
3.6316
3.63715
3.63621
3.63266
3.62416
3.60712
3.5864
3.56343
3.53915
3.51385
3.48758
3.46033
3.4322
3.40337
3.37406
3.3445
3.31496
3.28567
3.25694
3.22907
3.20249
3.17768
3.15524
3.13613
3.12106
3.11295
3.10897
3.11019
3.11593
3.13073
3.16156
3.21383
3.28285
3.36582
3.45585
3.54539
3.62388
3.68914
3.72868
3.76966
12.3319
12.2697
11.8213
10.9738
10.3132
9.81644
9.44858
9.17301
8.94761
8.74709
8.55728
8.37163
8.18803
8.00626
7.82668
7.64962
7.47506
7.30279
7.13237
6.96338
6.79558
6.62875
6.46279
6.29807
6.13455
5.97237
5.81196
5.65372
5.49799
5.34533
5.19588
5.05029
4.90847
4.77103
4.63782
4.50927
4.38535
4.26622
4.15202
4.04276
3.93868
3.83986
3.74659
3.65914
3.57797
3.50369
3.43671
3.37927
3.32602
3.27917
3.24257
3.21852
3.21268
3.21517
3.22456
3.24665
3.29126
3.34565
3.40358
3.456
3.49713
3.52326
3.53653
3.53632
3.53426
3.52826
3.51541
3.49553
3.47298
3.44944
3.42535
3.40068
3.37535
3.34941
3.32302
3.2964
3.26984
3.24369
3.21835
3.19434
3.17218
3.1527
3.13666
3.12566
3.12115
3.12145
3.12483
3.13519
3.15785
3.20195
3.26343
3.34115
3.43001
3.52264
3.61
3.68474
3.74102
3.78101
3.79889
3.82177
12.5987
12.3112
11.6162
10.8421
10.2823
9.87428
9.58452
9.34927
9.13905
8.93856
8.74124
8.54552
8.35197
8.16139
7.97437
7.79103
7.61098
7.43377
7.25893
7.08595
6.91463
6.74467
6.57568
6.40914
6.24407
6.08042
5.9185
5.75857
5.60098
5.4462
5.29442
5.14622
5.00161
4.86111
4.72462
4.59253
4.46477
4.34155
4.22287
4.10886
3.99956
3.8951
3.79558
3.70123
3.6123
3.52914
3.45228
3.3822
3.3204
3.26373
3.21277
3.17032
3.14179
3.12453
3.125
3.12947
3.14274
3.17154
3.22195
3.27872
3.33409
3.38082
3.41385
3.43301
3.43807
3.4371
3.43324
3.42419
3.40611
3.38555
3.36344
3.34081
3.31799
3.29497
3.27176
3.24852
3.22551
3.20324
3.1822
3.16331
3.14694
3.13499
3.1277
3.12794
3.13018
3.138
3.1556
3.1908
3.24363
3.3152
3.40092
3.49451
3.58779
3.67201
3.7406
3.79077
3.82258
3.84113
3.84635
3.85715
12.5549
12.1344
11.2817
10.7021
10.295
9.9858
9.73602
9.51555
9.30664
9.10144
8.89786
8.69632
8.49775
8.30291
8.1118
7.92425
7.7399
7.55836
7.37926
7.2023
7.02727
6.85396
6.68262
6.51257
6.34511
6.17971
6.01613
5.85457
5.69523
5.53857
5.38477
5.23436
5.08738
4.94429
4.80502
4.66995
4.53896
4.41234
4.28992
4.172
4.05839
3.94937
3.84483
3.74504
3.65005
3.56016
3.47564
3.39696
3.32457
3.25958
3.20007
3.14562
3.09963
3.06496
3.04249
3.03536
3.0375
3.04549
3.06519
3.10525
3.15804
3.21467
3.2657
3.30496
3.32974
3.34168
3.34152
3.33965
3.33389
3.32154
3.30282
3.28238
3.26174
3.24136
3.22133
3.20181
3.183
3.16569
3.15021
3.1384
3.12933
3.12899
3.13068
3.1367
3.1506
3.17853
3.22331
3.2882
3.36877
3.46094
3.55757
3.64957
3.7291
3.79117
3.83458
3.86129
3.87447
3.87978
3.88088
3.88408
12.4337
11.9558
11.1202
10.6526
10.332
10.0738
9.84616
9.63364
9.42736
9.22331
9.02089
8.8205
8.62259
8.42742
8.23495
8.04507
7.85768
7.67265
7.48988
7.30929
7.13074
6.95419
6.77943
6.60657
6.43631
6.26872
6.10332
5.94014
5.7792
5.62093
5.46546
5.31323
5.16434
5.01913
4.87763
4.7401
4.60649
4.47705
4.35159
4.23045
4.11335
4.00061
3.89209
3.78791
3.68826
3.59308
3.50284
3.41754
3.33781
3.26386
3.19676
3.13493
3.0782
3.02947
2.99074
2.9643
2.94883
2.94944
2.95399
2.96717
2.9956
3.04522
3.10146
3.15486
3.19855
3.22961
3.24592
3.2519
3.25115
3.24797
3.24035
3.22505
3.20805
3.19052
3.17364
3.15822
3.14427
3.13366
3.12515
3.12352
3.12487
3.13008
3.14171
3.16488
3.20126
3.25909
3.33353
3.42242
3.51967
3.61698
3.70579
3.77947
3.83493
3.87237
3.89464
3.90526
3.90808
3.90789
3.90743
3.90848
12.2917
11.8508
11.0462
10.6169
10.3316
10.1036
9.89832
9.70033
9.50426
9.30853
9.11318
8.9185
8.72458
8.53161
8.33974
8.14911
7.95999
7.77257
7.58701
7.40348
7.222
7.04261
6.86528
6.6897
6.51664
6.34652
6.17919
6.01433
5.85205
5.69238
5.53568
5.38199
5.23174
5.08483
4.9417
4.80217
4.66659
4.53481
4.40703
4.28322
4.16339
4.04761
3.93594
3.82825
3.72492
3.62563
3.53095
3.44069
3.35533
3.27514
3.20041
3.13208
3.06867
3.01049
2.96008
2.91872
2.88851
2.86801
2.86458
2.86726
2.87655
2.89799
2.94127
2.99527
3.04982
3.09741
3.13286
3.15582
3.16723
3.16931
3.16829
3.16465
3.1565
3.14351
3.13089
3.12016
3.11204
3.10984
3.111
3.11557
3.12642
3.14654
3.17647
3.22578
3.29349
3.37732
3.47302
3.5733
3.66967
3.75412
3.82168
3.87095
3.90366
3.9226
3.93205
3.93361
3.93321
3.93201
3.92956
3.93042
12.1381
11.7579
10.9943
10.5689
10.3053
10.0994
9.9172
9.7375
9.55457
9.3691
9.18216
8.99415
8.80506
8.61517
8.42479
8.23444
8.04457
7.85573
7.66823
7.48251
7.29872
7.11705
6.93754
6.76004
6.58473
6.41234
6.24309
6.07677
5.9133
5.75263
5.59501
5.44035
5.28907
5.14102
4.99661
4.85566
4.7185
4.58501
4.45533
4.32949
4.20745
4.08933
3.97507
3.86471
3.75839
3.65601
3.55784
3.46388
3.3743
3.28946
3.20939
3.13473
3.06587
3.0017
2.94293
2.89155
2.84862
2.81527
2.79289
2.78425
2.78593
2.79291
2.81017
2.84589
2.89742
2.95297
3.00349
3.04364
3.07211
3.08849
3.09761
3.10013
3.09952
3.09749
3.09304
3.08988
3.0907
3.09427
3.10333
3.12184
3.14769
3.18806
3.24759
3.32474
3.41634
3.51688
3.6184
3.71247
3.79222
3.85428
3.8987
3.92771
3.94544
3.9543
3.9562
3.95583
3.95465
3.95212
3.94843
3.94916
11.9817
11.6601
10.9591
10.5224
10.2647
10.0846
9.92465
9.76267
9.59144
9.41454
9.2344
9.05177
8.86676
8.67967
8.49097
8.30128
8.1113
7.92166
7.73299
7.5457
7.36033
7.17695
6.99596
6.81712
6.64056
6.46661
6.29585
6.12829
5.96385
5.80245
5.6441
5.48883
5.33675
5.18797
5.04253
4.90066
4.76222
4.62756
4.49638
4.36909
4.24533
4.12547
4.00925
3.89688
3.78829
3.68356
3.58276
3.48597
3.39324
3.30488
3.22085
3.14167
3.0674
2.99878
2.93439
2.87579
2.82411
2.78006
2.74526
2.72107
2.70913
2.71016
2.71557
2.72979
2.75992
2.80932
2.86509
2.91797
2.96268
2.99618
3.01981
3.03499
3.04453
3.05137
3.0567
3.06319
3.07396
3.09265
3.11532
3.14799
3.19686
3.26548
3.35038
3.44788
3.55166
3.65313
3.74431
3.81962
3.87715
3.91804
3.94521
3.96236
3.97158
3.97519
3.97505
3.97428
3.97244
3.96873
3.96422
3.96475
11.8332
11.5658
10.9294
10.4837
10.2297
10.069
9.92868
9.7837
9.6213
9.45058
9.27521
9.0962
8.914
8.72895
8.54158
8.35253
8.16259
7.9725
7.783
7.5947
7.40816
7.22372
7.04164
6.86203
6.68473
6.51011
6.33837
6.17004
6.00487
5.84297
5.6841
5.52841
5.37582
5.22651
5.08048
4.93791
4.79875
4.66317
4.53109
4.40267
4.27777
4.15655
4.03892
3.92494
3.81464
3.70801
3.60518
3.5061
3.41096
3.31982
3.23282
3.1502
3.0721
2.99889
2.93074
2.86702
2.80921
2.75758
2.71355
2.67778
2.65271
2.63875
2.63947
2.64384
2.65608
2.68239
2.73047
2.78642
2.84223
2.89143
2.93132
2.96261
2.9868
3.00651
3.02441
3.04471
3.07234
3.10382
3.14526
3.20311
3.27842
3.36937
3.47128
3.57673
3.67718
3.76539
3.83688
3.89109
3.92975
3.95611
3.97354
3.98441
3.98987
3.99084
3.99052
3.98941
3.98704
3.98222
3.97702
3.9774
11.7004
11.4787
10.9009
10.4516
10.2016
10.0564
9.93308
9.80119
9.64616
9.48017
9.30806
9.13145
8.95105
8.7673
8.58074
8.39205
8.20205
8.01159
7.82144
7.63237
7.44496
7.25972
7.07692
6.89676
6.71916
6.54419
6.37218
6.20335
6.03787
5.87552
5.7164
5.56034
5.4075
5.25782
5.11146
4.96843
4.82883
4.69264
4.55994
4.4307
4.30498
4.1827
4.06396
3.9487
3.83703
3.72891
3.62446
3.52365
3.42664
3.33346
3.2442
3.15911
3.07814
3.00171
2.92995
2.86267
2.80027
2.74343
2.69252
2.6488
2.61318
2.58725
2.57365
2.57432
2.57826
2.58948
2.61375
2.66076
2.718
2.77793
2.8342
2.88336
2.92523
2.9623
2.99759
3.03587
3.08043
3.13286
3.20091
3.28379
3.38025
3.48542
3.59165
3.69079
3.77611
3.84479
3.89669
3.93435
3.96076
3.97899
3.99153
3.99943
4.00325
4.00315
4.00266
4.00126
3.9984
3.99276
3.98687
3.9871
11.588
11.4019
10.8726
10.425
10.1805
10.0478
9.93825
9.81593
9.66693
9.50468
9.33477
9.15973
8.9805
8.79758
8.6115
8.42298
8.23287
8.04206
7.85139
7.66166
7.47358
7.28767
7.10435
6.92378
6.74606
6.57106
6.39903
6.23004
6.06435
5.90175
5.74241
5.58611
5.43305
5.28315
5.13655
4.99326
4.8533
4.71673
4.58353
4.45371
4.32727
4.20424
4.08461
3.96844
3.8557
3.74648
3.64077
3.53866
3.44019
3.34541
3.25447
3.16734
3.08434
3.00534
2.93086
2.86073
2.79518
2.73426
2.67891
2.62925
2.58655
2.55169
2.52608
2.51333
2.51417
2.51832
2.52965
2.55419
2.60252
2.66328
2.72934
2.79569
2.85818
2.91729
2.9751
3.03743
3.1037
3.18349
3.27631
3.37995
3.48916
3.59658
3.69455
3.7779
3.84437
3.89513
3.93255
3.95984
3.97957
3.99381
4.00403
4.01057
4.01336
4.01314
4.01238
4.01058
4.00703
4.00124
3.99479
3.99479
11.4988
11.3386
10.8457
10.4037
10.1655
10.0427
9.94563
9.8268
9.68339
9.52417
9.35585
9.18186
9.00344
8.82109
8.63534
8.44691
8.25668
8.06557
7.87446
7.68419
7.49554
7.30908
7.12533
6.94448
6.76665
6.59165
6.41976
6.25077
6.08497
5.92218
5.76267
5.60615
5.45296
5.30288
5.15613
5.01266
4.87246
4.73564
4.60204
4.47187
4.34488
4.22135
4.10102
3.98419
3.8706
3.76056
3.65387
3.55078
3.45118
3.35526
3.26298
3.17452
3.08986
3.00924
2.93261
2.86037
2.79222
2.72875
2.66993
2.61639
2.56853
2.52733
2.49391
2.46974
2.45984
2.46114
2.46654
2.47996
2.50831
2.56126
2.62902
2.7059
2.78751
2.87102
2.95668
3.04581
3.14307
3.24947
3.36318
3.47903
3.58964
3.68833
3.77092
3.83659
3.88689
3.92485
3.95334
3.97491
3.99125
4.00355
4.01264
4.01851
4.02047
4.02024
4.01935
4.0173
4.01313
4.00725
4.00005
4.00032
11.4333
11.2909
10.8218
10.3889
10.1555
10.0415
9.95137
9.83569
9.69588
9.53868
9.37153
9.19829
9.0205
8.83863
8.65317
8.46483
8.27449
8.08313
7.89169
7.70099
7.51189
7.32503
7.14097
6.95993
6.78204
6.6072
6.43529
6.26634
6.10045
5.93755
5.77784
5.62118
5.46785
5.31764
5.17079
5.02717
4.88683
4.74981
4.61597
4.48549
4.35815
4.23418
4.11339
3.996
3.88184
3.77115
3.66377
3.55994
3.45952
3.36277
3.26952
3.18008
3.09428
3.01243
2.93441
2.86051
2.79068
2.72522
2.66409
2.60784
2.55658
2.51123
2.47228
2.44155
2.41985
2.41615
2.41847
2.42617
2.44409
2.48108
2.54354
2.62397
2.71927
2.8257
2.941
3.06279
3.19082
3.32133
3.44894
3.56703
3.66994
3.75482
3.82186
3.87343
3.91275
3.94296
3.96643
3.98489
3.99938
4.0106
4.01899
4.02456
4.02593
4.02565
4.02467
4.02243
4.0179
4.01181
4.00417
4.00437
11.3903
11.2578
10.8059
10.3803
10.1493
10.0412
9.95537
9.84155
9.70385
9.54792
9.3815
9.20877
9.03142
8.8499
8.66468
8.47643
8.28605
8.09453
7.90283
7.71185
7.52244
7.33531
7.15104
6.9699
6.79196
6.61715
6.44534
6.27649
6.11053
5.9476
5.78774
5.63102
5.47756
5.32729
5.18037
5.03666
4.89627
4.75909
4.62515
4.49442
4.36691
4.24261
4.12158
4.00377
3.88932
3.77812
3.67038
3.566
3.46513
3.36777
3.27397
3.18385
3.09737
3.01471
2.93587
2.86095
2.79014
2.72332
2.66089
2.60279
2.54959
2.50154
2.45938
2.42432
2.39715
2.38402
2.38526
2.39046
2.40327
2.43008
2.48368
2.56181
2.66425
2.78858
2.93006
3.08188
3.23619
3.38393
3.51714
3.6306
3.72269
3.79494
3.8506
3.89336
3.92653
3.95269
3.9736
3.99046
4.00397
4.01456
4.02265
4.02802
4.02908
4.02878
4.02775
4.02543
4.02072
4.01444
4.00654
4.00667
11.3689
11.2407
10.7991
10.3771
10.1478
10.0405
9.95883
9.84563
9.70889
9.55354
9.38734
9.21477
9.03755
8.85613
8.67098
8.48272
8.29225
8.1006
7.90873
7.71756
7.52795
7.34065
7.15624
6.97503
6.79706
6.62226
6.45044
6.2816
6.1156
5.95266
5.7927
5.63593
5.48238
5.33206
5.18508
5.0413
4.90084
4.76356
4.62954
4.49865
4.37104
4.24653
4.12537
4.00731
3.89269
3.78121
3.67328
3.56858
3.46748
3.36979
3.27571
3.18523
3.09842
3.01535
2.93609
2.86067
2.78933
2.72188
2.65884
2.59989
2.54583
2.4965
2.45296
2.41573
2.38641
2.36754
2.36821
2.3722
2.38285
2.40578
2.45225
2.5283
2.63389
2.76846
2.92654
3.09752
3.26761
3.42366
3.55717
3.66529
3.74975
3.81459
3.86434
3.90291
3.93331
3.95768
3.97744
3.99353
4.00655
4.01678
4.02473
4.02996
4.03087
4.03055
4.0295
4.02712
4.02229
4.01593
4.00782
4.00794
)
;

boundaryField
{
    inlet
    {
        type            fixedValue;
        value           uniform 1;
    }
    outlet
    {
        type            waveTransmissive;
        gamma           1.4;
        fieldInf        1;
        lInf            3;
        value           nonuniform List<scalar> 
40
(
2.91282
2.90964
2.9045
2.89735
2.88966
2.88118
2.87294
2.86464
2.85692
2.84988
2.84384
2.83948
2.83742
2.83852
2.84342
2.85488
2.87544
2.90499
2.94819
3.0199
3.13433
3.27555
3.42709
3.56758
3.67975
3.75845
3.81049
3.84573
3.87246
3.8967
3.91851
3.93715
3.95266
3.96522
3.97486
3.98254
3.98798
3.99199
3.99427
3.99552
)
;
    }
    top
    {
        type            symmetryPlane;
    }
    bottom
    {
        type            symmetryPlane;
    }
    obstacle
    {
        type            zeroGradient;
    }
    frontAndBack
    {
        type            empty;
    }
}


// ************************************************************************* //
