/*--------------------------------*- C++ -*----------------------------------*\
  =========                 |
  \\      /  F ield         | OpenFOAM: The Open Source CFD Toolbox
   \\    /   O peration     | Website:  https://openfoam.org
    \\  /    A nd           | Version:  13
     \\/     M anipulation  |
\*---------------------------------------------------------------------------*/
FoamFile
{
    format      ascii;
    class       volScalarField;
    location    "8";
    object      rho;
}
// * * * * * * * * * * * * * * * * * * * * * * * * * * * * * * * * * * * * * //

dimensions      [1 -3 0 0 0 0 0];

internalField   nonuniform List<scalar> 
5250
(
1.40001
1.40003
1.40007
1.40021
1.40045
1.40127
1.40272
1.40763
1.41667
1.44375
1.4985
1.62875
1.89246
2.55263
5.14312
5.75219
5.69129
5.6618
5.68219
5.76127
5.84499
5.89818
5.93738
5.96965
5.99819
1.40001
1.40003
1.40007
1.40021
1.40044
1.40126
1.40268
1.40754
1.41646
1.4433
1.49736
1.62649
1.8877
2.53767
5.1022
5.75181
5.69043
5.65887
5.6795
5.75892
5.84267
5.89615
5.93624
5.9694
5.99896
1.40001
1.40003
1.40007
1.4002
1.40043
1.40122
1.40265
1.40726
1.41627
1.44198
1.49548
1.62137
1.87817
2.50622
5.01081
5.75155
5.68762
5.64934
5.66917
5.74792
5.8299
5.88369
5.92363
5.95784
5.98686
1.40001
1.40002
1.40008
1.40017
1.40048
1.40102
1.40292
1.40622
1.41715
1.43805
1.49518
1.61094
1.86517
2.45868
4.86649
5.75478
5.6846
5.63333
5.65167
5.72756
5.80856
5.8583
5.89753
5.92945
5.96058
1.40001
1.40002
1.40007
1.40016
1.40045
1.40098
1.40271
1.40604
1.41597
1.43656
1.48993
1.60156
1.84415
2.39822
4.66512
5.76298
5.68262
5.61174
5.62797
5.69812
5.77766
5.8257
5.86221
5.89476
5.92553
1.40001
1.40002
1.40007
1.40015
1.40041
1.40094
1.40245
1.40579
1.41453
1.43468
1.48328
1.5898
1.81736
2.32545
4.40142
5.78063
5.68333
5.58535
5.59824
5.66242
5.737
5.7831
5.81462
5.84289
5.87618
1.40001
1.40002
1.40006
1.40013
1.40039
1.40083
1.40232
1.40508
1.41368
1.431
1.47721
1.57381
1.78643
2.24198
4.07152
5.81055
5.68906
5.55422
5.56215
5.61721
5.68417
5.72288
5.75033
5.7724
5.80545
1.40001
1.40002
1.40005
1.40013
1.40033
1.40076
1.40204
1.40457
1.41222
1.42768
1.4693
1.55671
1.75021
2.15343
3.68287
5.84504
5.70219
5.52423
5.52393
5.56656
5.62315
5.65017
5.66539
5.67608
5.70386
1.40001
1.40002
1.40004
1.40012
1.40026
1.40074
1.40161
1.4044
1.40987
1.42576
1.45878
1.54081
1.70958
2.06744
3.24646
5.85501
5.71285
5.49799
5.48573
5.50727
5.5509
5.55838
5.55378
5.53738
5.54358
1.40001
1.40002
1.40004
1.4001
1.40024
1.40063
1.40143
1.40386
1.40857
1.42269
1.45132
1.52437
1.67445
1.99278
2.90983
5.73311
5.67073
5.47275
5.43842
5.4409
5.46172
5.44989
5.41669
5.34519
5.28859
1.40001
1.40001
1.40004
1.40008
1.40024
1.4005
1.40139
1.40305
1.40823
1.4186
1.44733
1.50778
1.647
1.93033
2.68153
5.40149
5.53057
5.44419
5.37475
5.36608
5.35521
5.32151
5.23027
5.01722
4.41696
1.40001
1.40001
1.40003
1.40008
1.40018
1.40048
1.40111
1.40285
1.40679
1.41689
1.44037
1.49604
1.61736
1.87384
2.48831
4.92545
5.44505
5.40142
5.30858
5.28357
5.25107
5.18251
5.03597
4.73954
4.1015
1.40001
1.40001
1.40003
1.40006
1.40018
1.40038
1.40103
1.4023
1.40609
1.41397
1.43548
1.48176
1.59039
1.81425
2.31842
4.37354
5.40015
5.3636
5.25504
5.19527
5.14583
5.04925
4.86066
4.55324
4.06541
1.40001
1.40001
1.40003
1.40006
1.40014
1.40033
1.40082
1.40201
1.40487
1.4121
1.42887
1.46965
1.56019
1.75423
2.16278
3.75823
5.39235
5.3483
5.21705
5.11812
5.04194
4.92804
4.73883
4.45364
4.07208
1.40001
1.40001
1.40002
1.40005
1.40012
1.40026
1.40071
1.4015
1.40423
1.40905
1.42455
1.45447
1.53273
1.69036
2.02206
3.06597
5.35286
5.32783
5.20743
5.05717
4.95638
4.82841
4.64482
4.39475
4.07627
1.40001
1.40001
1.40002
1.40004
1.40009
1.40023
1.40051
1.40133
1.40312
1.4078
1.41875
1.44537
1.50615
1.64001
1.91571
2.6265
5.0833
5.25445
5.17915
5.00846
4.88603
4.75577
4.57521
4.34664
4.07365
1.40001
1.40001
1.40002
1.40003
1.40007
1.40019
1.4004
1.40111
1.40236
1.40659
1.41433
1.43784
1.48461
1.59903
1.82845
2.35828
4.44959
5.14327
5.10345
4.97506
4.82554
4.69196
4.52327
4.31072
4.06585
1.40001
1.40001
1.40001
1.40003
1.40006
1.40013
1.40035
1.40076
1.40214
1.40453
1.4126
1.42753
1.47029
1.55654
1.7506
2.14582
3.7045
5.08805
5.06282
4.9621
4.78553
4.63765
4.47745
4.28324
4.05948
1.40001
1.40001
1.40001
1.40002
1.40005
1.4001
1.40028
1.40057
1.40161
1.40345
1.40944
1.42091
1.45333
1.51985
1.67291
1.969
2.86497
4.97592
5.04697
4.96863
4.78265
4.60604
4.44266
4.26213
4.05739
1.40001
1.40001
1.40001
1.40002
1.40004
1.40008
1.40021
1.40044
1.40122
1.40261
1.40714
1.41575
1.44085
1.49162
1.61346
1.85412
2.43485
4.55789
4.98354
4.93077
4.78303
4.58664
4.41721
4.24579
4.05669
1.40001
1.40001
1.40001
1.40002
1.40003
1.40007
1.40014
1.40037
1.40081
1.40217
1.40492
1.4127
1.42938
1.47192
1.5626
1.75968
2.1659
3.77328
4.8894
4.86864
4.77877
4.58204
4.40238
4.23509
4.05938
1.40001
1.40001
1.40001
1.40001
1.40002
1.40005
1.40011
1.40025
1.40065
1.40144
1.40389
1.40854
1.42258
1.45068
1.52238
1.66867
1.96122
2.8698
4.7339
4.84523
4.77846
4.60868
4.40682
4.23387
4.065
1.40001
1.40001
1.40001
1.40001
1.40002
1.40004
1.40008
1.4002
1.40044
1.40111
1.40262
1.40646
1.41565
1.43749
1.48839
1.60052
1.82843
2.35609
4.26845
4.79042
4.74996
4.62971
4.42725
4.24488
4.07811
1.40001
1.40001
1.40001
1.40001
1.40001
1.40003
1.40006
1.40013
1.40032
1.40079
1.40184
1.40473
1.41084
1.42754
1.46314
1.54851
1.72378
2.07883
3.43222
4.68737
4.68981
4.62816
4.46389
4.2699
4.09966
1.40001
1.40001
1.40001
1.40001
1.40001
1.40002
1.40004
1.4001
1.40022
1.40053
1.40133
1.40306
1.40789
1.41792
1.44501
1.50166
1.63193
1.87207
2.51609
4.42382
4.68524
4.63438
4.50376
4.30389
4.12609
1.40001
1.40001
1.40001
1.40001
1.40001
1.40002
1.40003
1.40007
1.40015
1.4004
1.40084
1.40233
1.40495
1.41351
1.4296
1.47453
1.56466
1.7621
2.16525
3.73257
4.61231
4.59686
4.52806
4.35744
4.16317
1.40001
1.40001
1.40001
1.40001
1.40001
1.40001
1.40002
1.40004
1.40011
1.40024
1.40065
1.40137
1.4038
1.40814
1.42179
1.44809
1.51708
1.65467
1.92212
2.75279
4.4035
4.58737
4.53939
4.41612
4.21268
1.40001
1.40001
1.40001
1.40001
1.40001
1.40001
1.40002
1.40003
1.40007
1.40017
1.40042
1.40095
1.40248
1.40554
1.4145
1.4325
1.48
1.57749
1.78071
2.22263
3.84343
4.52391
4.50961
4.44453
4.28714
1.40001
1.40001
1.40001
1.40001
1.40001
1.40001
1.40001
1.40002
1.40005
1.40012
1.40026
1.40069
1.40146
1.40407
1.40864
1.42328
1.45097
1.52393
1.66732
1.94758
2.88569
4.32567
4.4971
4.45816
4.35715
1.40001
1.40001
1.40001
1.40001
1.40001
1.40001
1.40001
1.40002
1.40003
1.40008
1.40017
1.40046
1.40095
1.40264
1.4056
1.41513
1.43311
1.48233
1.5808
1.78122
2.23438
3.8168
4.44078
4.44122
4.39757
1.40001
1.40001
1.40001
1.40001
1.40001
1.40001
1.40001
1.40001
1.40003
1.40005
1.40012
1.40026
1.40068
1.40154
1.40392
1.4091
1.42241
1.4523
1.52178
1.66657
1.93773
2.86158
4.23533
4.44721
4.42892
1.40001
1.40001
1.40001
1.40001
1.40001
1.40001
1.40001
1.40001
1.40002
1.40003
1.40008
1.40016
1.40045
1.40093
1.40258
1.40547
1.41479
1.43225
1.48032
1.57586
1.77028
2.20487
3.71883
4.39581
4.48589
1.40001
1.40001
1.40001
1.40001
1.40001
1.40001
1.40001
1.40001
1.40001
1.40002
1.40005
1.40011
1.40028
1.40059
1.40162
1.40344
1.4093
1.42018
1.45156
1.51326
1.65549
1.90543
2.72189
4.17937
4.56998
1.40001
1.40001
1.40001
1.40001
1.40001
1.40001
1.40001
1.40001
1.40001
1.40002
1.40003
1.40007
1.40017
1.4004
1.40098
1.40225
1.40575
1.41297
1.43281
1.47367
1.57168
1.75532
2.17301
3.62186
4.53647
1.40001
1.40001
1.40001
1.40001
1.40001
1.40001
1.40001
1.40001
1.40001
1.40001
1.40002
1.40005
1.40011
1.40027
1.40058
1.40157
1.40334
1.40903
1.41954
1.4501
1.50993
1.64978
1.89606
2.60256
4.37927
1.40001
1.40001
1.40001
1.40001
1.40001
1.40001
1.40001
1.40001
1.40001
1.40001
1.40002
1.40003
1.40008
1.40017
1.40046
1.40096
1.40265
1.4057
1.41523
1.43384
1.48365
1.586
1.8073
2.29952
3.91596
1.40001
1.40001
1.40001
1.40001
1.40001
1.40001
1.40001
1.40001
1.40001
1.40001
1.40001
1.40003
1.40006
1.40013
1.40035
1.40074
1.40208
1.40441
1.41216
1.42661
1.46783
1.55147
1.74288
2.13514
3.36743
1.40001
1.40001
1.40001
1.40001
1.40001
1.40001
1.40001
1.40001
1.40001
1.40001
1.40001
1.40003
1.40005
1.40013
1.40027
1.40072
1.40165
1.40425
1.41003
1.42515
1.45915
1.54029
1.7128
2.07171
3.21791
1.40001
1.40001
1.40001
1.40001
1.40001
1.40001
1.40001
1.40001
1.40001
1.40001
1.40001
1.40002
1.40005
1.40011
1.40027
1.40064
1.4016
1.40392
1.40954
1.42366
1.45647
1.53354
1.70018
2.04011
3.14172
1.40001
1.40001
1.40001
1.40001
1.40001
1.40001
1.40001
1.40001
1.40001
1.40001
1.40001
1.40002
1.40005
1.40011
1.40025
1.40065
1.40145
1.40399
1.4088
1.42367
1.45378
1.53124
1.69173
2.02645
3.09082
1.40001
1.40001
1.40001
1.40001
1.40001
1.40001
1.40001
1.40001
1.40001
1.40001
1.40001
1.40002
1.40004
1.40011
1.40024
1.40062
1.40148
1.40369
1.4091
1.42226
1.45397
1.52739
1.68729
2.01596
3.04546
1.40001
1.40001
1.40001
1.40001
1.40001
1.40001
1.40001
1.40001
1.40001
1.40001
1.40001
1.40002
1.40004
1.40011
1.40024
1.4006
1.40146
1.40361
1.40898
1.42181
1.45319
1.52518
1.68283
2.0054
3.00331
1.40001
1.40001
1.40001
1.40001
1.40001
1.40001
1.40001
1.40001
1.40001
1.40001
1.40001
1.40002
1.40005
1.4001
1.40025
1.40057
1.40148
1.40354
1.40888
1.42158
1.45246
1.52337
1.67921
1.99477
2.96557
1.40001
1.40001
1.40001
1.40001
1.40001
1.40001
1.40001
1.40001
1.40001
1.40001
1.40001
1.40002
1.40005
1.40009
1.40026
1.40054
1.40153
1.40334
1.40915
1.42067
1.45287
1.52081
1.67688
1.98413
2.93305
1.40001
1.40001
1.40001
1.40001
1.40001
1.40001
1.40001
1.40001
1.40001
1.40001
1.40001
1.40002
1.40004
1.40009
1.40025
1.40054
1.40154
1.40327
1.40921
1.42022
1.4528
1.5192
1.67447
1.97547
2.90479
1.40001
1.40001
1.40001
1.40001
1.40001
1.40001
1.40001
1.40001
1.40001
1.40001
1.40001
1.40002
1.40004
1.4001
1.40025
1.40055
1.4015
1.40331
1.40904
1.4203
1.45201
1.51874
1.67152
1.97009
2.8791
1.40001
1.40001
1.40001
1.40001
1.40001
1.40001
1.40001
1.40001
1.40001
1.40001
1.40001
1.40002
1.40004
1.4001
1.40022
1.40062
1.40131
1.40374
1.40802
1.42202
1.44895
1.52107
1.66678
1.96913
2.85568
1.40001
1.40001
1.40001
1.40001
1.40001
1.40001
1.40001
1.40001
1.40001
1.40001
1.40001
1.40002
1.40004
1.4001
1.40023
1.4006
1.40136
1.40363
1.40818
1.42156
1.44924
1.51968
1.66557
1.96991
2.83629
1.40001
1.40001
1.40001
1.40001
1.40001
1.40001
1.40001
1.40001
1.40001
1.40001
1.40001
1.40002
1.40005
1.40009
1.40025
1.40053
1.40151
1.40324
1.40896
1.41994
1.45143
1.51639
1.66674
1.97043
2.82245
1.40001
1.40001
1.40001
1.40001
1.40001
1.40001
1.40001
1.40001
1.40001
1.40001
1.40001
1.40002
1.40005
1.40009
1.40025
1.40055
1.40145
1.40337
1.40865
1.4205
1.45039
1.51732
1.66501
1.97234
2.81469
2.23664
1.77198
2.10331
1.97772
1.8628
1.84061
1.82836
1.80211
1.76582
1.73242
1.70429
1.6768
1.64764
1.61665
1.58495
1.57104
1.56618
1.5653
1.57136
1.5937
1.62914
1.67581
1.72824
1.78278
1.83754
1.8896
1.93907
1.98573
2.02823
2.06865
2.10667
2.14117
2.17469
2.20558
2.23536
2.26209
2.28642
2.30788
2.32726
2.34362
2.36028
2.37409
2.38645
2.39415
2.40172
2.40609
2.4102
2.41153
2.41128
2.40857
2.40575
2.4008
2.39583
2.38855
2.38098
2.37176
2.36211
2.35093
2.34006
2.32723
2.31502
2.30133
2.2877
2.2732
2.25846
2.24343
2.22755
2.21211
2.19565
2.17944
2.16285
2.14593
2.12904
2.1118
2.0944
2.07696
2.05918
2.04148
2.02354
2.00562
1.9876
1.96967
1.95151
1.93384
1.91545
1.89817
1.87963
1.86263
1.84425
1.82735
1.8094
1.7926
1.77531
1.75885
1.74242
1.72699
1.71205
1.69882
1.68689
1.67917
2.75365
2.3399
2.30911
2.08135
1.87876
1.81939
1.78857
1.74133
1.68982
1.64392
1.61449
1.58488
1.55387
1.52131
1.493
1.47241
1.46334
1.45933
1.46059
1.48287
1.51656
1.56595
1.62106
1.68029
1.74105
1.79958
1.85661
1.91044
1.96114
2.011
2.05685
2.09853
2.13853
2.1772
2.21532
2.24866
2.28172
2.31042
2.3383
2.36225
2.38617
2.40599
2.42479
2.43898
2.45176
2.46032
2.46918
2.47445
2.4781
2.4788
2.47896
2.47713
2.47458
2.46939
2.46381
2.45621
2.44785
2.43853
2.42793
2.41704
2.40433
2.39221
2.3776
2.36436
2.34855
2.33407
2.31765
2.30207
2.28508
2.26876
2.25106
2.23426
2.21591
2.19864
2.17984
2.1621
2.14304
2.1249
2.10566
2.08734
2.06785
2.04961
2.02983
2.01182
1.9918
1.97404
1.95402
1.93636
1.91666
1.89902
1.87985
1.86234
1.844
1.82697
1.80958
1.79351
1.77764
1.7637
1.75085
1.74226
3.25185
2.76799
2.53192
2.34428
2.12376
1.992
1.85932
1.76563
1.68821
1.63139
1.59269
1.55676
1.51157
1.47135
1.43801
1.41745
1.40725
1.40223
1.40584
1.42422
1.45579
1.50496
1.56651
1.63209
1.69851
1.7647
1.82891
1.8903
1.94789
2.00348
2.05481
2.10514
2.15203
2.19892
2.24222
2.28389
2.32208
2.35824
2.39065
2.42134
2.44819
2.47376
2.4944
2.51375
2.52802
2.54123
2.55136
2.56102
2.56659
2.56957
2.5702
2.57094
2.56865
2.56616
2.56086
2.55548
2.54742
2.53975
2.52936
2.51964
2.50756
2.4958
2.48252
2.46892
2.45461
2.43959
2.42424
2.40817
2.39183
2.37491
2.3577
2.33999
2.32208
2.30365
2.28519
2.2661
2.24718
2.22761
2.20825
2.18846
2.16866
2.14885
2.12868
2.10889
2.08856
2.06878
2.04851
2.02859
2.00877
1.98879
1.96962
1.94968
1.93108
1.9115
1.89371
1.87501
1.85856
1.84185
1.82818
1.81666
3.50518
3.03228
2.73047
2.51643
2.34191
2.18555
2.07868
1.94028
1.82106
1.70666
1.63656
1.58141
1.5264
1.47487
1.43759
1.41413
1.39945
1.39478
1.40225
1.41792
1.45287
1.50774
1.57603
1.6497
1.72475
1.79885
1.8702
1.93915
2.00419
2.06747
2.12666
2.18491
2.23877
2.29193
2.3404
2.3872
2.42889
2.4682
2.50313
2.53492
2.56357
2.58826
2.61054
2.62812
2.64383
2.65495
2.66549
2.6733
2.6797
2.68015
2.68016
2.67811
2.67522
2.67057
2.66418
2.65674
2.64744
2.63752
2.626
2.61387
2.60056
2.58654
2.5717
2.55627
2.54013
2.52364
2.50638
2.489
2.47082
2.45263
2.43377
2.41484
2.39547
2.3759
2.35612
2.33604
2.31589
2.29555
2.27509
2.25477
2.23401
2.21389
2.19299
2.17299
2.15219
2.13261
2.11214
2.09276
2.07263
2.05339
2.03369
2.01475
1.9955
1.97713
1.95853
1.94121
1.92375
1.90845
1.89358
1.88317
3.63566
3.22345
2.90992
2.67868
2.50781
2.3551
2.23759
2.12594
2.00929
1.90054
1.79739
1.6987
1.62014
1.54705
1.49397
1.46082
1.43999
1.43391
1.44007
1.46287
1.50928
1.57115
1.64563
1.72443
1.80653
1.88886
1.96783
2.04354
2.11518
2.18303
2.24769
2.30823
2.36619
2.4196
2.47062
2.51668
2.55969
2.59831
2.63302
2.66476
2.69164
2.71689
2.73657
2.75526
2.76819
2.7804
2.78796
2.79714
2.80065
2.80341
2.7995
2.79797
2.79165
2.78726
2.77819
2.77055
2.759
2.74846
2.73487
2.72193
2.70665
2.69179
2.67505
2.65868
2.64067
2.62308
2.60403
2.58543
2.56558
2.54606
2.52559
2.50525
2.48422
2.46321
2.44162
2.42018
2.39804
2.37644
2.35376
2.33225
2.30904
2.28775
2.26451
2.2436
2.22036
2.19939
2.1764
2.15547
2.13288
2.11197
2.08992
2.0692
2.04781
2.02755
2.00706
1.9877
1.96866
1.95111
1.93492
1.92183
3.71761
3.35972
3.06538
2.83097
2.64978
2.50185
2.37643
2.26814
2.16359
2.06294
1.96887
1.8795
1.79268
1.72041
1.65599
1.60759
1.5802
1.56858
1.57626
1.59894
1.64598
1.70482
1.77542
1.85023
1.93087
2.01604
2.09963
2.18089
2.25498
2.32551
2.38868
2.44892
2.50236
2.55292
2.59766
2.63939
2.67623
2.7095
2.7389
2.7645
2.78741
2.80648
2.82332
2.83647
2.84741
2.85495
2.8609
2.86601
2.86902
2.86942
2.8651
2.86014
2.85333
2.84632
2.83723
2.82773
2.81629
2.8044
2.79085
2.77692
2.76157
2.74594
2.72908
2.71201
2.69387
2.6756
2.65642
2.63713
2.61712
2.597
2.57632
2.55555
2.53429
2.51311
2.49137
2.46998
2.44784
2.42648
2.40401
2.38289
2.36045
2.33952
2.31683
2.2959
2.27324
2.25213
2.22969
2.20843
2.18641
2.16505
2.14352
2.1222
2.10123
2.08015
2.05987
2.03944
2.0203
2.00138
1.9847
1.96977
3.77238
3.46308
3.1899
2.96302
2.77828
2.62808
2.5015
2.39429
2.2928
2.20103
2.11163
2.03205
1.96022
1.89885
1.85043
1.81351
1.79387
1.78636
1.80006
1.82204
1.85902
1.90035
1.95141
2.0075
2.06376
2.13454
2.21386
2.29264
2.36689
2.43261
2.49221
2.54507
2.59301
2.63639
2.67631
2.71279
2.74585
2.77569
2.80197
2.8262
2.84617
2.865
2.87926
2.893
2.90209
2.91073
2.91493
2.92074
2.92285
2.92483
2.92058
2.91604
2.90886
2.90182
2.89273
2.88317
2.87186
2.85982
2.84635
2.83216
2.81676
2.80075
2.78368
2.76612
2.74765
2.72876
2.70913
2.68911
2.66851
2.6475
2.62611
2.60428
2.58223
2.55988
2.53732
2.51474
2.49189
2.46968
2.44681
2.4248
2.40176
2.37981
2.35665
2.33466
2.31158
2.28953
2.26668
2.2446
2.22212
2.20006
2.17802
2.1561
2.1346
2.11303
2.09222
2.07135
2.05165
2.03225
2.01492
1.99915
3.80617
3.53876
3.28816
3.07125
2.88899
2.73733
2.61036
2.50176
2.40591
2.31597
2.23776
2.16739
2.11271
2.07047
2.04048
2.01815
2.01569
2.02722
2.03738
2.05094
2.0655
2.07614
2.0899
2.11227
2.14357
2.18542
2.24233
2.31558
2.39213
2.46342
2.52672
2.58207
2.63154
2.67559
2.7166
2.7545
2.7892
2.82132
2.85004
2.87581
2.89854
2.91887
2.93555
2.95016
2.96115
2.96998
2.97526
2.98052
2.98417
2.98641
2.98454
2.97993
2.97351
2.96578
2.95718
2.94702
2.9363
2.92373
2.91088
2.89611
2.88126
2.86452
2.84783
2.82937
2.81107
2.79118
2.77159
2.75053
2.72992
2.70791
2.68632
2.66357
2.6411
2.61784
2.59473
2.57156
2.54823
2.52514
2.50163
2.47865
2.45507
2.43215
2.40866
2.38579
2.36254
2.33967
2.31675
2.2939
2.27138
2.24861
2.22653
2.20397
2.18236
2.16019
2.13918
2.11772
2.09767
2.0776
2.05978
2.04308
3.83224
3.59548
3.36756
3.16153
2.9841
2.8328
2.70544
2.59702
2.50266
2.42136
2.3499
2.29576
2.26505
2.2368
2.22283
2.22927
2.26081
2.27317
2.27653
2.27911
2.2729
2.24094
2.21818
2.21878
2.2343
2.25984
2.29967
2.3529
2.42239
2.49968
2.57284
2.63753
2.69346
2.74224
2.78504
2.82347
2.85732
2.88808
2.91476
2.93879
2.95951
2.97722
2.99178
3.00454
3.01348
3.02133
3.02462
3.02872
3.03045
3.03211
3.02983
3.02508
3.01732
3.00908
2.99884
2.98832
2.97602
2.96332
2.9489
2.93406
2.91763
2.90088
2.88272
2.86436
2.84473
2.82495
2.80405
2.78301
2.76098
2.73892
2.71595
2.6932
2.66957
2.64671
2.62294
2.60027
2.57631
2.55376
2.52961
2.50712
2.48289
2.46037
2.43619
2.4136
2.38962
2.36699
2.34338
2.32076
2.29762
2.27509
2.25246
2.23014
2.20808
2.18616
2.16481
2.14359
2.1233
2.10337
2.0853
2.06853
3.85235
3.63975
3.43121
3.2379
3.06637
2.91775
2.79103
2.68343
2.59292
2.51837
2.462
2.43407
2.41459
2.40351
2.42008
2.48042
2.52111
2.51855
2.51662
2.50452
2.46275
2.39974
2.35177
2.32488
2.32471
2.33797
2.35698
2.39305
2.4375
2.49558
2.56559
2.63322
2.69532
2.74898
2.79525
2.83436
2.86843
2.89841
2.92447
2.94828
2.968
2.98593
3.0011
3.01374
3.0234
3.03145
3.03594
3.03956
3.0418
3.04358
3.04294
3.0391
3.03261
3.02457
3.01504
3.00439
2.9926
2.97979
2.96591
2.95111
2.93526
2.91864
2.90096
2.88264
2.86333
2.84352
2.82283
2.80176
2.77986
2.75774
2.73477
2.71192
2.68845
2.6654
2.64152
2.61835
2.59417
2.57094
2.54667
2.52346
2.49932
2.4762
2.45237
2.42934
2.40591
2.38297
2.35993
2.33708
2.31444
2.29172
2.26948
2.24698
2.22521
2.20307
2.18192
2.1604
2.14024
2.11997
2.10193
2.08475
3.87159
3.67668
3.48464
3.30287
3.13843
2.9938
2.86907
2.76513
2.67989
2.61574
2.5899
2.57207
2.56775
2.58801
2.6678
2.74844
2.76642
2.7617
2.74657
2.70657
2.62417
2.54584
2.48402
2.44236
2.42054
2.4186
2.42897
2.44326
2.47126
2.50895
2.55518
2.61528
2.68026
2.74288
2.79838
2.84573
2.88551
2.919
2.94768
2.97219
2.99385
3.01235
3.02854
3.04228
3.05317
3.06227
3.06806
3.0715
3.07346
3.07519
3.07495
3.07227
3.06624
3.05836
3.04897
3.03814
3.02642
3.01334
2.99964
2.98447
2.96883
2.95165
2.93418
2.91517
2.89608
2.87554
2.85504
2.83325
2.81146
2.78865
2.76591
2.74275
2.7194
2.69604
2.67219
2.6487
2.62449
2.6009
2.5765
2.55283
2.52844
2.50475
2.48053
2.45691
2.43301
2.40956
2.38606
2.36288
2.33986
2.31699
2.29448
2.27199
2.25004
2.22803
2.2068
2.18549
2.16535
2.14531
2.12735
2.11051
3.89062
3.71073
3.53177
3.36181
3.20409
3.06534
2.94438
2.84674
2.77062
2.73584
2.72332
2.72192
2.74686
2.83047
2.94549
3.00542
2.99885
2.98653
2.9521
2.87036
2.77249
2.68664
2.61726
2.56593
2.52967
2.50973
2.50042
2.50852
2.51747
2.53457
2.56524
2.59989
2.6462
2.70614
2.76612
2.8212
2.86845
2.90836
2.94078
2.96785
2.99013
3.00879
3.02509
3.0381
3.04931
3.05818
3.06451
3.06859
3.07007
3.07181
3.07191
3.07084
3.06591
3.05918
3.05034
3.0403
3.0288
3.01637
3.00271
2.98815
2.9724
2.95578
2.93808
2.91962
2.90021
2.88019
2.85929
2.83793
2.81569
2.79343
2.77041
2.74766
2.72403
2.70097
2.67693
2.65372
2.62947
2.60619
2.58191
2.55862
2.53446
2.5112
2.48729
2.46411
2.44052
2.41747
2.39428
2.37142
2.34867
2.32606
2.30381
2.28157
2.25989
2.23817
2.21726
2.19636
2.1766
2.15717
2.13961
2.1238
3.91039
3.74167
3.57361
3.41427
3.26534
3.1341
3.02187
2.93314
2.88518
2.87286
2.87229
2.89947
2.97935
3.117
3.21353
3.22027
3.21066
3.18139
3.10918
3.00368
2.90385
2.8191
2.74823
2.69136
2.6455
2.61125
2.58687
2.57319
2.57022
2.57688
2.58677
2.60751
2.63242
2.66988
2.72171
2.77731
2.83162
2.88018
2.92163
2.95537
2.9828
3.00508
3.02332
3.03875
3.05115
3.06156
3.06958
3.07551
3.07826
3.08024
3.08128
3.08112
3.07849
3.07277
3.06515
3.05564
3.04501
3.03274
3.01961
3.00496
2.98958
2.97285
2.9555
2.937
2.91792
2.89788
2.87719
2.85577
2.83383
2.81155
2.78871
2.76578
2.74216
2.71876
2.69458
2.67091
2.64641
2.62263
2.59808
2.57427
2.54988
2.52613
2.50206
2.47844
2.45478
2.43139
2.4082
2.38513
2.36244
2.33975
2.3176
2.2954
2.2739
2.25234
2.23173
2.21116
2.1919
2.17309
2.15617
2.1417
3.93647
3.77508
3.61641
3.46554
3.3266
3.2051
3.10667
3.04052
3.02812
3.02795
3.05241
3.12494
3.27736
3.39697
3.42708
3.41835
3.39229
3.32994
3.22321
3.11912
3.02663
2.94682
2.8768
2.81599
2.76299
2.71785
2.68117
2.6518
2.63355
2.6203
2.62403
2.62955
2.64103
2.66081
2.68688
2.72901
2.77946
2.83159
2.88038
2.92248
2.95777
2.98557
3.00841
3.02583
3.04064
3.05175
3.06094
3.06784
3.07205
3.07392
3.07509
3.07564
3.07464
3.07059
3.06402
3.05544
3.04549
3.03386
3.02121
3.007
2.99198
2.97558
2.95852
2.94027
2.9214
2.90146
2.88087
2.85962
2.83782
2.81573
2.79296
2.77022
2.74668
2.72347
2.69939
2.67588
2.65154
2.62786
2.60354
2.57982
2.55571
2.53206
2.50829
2.48485
2.46148
2.43836
2.41544
2.39271
2.3703
2.348
2.32618
2.30443
2.28335
2.26236
2.2423
2.22249
2.20402
2.18638
2.17052
2.15789
3.96281
3.81045
3.66024
3.52013
3.39182
3.28733
3.20811
3.19276
3.19135
3.2119
3.28119
3.43804
3.56868
3.61607
3.60927
3.58642
3.53062
3.42693
3.32364
3.2295
3.14577
3.06967
3.00046
2.93648
2.87809
2.8252
2.77862
2.73859
2.70698
2.68158
2.66759
2.65807
2.66359
2.66914
2.68074
2.70094
2.73211
2.7768
2.82502
2.8726
2.91599
2.95314
2.98332
3.00744
3.02569
3.04029
3.05087
3.05933
3.06527
3.06865
3.07028
3.07151
3.07173
3.07
3.06513
3.0578
3.0489
3.03799
3.02596
3.01222
2.99765
2.98164
2.96492
2.94699
2.9283
2.90859
2.88816
2.86719
2.84547
2.82354
2.80078
2.77809
2.75453
2.73127
2.70718
2.68355
2.65925
2.63543
2.61117
2.58735
2.56332
2.53964
2.51596
2.49254
2.46927
2.44621
2.42342
2.4008
2.37853
2.35643
2.33481
2.31336
2.29267
2.27215
2.25285
2.23388
2.21666
2.20069
2.18616
2.17586
3.99766
3.84879
3.71061
3.58197
3.47259
3.3867
3.36244
3.35957
3.38042
3.45036
3.60729
3.74053
3.79448
3.78802
3.76542
3.71175
3.61376
3.51317
3.42196
3.33788
3.26146
3.18839
3.11941
3.05287
2.99041
2.93166
2.87843
2.83008
2.789
2.75315
2.72552
2.70375
2.69114
2.68737
2.69187
2.69769
2.71028
2.73394
2.76917
2.81229
2.85831
2.90217
2.94152
2.97377
2.99997
3.0194
3.03461
3.04522
3.05314
3.05839
3.06068
3.06208
3.06283
3.06227
3.05957
3.05361
3.04578
3.03581
3.02466
3.01171
2.99786
2.98243
2.96624
2.94867
2.93026
2.91083
2.89074
2.87001
2.84859
2.82684
2.80433
2.7818
2.75844
2.73533
2.7114
2.6879
2.6637
2.63998
2.6158
2.59206
2.56814
2.54455
2.52106
2.49776
2.47478
2.45188
2.42946
2.40706
2.38527
2.36348
2.34248
2.32152
2.3016
2.28191
2.26369
2.24607
2.23076
2.21655
2.20358
2.19717
4.04281
3.89732
3.76667
3.65768
3.57208
3.54472
3.53996
3.5607
3.63211
3.7896
3.92046
3.97187
3.96504
3.94021
3.88177
3.78461
3.68883
3.60047
3.52091
3.44582
3.37386
3.30275
3.23294
3.16492
3.09894
3.03651
2.97771
2.92371
2.87496
2.83082
2.79338
2.76102
2.73608
2.71802
2.70796
2.70859
2.71202
2.71834
2.73196
2.75944
2.79731
2.84105
2.88512
2.92612
2.96091
2.98916
3.01011
3.02611
3.0368
3.04438
3.04899
3.05058
3.05195
3.05236
3.05175
3.04795
3.04184
3.03313
3.0232
3.01107
2.99798
2.98302
2.96723
2.94983
2.93167
2.91248
2.89261
2.87211
2.85089
2.82932
2.80703
2.78461
2.76153
2.73846
2.71487
2.69139
2.66756
2.64389
2.62006
2.59639
2.57273
2.54924
2.52591
2.50275
2.47985
2.45714
2.43484
2.41266
2.3912
2.36969
2.34937
2.32888
2.31014
2.2914
2.27495
2.25951
2.2462
2.23448
2.22467
2.2234
4.10183
3.9586
3.84274
3.7561
3.73234
3.7265
3.75132
3.83077
3.9916
4.11796
4.15844
4.1495
4.11921
4.04829
3.94927
3.8536
3.76915
3.69289
3.62139
3.55204
3.48201
3.41213
3.34162
3.27217
3.20409
3.13848
3.07639
3.01759
2.96325
2.91281
2.86781
2.8274
2.79291
2.76452
2.74197
2.72736
2.7227
2.72149
2.7243
2.73268
2.74818
2.78108
2.82
2.86306
2.90503
2.94203
2.97299
2.99646
3.01407
3.02553
3.03334
3.0372
3.03893
3.03973
3.0402
3.03838
3.03405
3.02665
3.01803
3.0068
2.99473
2.98048
2.96537
2.9485
2.93088
2.91217
2.8927
2.87262
2.85164
2.83048
2.8083
2.78632
2.76325
2.74063
2.71697
2.69386
2.66994
2.64651
2.62266
2.59909
2.57563
2.55209
2.52921
2.50589
2.48374
2.46084
2.43952
2.4173
2.39688
2.37575
2.35647
2.33702
2.31953
2.30269
2.28856
2.27537
2.26465
2.25677
2.25286
2.25449
4.17605
4.03419
3.94065
3.92372
3.91542
3.94751
4.04541
4.21141
4.33266
4.35829
4.3456
4.30644
4.21876
4.11255
4.01505
3.93131
3.85739
3.78975
3.72302
3.65626
3.58705
3.51763
3.44645
3.3763
3.3065
3.23936
3.17418
3.11234
3.05384
2.99895
2.94826
2.90157
2.85921
2.82198
2.78947
2.76401
2.74367
2.73491
2.72774
2.72792
2.73173
2.74209
2.76228
2.7976
2.83724
2.87886
2.91785
2.95156
2.97779
2.99758
3.01066
3.01898
3.02295
3.02426
3.02523
3.02479
3.02253
3.01717
3.0097
3.00004
2.98885
2.97572
2.96128
2.9451
2.92808
2.90981
2.89092
2.87115
2.85076
2.82977
2.80811
2.78617
2.76354
2.74091
2.7177
2.69458
2.67114
2.64771
2.62434
2.60084
2.57776
2.55446
2.53181
2.50897
2.48689
2.46479
2.44343
2.42238
2.40203
2.38245
2.36368
2.34631
2.33016
2.31674
2.30434
2.29491
2.28809
2.2873
2.28693
2.2936
4.28314
4.14421
4.11835
4.10826
4.14628
4.27116
4.45017
4.56692
4.57663
4.55916
4.50979
4.39932
4.28337
4.18057
4.09448
4.02071
3.95376
3.88965
3.82516
3.75889
3.69048
3.62043
3.5492
3.47792
3.40716
3.33823
3.27087
3.2066
3.1447
3.08619
3.03092
2.97887
2.93091
2.88659
2.84678
2.81214
2.7822
2.75954
2.74383
2.73533
2.72718
2.73102
2.7363
2.74825
2.77215
2.80787
2.84821
2.88843
2.92459
2.95464
2.97723
2.99262
3.00212
3.00599
3.00765
3.00776
3.00762
3.0037
2.99833
2.98936
2.97988
2.96742
2.95435
2.93892
2.92295
2.90532
2.88715
2.86793
2.848
2.82745
2.80617
2.78448
2.76233
2.73971
2.71718
2.6939
2.67131
2.64765
2.62516
2.60144
2.57913
2.55573
2.53376
2.51107
2.48958
2.46804
2.44728
2.42728
2.40785
2.38987
2.37269
2.35777
2.34485
2.334
2.32481
2.32141
2.32085
2.32138
2.32795
2.34941
4.38174
4.33338
4.32187
4.36077
4.50946
4.70852
4.8264
4.81556
4.78991
4.72606
4.59103
4.4621
4.35245
4.2621
4.18653
4.11912
4.05557
3.99195
3.92738
3.86008
3.79127
3.72029
3.64883
3.57661
3.5056
3.43503
3.367
3.30036
3.2364
3.17466
3.11565
3.05961
3.00658
2.95714
2.91094
2.86932
2.83156
2.79935
2.77251
2.75242
2.73982
2.72917
2.72383
2.727
2.73476
2.74917
2.77905
2.81467
2.85425
2.89198
2.92472
2.95025
2.96835
2.97945
2.98521
2.98612
2.98709
2.98566
2.98257
2.97548
2.96709
2.95604
2.9439
2.92993
2.91468
2.89834
2.88058
2.86235
2.84267
2.82291
2.80181
2.78085
2.7588
2.73693
2.7144
2.69188
2.66926
2.64638
2.62399
2.60102
2.57905
2.55629
2.53491
2.51277
2.49219
2.47113
2.45178
2.43241
2.41493
2.39835
2.38401
2.3723
2.36257
2.35439
2.35343
2.35332
2.35652
2.36417
2.38119
2.42974
4.49102
4.51964
4.60717
4.80367
4.99445
5.0981
5.08135
5.04164
4.94958
4.79964
4.65631
4.53679
4.43991
4.35915
4.28889
4.22312
4.15905
4.09423
4.02812
3.9597
3.88997
3.81853
3.74669
3.67428
3.60282
3.53167
3.46229
3.39381
3.32774
3.26338
3.20142
3.14224
3.08505
3.03156
2.98037
2.93324
2.88935
2.8497
2.8145
2.78434
2.75972
2.74323
2.72862
2.71652
2.71674
2.71996
2.72863
2.74572
2.77755
2.81382
2.8518
2.88722
2.91643
2.93839
2.95225
2.95988
2.96117
2.96148
2.96044
2.9568
2.94955
2.93989
2.92863
2.91606
2.90203
2.88692
2.87032
2.853
2.83426
2.81531
2.79491
2.77481
2.75321
2.7323
2.70988
2.68844
2.66561
2.64394
2.62121
2.59952
2.57736
2.55593
2.5346
2.51386
2.49366
2.47419
2.45576
2.43842
2.42295
2.40934
2.39914
2.39034
2.38519
2.38439
2.38569
2.39013
2.40384
2.43258
2.45883
2.52463
4.6847
4.86001
5.11639
5.32833
5.40791
5.37973
5.31927
5.18483
5.01988
4.86453
4.73472
4.62867
4.54246
4.46757
4.39943
4.33368
4.26742
4.2007
4.13172
4.06242
3.99035
3.91878
3.8451
3.77299
3.69935
3.62802
3.55615
3.48691
3.41835
3.35221
3.2878
3.22553
3.1656
3.10811
3.05318
3.00132
2.95219
2.90676
2.86455
2.82658
2.79297
2.76385
2.74275
2.72353
2.70907
2.69793
2.69995
2.705
2.71526
2.73675
2.76865
2.8055
2.8416
2.87405
2.89934
2.91707
2.92709
2.92971
2.93043
2.9294
2.92647
2.91848
2.90877
2.89722
2.88449
2.87044
2.85512
2.83879
2.82123
2.80302
2.78376
2.76423
2.74377
2.72338
2.70207
2.68116
2.65941
2.63824
2.61658
2.59549
2.57434
2.55379
2.53347
2.51404
2.49508
2.47745
2.46084
2.44625
2.43381
2.425
2.41674
2.41518
2.41494
2.41654
2.42577
2.44468
2.47552
2.51905
2.55467
2.62477
5.00879
5.42079
5.69186
5.74899
5.71961
5.63204
5.44063
5.25344
5.08903
4.94939
4.83526
4.73982
4.6585
4.58491
4.51366
4.44392
4.37282
4.30271
4.23045
4.15961
4.08576
4.01389
3.93934
3.86702
3.79293
3.72104
3.64886
3.57844
3.50886
3.44071
3.37406
3.30908
3.24611
3.18528
3.12686
3.07064
3.01752
2.96633
2.91911
2.87384
2.83351
2.79588
2.76385
2.73696
2.71528
2.69535
2.68042
2.67516
2.67728
2.68298
2.69486
2.72103
2.75307
2.7894
2.82346
2.85252
2.87336
2.88625
2.89166
2.89199
2.89159
2.8885
2.88182
2.87153
2.86033
2.84678
2.83322
2.81753
2.80201
2.78436
2.76704
2.74792
2.72929
2.70939
2.68978
2.66946
2.64923
2.62877
2.60845
2.58828
2.56846
2.54914
2.53047
2.5126
2.49592
2.4806
2.46728
2.45674
2.4492
2.44386
2.44302
2.44369
2.44933
2.46139
2.48875
2.52468
2.56744
2.61829
2.65685
2.71866
5.6133
6.10724
6.13509
6.09107
5.95995
5.71833
5.49546
5.31323
5.16766
5.0483
4.94772
4.85947
4.77913
4.70321
4.62907
4.55617
4.48271
4.40953
4.33551
4.26169
4.18748
4.11305
4.03885
3.96441
3.89079
3.8169
3.7442
3.67151
3.59996
3.52917
3.45969
3.3921
3.32577
3.26184
3.19953
3.13966
3.08209
3.02667
2.97437
2.92409
2.87763
2.83355
2.79394
2.75778
2.72693
2.70182
2.67758
2.65853
2.64372
2.64429
2.64653
2.65278
2.66677
2.69524
2.72856
2.76235
2.7942
2.8183
2.83515
2.84444
2.84522
2.84521
2.84319
2.83834
2.82852
2.81665
2.80378
2.78961
2.77527
2.75928
2.74337
2.72578
2.70841
2.6899
2.67155
2.6527
2.6339
2.61498
2.59618
2.57763
2.55939
2.54195
2.52512
2.50983
2.4958
2.48403
2.47595
2.46961
2.46807
2.46801
2.47102
2.47918
2.50032
2.53171
2.57295
2.62051
2.66897
2.71789
2.75066
2.79661
6.22852
6.51107
6.46094
6.26936
5.98274
5.7395
5.53982
5.38378
5.26188
5.16
5.06867
4.98231
4.89914
4.81829
4.73902
4.66165
4.58493
4.50924
4.43355
4.35802
4.28235
4.20639
4.13055
4.05498
3.97962
3.90485
3.83014
3.75633
3.68282
3.61079
3.53912
3.46946
3.40048
3.33397
3.26857
3.2055
3.14431
3.08502
3.02845
2.97357
2.92196
2.87233
2.82637
2.7831
2.74412
2.70882
2.67953
2.6528
2.62852
2.61093
2.6019
2.60212
2.60462
2.61214
2.63013
2.65907
2.69276
2.72498
2.75296
2.77346
2.78597
2.7904
2.79051
2.78952
2.7854
2.77724
2.7655
2.75369
2.73981
2.7262
2.71119
2.69618
2.68021
2.664
2.64739
2.63032
2.6135
2.59614
2.57951
2.56271
2.54695
2.5318
2.51806
2.50609
2.49614
2.49063
2.48724
2.48693
2.48879
2.4949
2.51019
2.53744
2.5749
2.62021
2.67042
2.72071
2.76532
2.80371
2.82552
2.85491
6.50724
6.5774
6.46808
6.16567
5.91183
5.71019
5.55464
5.4374
5.34183
5.25543
5.17128
5.08645
5.00164
4.91813
4.83579
4.75589
4.67706
4.59964
4.52269
4.44589
4.3694
4.29261
4.21608
4.13923
4.06295
3.98648
3.9105
3.83513
3.75969
3.68607
3.61179
3.54046
3.46827
3.3994
3.33041
3.26415
3.19915
3.13612
3.07551
3.01658
2.96051
2.9065
2.85539
2.80703
2.76169
2.71999
2.68163
2.64906
2.6179
2.59039
2.56748
2.55183
2.54789
2.54823
2.55163
2.56184
2.58448
2.61469
2.64623
2.67732
2.70062
2.7174
2.72555
2.72648
2.72635
2.72423
2.71858
2.70836
2.69655
2.68388
2.67112
2.65771
2.64415
2.63005
2.61579
2.60131
2.58658
2.57219
2.55768
2.54411
2.53103
2.51947
2.50958
2.50238
2.49905
2.49882
2.4999
2.5042
2.51564
2.53854
2.57222
2.61456
2.66415
2.71645
2.76614
2.80975
2.84239
2.86732
2.87711
2.89513
6.40625
6.37788
6.1862
5.94158
5.76189
5.62651
5.53008
5.45155
5.3802
5.3076
5.23112
5.15028
5.06713
4.98462
4.90312
4.82381
4.74538
4.66789
4.591
4.51361
4.43709
4.35933
4.28254
4.20485
4.1283
4.05062
3.97395
3.89694
3.82049
3.74487
3.66919
3.59544
3.52139
3.44984
3.37845
3.30949
3.2417
3.17597
3.1122
3.05043
2.99088
2.93354
2.87851
2.82578
2.77592
2.72827
2.68459
2.64325
2.60781
2.57384
2.54391
2.51681
2.49865
2.48515
2.48382
2.48445
2.48968
2.50218
2.52914
2.55945
2.59164
2.61736
2.63845
2.64941
2.65408
2.65451
2.65397
2.65094
2.64253
2.63236
2.62144
2.61008
2.59872
2.5871
2.57534
2.56353
2.55183
2.54045
2.52961
2.51993
2.51121
2.50508
2.50104
2.50165
2.50301
2.50701
2.51578
2.5343
2.56259
2.60233
2.64986
2.703
2.7559
2.80493
2.84487
2.87538
2.89474
2.90744
2.91059
2.92083
6.27316
6.15001
5.87207
5.70908
5.60414
5.52365
5.45852
5.40292
5.34927
5.29186
5.2282
5.15841
5.08456
5.00881
4.93208
4.85588
4.78013
4.70438
4.6287
4.55218
4.47558
4.39854
4.32143
4.24418
4.16689
4.08973
4.01229
3.93513
3.85779
3.78125
3.7046
3.62937
3.55414
3.4809
3.40791
3.33732
3.26734
3.20005
3.1336
3.0701
3.00749
2.94796
2.88941
2.83414
2.77995
2.72952
2.68039
2.63571
2.59262
2.55547
2.51934
2.48759
2.458
2.43652
2.41968
2.41299
2.41173
2.41225
2.41964
2.43871
2.46615
2.49744
2.52556
2.54987
2.56369
2.57333
2.57462
2.57556
2.57494
2.57085
2.56288
2.55375
2.54469
2.53584
2.52719
2.51878
2.51066
2.50323
2.49665
2.49201
2.48842
2.48996
2.49276
2.49714
2.50528
2.52136
2.54553
2.5824
2.62702
2.67963
2.73444
2.78785
2.83423
2.87125
2.89788
2.91484
2.92427
2.92862
2.92988
2.93534
6.18823
6.01529
5.71656
5.5761
5.48806
5.42016
5.36167
5.31021
5.25961
5.20829
5.15306
5.09437
5.03316
4.96919
4.90488
4.83854
4.77179
4.70339
4.6336
4.5624
4.48858
4.41371
4.33586
4.25823
4.17879
4.10089
4.02151
3.94419
3.86565
3.78943
3.71222
3.63725
3.5615
3.48805
3.41408
3.34291
3.27136
3.20336
3.13485
3.07043
3.00571
2.94468
2.88466
2.82695
2.77215
2.71845
2.66887
2.62007
2.57599
2.53265
2.49507
2.45753
2.42466
2.39265
2.36834
2.34798
2.33472
2.33114
2.3304
2.33281
2.34411
2.36875
2.39853
2.42813
2.45277
2.47166
2.48267
2.4885
2.49035
2.49193
2.49161
2.48697
2.48137
2.47596
2.47072
2.46667
2.46294
2.46121
2.45968
2.46283
2.46665
2.47283
2.4812
2.49578
2.51668
2.55005
2.5924
2.64281
2.69876
2.75431
2.80637
2.84962
2.88313
2.90647
2.92106
2.92911
2.93215
2.93327
2.93375
2.93773
6.1218
5.95544
5.65391
5.50239
5.39828
5.32584
5.26247
5.21161
5.16133
5.11471
5.06706
5.01766
4.96835
4.91471
4.86092
4.8025
4.74174
4.67723
4.60877
4.53702
4.46183
4.38358
4.30462
4.22318
4.14428
4.06459
3.98794
3.91057
3.83542
3.75904
3.68447
3.60829
3.53437
3.45893
3.3867
3.31342
3.24388
3.17431
3.10795
3.04286
2.98033
2.91943
2.8617
2.80445
2.7517
2.69829
2.64937
2.60045
2.55416
2.50987
2.46639
2.4271
2.38752
2.35199
2.3177
2.2904
2.26667
2.24928
2.24358
2.24082
2.24036
2.24782
2.26692
2.29517
2.32406
2.35047
2.3722
2.38583
2.39587
2.39983
2.40355
2.40538
2.407
2.40382
2.40346
2.4017
2.40427
2.4074
2.41577
2.42208
2.43496
2.44985
2.46935
2.5011
2.54016
2.59028
2.64519
2.70407
2.75994
2.81011
2.85045
2.88104
2.90179
2.91541
2.92276
2.92552
2.92691
2.92769
2.92699
2.93089
6.06034
5.91636
5.62321
5.45553
5.34315
5.25898
5.19593
5.14108
5.09524
5.05035
5.00936
4.96492
4.91939
4.86892
4.81312
4.7545
4.68799
4.62123
4.54727
4.47379
4.39642
4.31935
4.24146
4.1639
4.08644
4.01025
3.9338
3.85803
3.78204
3.70538
3.6302
3.55355
3.48024
3.40577
3.33565
3.2651
3.19905
3.13331
3.07131
3.01058
2.9522
2.89574
2.84068
2.78704
2.73482
2.68284
2.63231
2.58206
2.53217
2.48446
2.43624
2.39175
2.34832
2.30804
2.27004
2.23601
2.2071
2.18313
2.16496
2.15569
2.15335
2.15248
2.1572
2.1714
2.19818
2.22617
2.25515
2.27843
2.29664
2.30963
2.31872
2.32522
2.32917
2.335
2.33732
2.34308
2.34821
2.35846
2.36773
2.38647
2.40508
2.43192
2.4706
2.51637
2.57232
2.63083
2.69225
2.74778
2.79715
2.83538
2.86443
2.8842
2.89761
2.90517
2.90916
2.91052
2.91159
2.91122
2.90949
2.91238
6.00101
5.88059
5.60566
5.42642
5.30665
5.22168
5.15626
5.10525
5.06
5.01792
4.97598
4.92957
4.87933
4.82309
4.7609
4.69567
4.62606
4.55428
4.48249
4.40629
4.33409
4.25564
4.18224
4.10322
4.02737
3.94858
3.87173
3.79408
3.71806
3.64226
3.5687
3.49646
3.42638
3.35921
3.29291
3.23104
3.16829
3.11065
3.05098
2.99578
2.93855
2.88406
2.8283
2.77361
2.71835
2.6636
2.6087
2.55509
2.50148
2.45089
2.40053
2.35416
2.30957
2.26828
2.23004
2.1935
2.16214
2.13294
2.10999
2.091
2.0799
2.07735
2.07595
2.07981
2.09184
2.11805
2.14759
2.17933
2.20621
2.22934
2.24729
2.26084
2.27146
2.28148
2.28979
2.30045
2.3106
2.32899
2.34598
2.3685
2.40021
2.44336
2.4938
2.55284
2.61378
2.67573
2.7299
2.77786
2.81315
2.84079
2.85864
2.87121
2.87807
2.88161
2.88209
2.8818
2.88076
2.87786
2.87458
2.87464
5.94585
5.84716
5.59073
5.40378
5.28161
5.20236
5.13999
5.09043
5.04806
5.00759
4.96069
4.90942
4.85024
4.78884
4.72222
4.65451
4.58462
4.5122
4.43927
4.36349
4.28697
4.20934
4.12972
4.05191
3.97052
3.89409
3.81398
3.74074
3.66515
3.59585
3.52595
3.46084
3.39612
3.33468
3.27383
3.2148
3.15611
3.09819
3.04
2.98217
2.92358
2.86539
2.80671
2.74854
2.69099
2.634
2.57903
2.52465
2.47325
2.4226
2.37495
2.32848
2.28458
2.24207
2.20247
2.16363
2.12829
2.09504
2.06642
2.042
2.02334
2.01193
2.01077
2.01173
2.01671
2.02937
2.05593
2.08888
2.1223
2.15386
2.18138
2.20493
2.2239
2.24056
2.25656
2.27344
2.2939
2.31618
2.34359
2.38067
2.42473
2.4787
2.5379
2.59894
2.65773
2.70833
2.75148
2.78207
2.8065
2.82099
2.83224
2.83733
2.84097
2.84094
2.84014
2.83811
2.83586
2.83091
2.82652
2.82445
5.89718
5.81693
5.5764
5.38232
5.26002
5.18783
5.13327
5.09037
5.05085
5.00903
4.96039
4.90463
4.84303
4.77726
4.70977
4.64044
4.56952
4.49667
4.42032
4.34242
4.26098
4.17956
4.09634
4.01475
3.93401
3.85518
3.78037
3.70681
3.63896
3.57137
3.50865
3.44559
3.38554
3.32466
3.26536
3.20489
3.14525
3.08432
3.02426
2.96305
2.90337
2.84309
2.78493
2.7268
2.67093
2.61553
2.56223
2.50963
2.45871
2.40883
2.35994
2.31308
2.26635
2.22303
2.17993
2.1404
2.10235
2.06798
2.03654
2.01004
1.98724
1.97175
1.96155
1.96261
1.96505
1.97132
1.98454
2.01222
2.04594
2.08301
2.11788
2.14983
2.17848
2.20393
2.22841
2.25391
2.28227
2.3144
2.35422
2.4014
2.45574
2.51386
2.57311
2.62743
2.67565
2.71233
2.74236
2.7619
2.77715
2.78584
2.79314
2.79559
2.79747
2.79565
2.79419
2.79078
2.78753
2.78064
2.77511
2.77109
5.85717
5.79114
5.56037
5.36072
5.23897
5.17406
5.12932
5.09557
5.06196
5.01738
4.96789
4.90945
4.84889
4.78272
4.7146
4.64388
4.57107
4.4959
4.41787
4.3363
4.25276
4.16676
4.0819
3.99708
3.91679
3.83811
3.76552
3.69468
3.62934
3.56456
3.50321
3.4415
3.38087
3.31992
3.25845
3.19721
3.13515
3.07396
3.01253
2.95241
2.89259
2.83427
2.77638
2.72019
2.66436
2.61017
2.55651
2.50408
2.4526
2.402
2.35281
2.30435
2.25805
2.21225
2.1698
2.12769
2.09018
2.05247
2.02126
1.98983
1.9662
1.94402
1.92999
1.92105
1.92354
1.92633
1.93303
1.94707
1.97532
2.01046
2.05072
2.09016
2.12839
2.16441
2.19918
2.23621
2.27397
2.31829
2.36946
2.42551
2.48437
2.54172
2.59488
2.63877
2.67542
2.70188
2.72246
2.73624
2.74684
2.7535
2.75802
2.7596
2.76032
2.75751
2.75461
2.74965
2.74538
2.73761
2.7311
2.72588
5.82777
5.76963
5.54322
5.33865
5.21854
5.16131
5.12923
5.10448
5.0716
5.02902
4.97633
4.91934
4.85822
4.79418
4.72624
4.65371
4.57962
4.50174
4.42247
4.33824
4.25258
4.16382
4.07697
3.99121
3.91091
3.83363
3.76266
3.69362
3.62984
3.56531
3.50481
3.44165
3.38128
3.31858
3.2571
3.19522
3.13315
3.07256
3.01106
2.95206
2.89196
2.83472
2.77649
2.72102
2.66476
2.61105
2.55673
2.50465
2.45231
2.40186
2.35156
2.30313
2.25517
2.20958
2.16459
2.1231
2.08193
2.04557
2.00967
1.9792
1.95054
1.92719
1.90771
1.8943
1.88828
1.8913
1.89487
1.9026
1.91866
1.9487
1.98739
2.03145
2.07827
2.12607
2.17414
2.22358
2.27653
2.33369
2.3943
2.45556
2.5141
2.56619
2.60987
2.64426
2.67139
2.69051
2.70613
2.71652
2.72514
2.73017
2.73388
2.7349
2.73426
2.73045
2.72701
2.72183
2.71637
2.70816
2.70018
2.69684
5.80972
5.75319
5.52868
5.31672
5.19912
5.15044
5.13104
5.11252
5.08034
5.03771
4.98386
4.9281
4.86778
4.80541
4.73824
4.66507
4.58943
4.50915
4.42793
4.34161
4.25356
4.16281
4.07437
3.98864
3.90888
3.83385
3.76415
3.69748
3.63388
3.57052
3.50908
3.4459
3.38463
3.32146
3.25987
3.19773
3.13618
3.07563
3.01479
2.95583
2.89628
2.83884
2.78097
2.72505
2.66903
2.61474
2.56041
2.50788
2.45508
2.40431
2.35321
2.30438
2.25556
2.20919
2.1636
2.12065
2.0792
2.04118
2.00433
1.97284
1.94154
1.91743
1.89381
1.87821
1.86476
1.86479
1.86743
1.87228
1.88246
1.90326
1.93793
1.98253
2.03495
2.09331
2.15612
2.22169
2.28979
2.35893
2.42615
2.4882
2.54226
2.58674
2.62168
2.64863
2.66924
2.68445
2.69682
2.70549
2.71308
2.71674
2.7204
2.72076
2.71935
2.71524
2.71157
2.70621
2.70013
2.69182
2.6833
2.68056
5.79984
5.74071
5.52015
5.30179
5.18361
5.14047
5.1318
5.11788
5.08721
5.04304
4.98975
4.93383
4.87428
4.81322
4.74654
4.67381
4.59637
4.51477
4.4316
4.34416
4.25396
4.16184
4.07199
3.98656
3.90727
3.83422
3.76553
3.70104
3.6373
3.57533
3.51274
3.45012
3.38784
3.32471
3.263
3.20069
3.13979
3.07893
3.01906
2.95955
2.90099
2.84272
2.78573
2.72878
2.67355
2.61808
2.56445
2.51072
2.45834
2.40656
2.35551
2.3058
2.25681
2.20955
2.16381
2.11965
2.07854
2.0384
2.00285
1.96798
1.93838
1.9104
1.88727
1.86772
1.85316
1.84572
1.84891
1.85245
1.86002
1.87505
1.90465
1.94695
2.00248
2.06924
2.14496
2.22579
2.3074
2.38542
2.45543
2.51487
2.56309
2.60088
2.62976
2.65197
2.66911
2.68221
2.69279
2.70074
2.70756
2.71065
2.71427
2.71409
2.71245
2.70825
2.70429
2.69874
2.6923
2.68399
2.67503
2.67232
5.79551
5.73361
5.51463
5.29607
5.17637
5.13378
5.13115
5.12073
5.09125
5.04679
4.99358
4.93744
4.87823
4.81727
4.75057
4.67834
4.5997
4.51745
4.43312
4.34541
4.2542
4.16149
4.07084
3.98545
3.90634
3.8342
3.76602
3.7026
3.63887
3.5777
3.51456
3.45242
3.38956
3.32665
3.26478
3.2025
3.14186
3.08088
3.02147
2.96167
2.9036
2.84487
2.7883
2.73084
2.67591
2.61985
2.56652
2.51208
2.45999
2.40749
2.35659
2.30629
2.25727
2.20959
2.16363
2.11916
2.07776
2.03722
2.00152
1.96585
1.93653
1.90678
1.88447
1.86214
1.84821
1.83596
1.83954
1.84249
1.8491
1.86205
1.88757
1.92845
1.9851
2.05678
2.14084
2.23152
2.32134
2.40374
2.474
2.53078
2.5751
2.609
2.6347
2.65458
2.67017
2.68231
2.6921
2.69971
2.70609
2.70901
2.71252
2.7121
2.71047
2.70623
2.7021
2.69648
2.6899
2.68161
2.67239
2.66955
)
;

boundaryField
{
    inlet
    {
        type            calculated;
        value           uniform 1.40001;
    }
    outlet
    {
        type            calculated;
        value           nonuniform List<scalar> 
40
(
1.67528
1.73821
1.81243
1.87879
1.91735
1.96518
1.99449
2.03832
2.0637
2.07986
2.10554
2.11875
2.13654
2.15263
2.17045
2.19152
2.21749
2.2483
2.28699
2.34208
2.42164
2.516
2.61598
2.70996
2.78807
2.84642
2.88659
2.91218
2.92656
2.92887
2.92201
2.90352
2.86587
2.8158
2.76259
2.71752
2.68852
2.67227
2.66405
2.66128
)
;
    }
    top
    {
        type            symmetryPlane;
    }
    bottom
    {
        type            symmetryPlane;
    }
    obstacle
    {
        type            calculated;
        value           nonuniform List<scalar> 
110
(
5.99819
5.99896
5.98686
5.96058
5.92553
5.87618
5.80545
5.70386
5.54358
5.28859
2.23664
1.77198
2.10331
1.97772
1.8628
1.84061
1.82836
1.80211
1.76582
1.73242
1.70429
1.6768
1.64764
1.61665
1.58495
1.57104
1.56618
1.5653
1.57136
1.5937
1.62914
1.67581
1.72824
1.78278
1.83754
1.8896
1.93907
1.98573
2.02823
2.06865
2.10667
2.14117
2.17469
2.20558
2.23536
2.26209
2.28642
2.30788
2.32726
2.34362
2.36028
2.37409
2.38645
2.39415
2.40172
2.40609
2.4102
2.41153
2.41128
2.40857
2.40575
2.4008
2.39583
2.38855
2.38098
2.37176
2.36211
2.35093
2.34006
2.32723
2.31502
2.30133
2.2877
2.2732
2.25846
2.24343
2.22755
2.21211
2.19565
2.17944
2.16285
2.14593
2.12904
2.1118
2.0944
2.07696
2.05918
2.04148
2.02354
2.00562
1.9876
1.96967
1.95151
1.93384
1.91545
1.89817
1.87963
1.86263
1.84425
1.82735
1.8094
1.7926
1.77531
1.75885
1.74242
1.72699
1.71205
1.69882
1.68689
1.67917
)
;
    }
    frontAndBack
    {
        type            empty;
    }
}


// ************************************************************************* //
