/*--------------------------------*- C++ -*----------------------------------*\
  =========                 |
  \\      /  F ield         | OpenFOAM: The Open Source CFD Toolbox
   \\    /   O peration     | Website:  https://openfoam.org
    \\  /    A nd           | Version:  13
     \\/     M anipulation  |
\*---------------------------------------------------------------------------*/
FoamFile
{
    format      ascii;
    class       volScalarField;
    location    "5";
    object      Ma;
}
// * * * * * * * * * * * * * * * * * * * * * * * * * * * * * * * * * * * * * //

dimensions      [];

internalField   nonuniform List<scalar> 
5250
(
3
2.99997
2.99991
2.99976
2.9994
2.99849
2.99627
2.99089
2.97704
2.94441
2.86009
2.65377
2.17597
1.29222
0.53463
0.267137
0.323482
0.33899
0.305437
0.250176
0.199017
0.158024
0.11746
0.0728991
0.0398718
3
2.99997
2.99991
2.99978
2.99937
2.99859
2.99618
2.99122
2.9772
2.94552
2.86208
2.65926
2.1877
1.30952
0.543687
0.268065
0.325737
0.342067
0.308766
0.254351
0.204417
0.164762
0.126287
0.0866638
0.0625879
3
2.99997
2.99992
2.99976
2.99946
2.99849
2.99662
2.99096
2.97893
2.94597
2.86844
2.66963
2.21285
1.34912
0.5648
0.272853
0.332782
0.351012
0.318617
0.266263
0.219021
0.182463
0.148518
0.116709
0.100144
3
2.99998
2.99992
2.99979
2.99943
2.9987
2.99649
2.99205
2.97886
2.95059
2.87329
2.68869
2.25044
1.41126
0.597677
0.28226
0.344887
0.365954
0.334956
0.285494
0.241458
0.208576
0.179547
0.154021
0.141443
3
2.99998
2.99993
2.9998
2.9995
2.99873
2.99686
2.99237
2.98072
2.95358
2.88291
2.71072
2.30053
1.4965
0.642072
0.299548
0.363395
0.387313
0.357867
0.311411
0.270527
0.241174
0.216466
0.195735
0.185675
3
2.99998
2.99994
2.99981
2.99955
2.99883
2.99715
2.99297
2.98252
2.95737
2.89363
2.73639
2.36023
1.60411
0.699471
0.330245
0.391367
0.416554
0.388459
0.344911
0.306654
0.280483
0.259724
0.243226
0.235794
3
2.99998
2.99994
2.99984
2.99958
2.99895
2.99743
2.9935
2.98455
2.9606
2.90501
2.76091
2.42061
1.71567
0.763357
0.366894
0.423868
0.448739
0.423304
0.384124
0.34931
0.326547
0.310077
0.298502
0.295534
3
2.99999
2.99994
2.99986
2.9996
2.99909
2.99751
2.99449
2.98503
2.96583
2.91127
2.78458
2.46801
1.80504
0.831699
0.404345
0.450443
0.47207
0.454585
0.423853
0.395531
0.378358
0.368133
0.36412
0.371163
3
2.99999
2.99995
2.99986
2.99966
2.99912
2.99792
2.99456
2.98741
2.96723
2.92206
2.80232
2.51656
1.89597
0.925972
0.464
0.470992
0.486058
0.482541
0.462528
0.443591
0.434628
0.43377
0.44395
0.474026
3
2.99999
2.99995
2.99989
2.99967
2.99928
2.99797
2.99554
2.9879
2.97214
2.92811
2.82513
2.56392
1.99362
1.04497
0.535487
0.486347
0.502098
0.509365
0.500071
0.492338
0.493538
0.508755
0.548702
0.650107
3
2.99999
2.99996
2.9999
2.99972
2.99935
2.99826
2.99598
2.98956
2.97511
2.93731
2.84578
2.61583
2.09925
1.19006
0.619516
0.503918
0.521267
0.536421
0.537152
0.539905
0.55441
0.592422
0.675289
0.843335
3
2.99999
2.99997
2.99992
2.99975
2.99946
2.99847
2.99663
2.99087
2.97901
2.94577
2.86878
2.67026
2.21675
1.36845
0.718348
0.528962
0.546038
0.565526
0.574453
0.586419
0.614257
0.671131
0.77758
0.959243
3
3
2.99997
2.99993
2.9998
2.99954
2.99875
2.99715
2.99252
2.98241
2.95532
2.89138
2.72796
2.345
1.58486
0.834404
0.57213
0.584171
0.601454
0.614997
0.633197
0.669968
0.735647
0.843203
1.00185
3.00001
3
2.99998
2.99994
2.99985
2.9996
2.99904
2.9976
2.99411
2.9857
2.96427
2.91328
2.78375
2.47613
1.83161
0.966568
0.635605
0.633467
0.645628
0.661557
0.681419
0.720243
0.785225
0.883313
1.01893
3.00001
3
2.99999
2.99996
2.99987
2.99969
2.99921
2.99804
2.99527
2.98804
2.97152
2.92807
2.8246
2.56584
2.00575
1.10786
0.703563
0.672763
0.686645
0.704423
0.726939
0.764616
0.825785
0.911463
1.02822
3.00001
3
2.99999
2.99997
2.9999
2.99976
2.99934
2.99849
2.99604
2.99067
2.97645
2.9428
2.85742
2.64789
2.17091
1.31928
0.808158
0.704047
0.716648
0.737033
0.765406
0.802978
0.859445
0.935235
1.03515
3.00001
3
2.99999
2.99998
2.99992
2.99981
2.9995
2.99878
2.99698
2.9925
2.98188
2.95461
2.88936
2.72382
2.33809
1.58075
0.938877
0.745315
0.74768
0.767277
0.798779
0.836415
0.888364
0.956002
1.04209
3.00001
3
3
2.99998
2.99994
2.99986
2.99962
2.99909
2.9977
2.9944
2.98637
2.96618
2.91801
2.79654
2.50859
1.89954
1.10077
0.811587
0.791068
0.805179
0.833517
0.869785
0.916284
0.975801
1.05035
3.00001
3.00001
3
2.99999
2.99996
2.9999
2.9997
2.99933
2.9982
2.99587
2.98935
2.97469
2.93674
2.84532
2.61897
2.11742
1.28356
0.886794
0.828169
0.840329
0.865571
0.901169
0.943261
0.995655
1.06014
3.00001
3.00001
3
2.99999
2.99997
2.99992
2.99978
2.9995
2.99862
2.99699
2.99176
2.98151
2.95168
2.88499
2.71128
2.31475
1.55419
1.01376
0.871062
0.872902
0.89344
0.927695
0.96795
1.01496
1.07143
3.00001
3.00001
3
3
2.99998
2.99994
2.99985
2.99963
2.99904
2.99777
2.99418
2.98672
2.96545
2.91906
2.79622
2.51271
1.90908
1.18344
0.93597
0.91282
0.926038
0.95495
0.993025
1.03503
1.08459
3.00001
3.00001
3.00001
3
2.99999
2.99996
2.9999
2.99971
2.99936
2.99828
2.99607
2.98989
2.97606
2.94037
2.85469
2.64351
2.17259
1.38965
1.01642
0.9504
0.959073
0.982824
1.01702
1.05542
1.09916
3.00001
3.00001
3.00001
3
3
2.99997
2.99993
2.9998
2.99955
2.99877
2.99723
2.99275
2.98313
2.95731
2.89723
2.74474
2.39164
1.69443
1.15144
1.00021
0.993417
1.00835
1.03786
1.07503
1.11516
3.00001
3.00001
3.00001
3
3
2.99998
2.99995
2.99986
2.99969
2.99915
2.99812
2.99502
2.98864
2.97096
2.9313
2.829
2.58971
2.06392
1.34561
1.07545
1.03276
1.0396
1.06219
1.09513
1.132
3.00001
3.00001
3.00001
3.00001
3
2.99999
2.99997
2.99991
2.99979
2.99942
2.99873
2.99653
2.99237
2.97971
2.95344
2.88173
2.7155
2.32528
1.61305
1.18477
1.07629
1.0713
1.08498
1.11353
1.14879
3.00001
3.00001
3.00001
3.00001
3
3
2.99998
2.99995
2.99985
2.99964
2.9991
2.99782
2.99475
2.98698
2.96916
2.92321
2.81539
2.55453
2.00137
1.35935
1.13883
1.10706
1.11319
1.1352
1.16606
3.00001
3.00001
3.00001
3.00001
3.00001
3
2.99999
2.99997
2.9999
2.99977
2.99938
2.99864
2.99629
2.99186
2.97852
2.95055
2.87529
2.70099
2.29671
1.6
1.23066
1.14632
1.1424
1.15579
1.1821
3.00001
3.00001
3.00001
3.00001
3.00001
3
3
2.99998
2.99994
2.99984
2.99963
2.99906
2.99773
2.99452
2.98643
2.96789
2.9201
2.80831
2.53855
1.97549
1.3945
1.20286
1.17521
1.18124
1.20191
3.00001
3.00001
3.00001
3.00001
3.00001
3.00001
3
2.99999
2.99996
2.99991
2.99975
2.99943
2.99846
2.99665
2.99099
2.9799
2.94827
2.87825
2.70049
2.30349
1.6364
1.29606
1.21619
1.21012
1.22096
3.00001
3.00001
3.00001
3.00001
3.00001
3.00001
3
3
2.99998
2.99994
2.99986
2.99962
2.99911
2.99776
2.99464
2.98708
2.96821
2.9243
2.81418
2.55916
2.01818
1.46155
1.27313
1.24238
1.24516
3.00001
3.00001
3.00001
3.00001
3.00001
3.00001
3.00001
3
2.99999
2.99997
2.99991
2.99977
2.99943
2.99865
2.99656
2.99215
2.9798
2.95367
2.88331
2.72351
2.34749
1.71398
1.37154
1.28347
1.2732
3.00001
3.00001
3.00001
3.00001
3.00001
3.00001
3.00001
3
3
2.99998
2.99995
2.99987
2.99965
2.99918
2.99798
2.99513
2.98838
2.9714
2.93247
2.83479
2.6094
2.12025
1.55158
1.34356
1.3066
3.00001
3.00001
3.00001
3.00001
3.00001
3.00001
3.00001
3.00001
3
2.99999
2.99997
2.99992
2.99979
2.99952
2.99871
2.99718
2.99246
2.98334
2.95701
2.90009
2.75398
2.42536
1.82239
1.4451
1.34425
3.00001
3.00001
3.00001
3.00001
3.00001
3.00001
3.00001
3.00001
3
3
2.99999
2.99995
2.99989
2.99969
2.9993
2.99821
2.9958
2.98978
2.97535
2.94106
2.85706
2.6603
2.22262
1.6472
1.41476
3.00001
3.00001
3.00001
3.00001
3.00001
3.00001
3.00001
3.00001
3.00001
3
2.99999
2.99998
2.99993
2.99983
2.99955
2.99901
2.99735
2.99424
2.98476
2.96587
2.91367
2.7973
2.51607
1.97222
1.5432
3.00001
3.00001
3.00001
3.00001
3.00001
3.00001
3.00001
3.00001
3.00001
3.00001
3
2.99999
2.99996
2.9999
2.99976
2.99937
2.9986
2.99632
2.99194
2.97886
2.95249
2.88068
2.72028
2.34648
1.77927
3.00001
3.00001
3.00001
3.00001
3.00001
3.00001
3.00001
3.00001
3.00001
3.00001
3
3
2.99998
2.99995
2.99986
2.99965
2.99919
2.99795
2.9954
2.98813
2.97351
2.93301
2.84504
2.62789
2.17663
3.00001
3.00001
3.00001
3.00001
3.00001
3.00001
3.00001
3.00001
3.00001
3.00001
3.00001
3
2.99999
2.99998
2.99992
2.99982
2.99951
2.99889
2.99723
2.99347
2.98434
2.96201
2.91008
2.78287
2.49268
3.00001
3.00001
3.00001
3.00001
3.00001
3.00001
3.00001
3.00001
3.00001
3.00001
3.00001
3
3
2.99999
2.99996
2.9999
2.99973
2.9994
2.9984
2.99651
2.99095
2.97959
2.94911
2.88112
2.71425
3.00001
3.00001
3.00001
3.00001
3.00001
3.00001
3.00001
3.00001
3.00001
3.00001
3.00001
3.00001
3
3
2.99998
2.99995
2.99986
2.99967
2.99913
2.99809
2.99498
2.98908
2.97183
2.93651
2.84369
3.00001
3.00001
3.00001
3.00001
3.00001
3.00001
3.00001
3.00001
3.00001
3.00001
3.00001
3.00001
3.00001
3
2.99999
2.99997
2.99992
2.99981
2.99952
2.99893
2.9972
2.99393
2.98408
2.96484
2.9114
3.00001
3.00001
3.00001
3.00001
3.00001
3.00001
3.00001
3.00001
3.00001
3.00001
3.00001
3.00001
3.00001
3
3
2.99999
2.99996
2.9999
2.99974
2.99938
2.99852
2.99639
2.99167
2.97932
2.95254
3.00001
3.00001
3.00001
3.00001
3.00001
3.00001
3.00001
3.00001
3.00001
3.00001
3.00001
3.00001
3.00001
3.00001
3
3
2.99998
2.99995
2.99985
2.99966
2.99909
2.99803
2.99485
2.98858
2.97134
3.00001
3.00001
3.00001
3.00001
3.00001
3.00001
3.00001
3.00001
3.00001
3.00001
3.00001
3.00001
3.00001
3.00001
3.00001
3
2.99999
2.99996
2.9999
2.99976
2.9994
2.9986
2.99642
2.99194
2.97921
3.00001
3.00001
3.00001
3.00001
3.00001
3.00001
3.00001
3.00001
3.00001
3.00001
3.00001
3.00001
3.00001
3.00001
3.00001
3
2.99999
2.99998
2.99992
2.99981
2.99951
2.99881
2.9971
2.99285
2.98287
3.00001
3.00001
3.00001
3.00001
3.00001
3.00001
3.00001
3.00001
3.00001
3.00001
3.00001
3.00001
3.00001
3.00001
3.00001
3
2.99999
2.99998
2.99993
2.99983
2.99955
2.99891
2.99729
2.9933
2.98376
3.00001
3.00001
3.00001
3.00001
3.00001
3.00001
3.00001
3.00001
3.00001
3.00001
3.00001
3.00001
3.00001
3.00001
3.00001
3
3
2.99998
2.99993
2.99984
2.99956
2.99895
2.99733
2.99349
2.98398
3.00001
3.00001
3.00001
3.00001
3.00001
3.00001
3.00001
3.00001
3.00001
3.00001
3.00001
3.00001
3.00001
3.00001
3.00001
3
3
2.99998
2.99994
2.99983
2.99958
2.99894
2.99736
2.99363
2.98377
3.00001
3.00001
3.00001
3.00001
3.00001
3.00001
3.00001
3.00001
3.00001
3.00001
3.00001
3.00001
3.00001
3.00001
3.00001
3
3
2.99998
2.99994
2.99982
2.9996
2.9989
2.99749
2.99339
2.98443
3.00001
3.00001
3.00001
3.00001
3.00001
3.00001
3.00001
3.00001
3.00001
3.00001
3.00001
3.00001
3.00001
3.00001
3.00001
3
3
2.99998
2.99993
2.99984
2.99956
2.99898
2.99735
2.99364
2.9841
1.11608
1.29658
1.28636
1.07582
0.676857
0.303915
0.149025
0.109314
0.184716
0.254215
0.320105
0.372356
0.411988
0.439098
0.457434
0.474633
0.494885
0.517589
0.541058
0.563756
0.585027
0.606216
0.627955
0.64816
0.661348
0.667441
0.66955
0.664428
0.646098
0.614789
0.572374
0.522784
0.469343
0.41426
0.360177
0.308422
0.259525
0.213298
0.168449
0.126204
0.0862376
0.0496913
0.0230594
0.0386153
0.0693819
0.101327
0.131983
0.161193
0.188466
0.214749
0.242345
0.269713
0.29607
0.321028
0.34556
0.369044
0.392352
0.414627
0.436849
0.45807
0.479302
0.499557
0.519893
0.539269
0.558769
0.577322
0.596035
0.613809
0.631759
0.648783
0.665972
0.682261
0.698655
0.714186
0.729684
0.744392
0.758854
0.772625
0.785862
0.798454
0.810283
0.821359
0.831533
0.840722
0.848808
0.855384
0.860844
0.865923
0.870329
0.87361
0.875576
0.877082
0.877716
0.878756
0.879477
0.881205
0.883167
0.88593
0.888547
0.895576
1.12883
1.23469
1.24744
1.18967
1.08498
0.810907
0.573616
0.444281
0.347705
0.262189
0.180984
0.111065
0.0624835
0.0766507
0.131988
0.191274
0.24566
0.291446
0.328035
0.356662
0.381618
0.405122
0.427871
0.45077
0.466592
0.472412
0.473324
0.466812
0.446588
0.411988
0.367027
0.316393
0.263914
0.210801
0.161342
0.116164
0.0782035
0.0554988
0.0600852
0.0847997
0.115844
0.146864
0.176747
0.205302
0.234081
0.262389
0.29013
0.316824
0.342066
0.365936
0.390667
0.415676
0.439797
0.462612
0.484974
0.506523
0.52784
0.548357
0.568718
0.58829
0.607767
0.626498
0.645173
0.663125
0.681071
0.698281
0.715554
0.732059
0.748672
0.764493
0.780437
0.795588
0.81082
0.825298
0.839717
0.853485
0.866947
0.879858
0.892217
0.904028
0.915125
0.925516
0.935103
0.943788
0.951497
0.95786
0.963188
0.968256
0.972729
0.976214
0.9787
0.980711
0.982051
0.983686
0.985093
0.987179
0.989582
0.992415
0.995034
1.00136
1.12948
1.22884
1.30462
1.3293
1.29761
1.1812
0.943073
0.780838
0.682078
0.594421
0.515355
0.438985
0.366938
0.300073
0.238293
0.181363
0.1299
0.0870072
0.0625757
0.0775559
0.114143
0.153364
0.189002
0.222213
0.247658
0.256641
0.254649
0.243247
0.22285
0.188564
0.152342
0.117749
0.0973012
0.0961904
0.113408
0.140962
0.171474
0.202048
0.230997
0.260045
0.288753
0.316453
0.343044
0.368586
0.393737
0.418335
0.442571
0.466022
0.488423
0.509362
0.530673
0.552581
0.574298
0.594678
0.614596
0.633766
0.652818
0.671202
0.689474
0.707095
0.724641
0.741543
0.758445
0.774684
0.790989
0.806607
0.822327
0.83735
0.852481
0.866936
0.881462
0.895367
0.909242
0.922574
0.935716
0.948382
0.960669
0.9725
0.983797
0.994562
1.00469
1.01414
1.02287
1.03078
1.03783
1.04371
1.04867
1.05343
1.05774
1.06121
1.06397
1.06639
1.06834
1.07047
1.07249
1.07489
1.07758
1.08039
1.08276
1.08838
1.13852
1.24176
1.32698
1.38555
1.39034
1.34218
1.21758
1.04677
0.930162
0.850366
0.777762
0.706039
0.639468
0.577898
0.51828
0.461301
0.408419
0.358472
0.309927
0.2627
0.218018
0.175556
0.135356
0.0964404
0.0610608
0.0295742
0.00738016
0.0206938
0.0543872
0.105861
0.152066
0.194905
0.233931
0.267966
0.299717
0.329534
0.357652
0.383818
0.408634
0.432523
0.456114
0.478827
0.50107
0.52242
0.543583
0.564179
0.584662
0.604552
0.623755
0.641568
0.659438
0.677949
0.696953
0.714852
0.732309
0.749113
0.765868
0.782109
0.798338
0.814017
0.829726
0.844867
0.860087
0.874741
0.889485
0.903681
0.917949
0.931693
0.945477
0.958762
0.972033
0.984831
0.99753
1.00978
1.02181
1.03341
1.04464
1.05541
1.0657
1.07545
1.0846
1.09311
1.10093
1.10802
1.11437
1.11973
1.12434
1.12883
1.13296
1.13652
1.13967
1.1426
1.14546
1.14824
1.15116
1.15414
1.15723
1.16018
1.16248
1.16775
1.14134
1.24349
1.33057
1.40196
1.43378
1.42448
1.37195
1.26119
1.13408
1.04455
0.980121
0.919767
0.860758
0.804954
0.75079
0.69918
0.651136
0.604039
0.5581
0.514591
0.472854
0.431323
0.391039
0.352852
0.317593
0.288364
0.273616
0.268355
0.286192
0.320454
0.361336
0.402517
0.438502
0.468371
0.493969
0.516876
0.538039
0.557657
0.576425
0.594543
0.612484
0.630037
0.647364
0.664285
0.681115
0.697661
0.714245
0.730536
0.746458
0.76122
0.775834
0.790944
0.806936
0.82237
0.837404
0.851814
0.866238
0.880213
0.894347
0.907997
0.921824
0.935143
0.948642
0.961635
0.974797
0.987491
1.00029
1.01269
1.0251
1.03719
1.04915
1.06089
1.07234
1.08361
1.09448
1.10509
1.11526
1.12504
1.13429
1.14302
1.15116
1.15863
1.16552
1.17167
1.17728
1.18208
1.18635
1.19051
1.19456
1.19826
1.20193
1.20548
1.20917
1.21282
1.21667
1.22026
1.22393
1.22693
1.22937
1.23445
1.13944
1.23645
1.32344
1.39673
1.45178
1.46664
1.44906
1.3965
1.30364
1.20542
1.13859
1.08473
1.03288
0.98597
0.940302
0.894806
0.851367
0.809205
0.76844
0.729726
0.690158
0.650273
0.6123
0.575277
0.538307
0.508804
0.487744
0.477683
0.488324
0.518759
0.55741
0.595538
0.629604
0.65547
0.674687
0.689793
0.703211
0.715606
0.728006
0.740137
0.752681
0.76501
0.7777
0.790122
0.802922
0.815507
0.828509
0.841294
0.854207
0.866065
0.877887
0.889795
0.902998
0.916082
0.92913
0.941475
0.954011
0.966042
0.978417
0.990285
1.00247
1.0142
1.02615
1.03773
1.04943
1.06085
1.0723
1.08352
1.09466
1.10562
1.11637
1.12697
1.13726
1.14736
1.15708
1.16652
1.17549
1.18407
1.19211
1.19961
1.2066
1.21289
1.21877
1.22392
1.22882
1.23306
1.23716
1.24099
1.24515
1.24914
1.25354
1.25774
1.26248
1.26701
1.27201
1.27635
1.28075
1.28399
1.28682
1.29197
1.13613
1.22683
1.31076
1.38559
1.44626
1.48629
1.49158
1.47018
1.42048
1.34032
1.26453
1.21386
1.16818
1.12625
1.08781
1.05051
1.01501
0.978857
0.941635
0.907429
0.872169
0.8354
0.797551
0.7588
0.721644
0.688724
0.655847
0.637892
0.64674
0.677403
0.717701
0.758263
0.793313
0.81934
0.835675
0.844357
0.849869
0.854793
0.86055
0.867119
0.87469
0.882601
0.891147
0.899711
0.908828
0.91796
0.927672
0.937386
0.947535
0.956963
0.966302
0.975523
0.986035
0.99691
1.00805
1.01862
1.02938
1.03976
1.05043
1.06084
1.07145
1.08186
1.09236
1.10272
1.11308
1.12337
1.13356
1.1437
1.15371
1.16361
1.17337
1.18291
1.19224
1.20127
1.20997
1.21829
1.22621
1.23358
1.24052
1.24677
1.2526
1.25775
1.26257
1.26683
1.27096
1.27474
1.27864
1.28242
1.28668
1.29104
1.2961
1.30107
1.30679
1.31221
1.318
1.32313
1.32828
1.3321
1.33507
1.33944
1.13359
1.21748
1.29671
1.37043
1.43331
1.48407
1.5101
1.51023
1.48837
1.44205
1.37111
1.31331
1.27324
1.23738
1.20392
1.17176
1.14314
1.11482
1.08453
1.05357
1.02135
0.986304
0.948979
0.911982
0.871584
0.826677
0.780563
0.758275
0.768202
0.800279
0.843468
0.888314
0.926398
0.955179
0.974421
0.982159
0.982003
0.979652
0.978326
0.978792
0.981268
0.984874
0.989734
0.994887
1.0009
1.00699
1.01384
1.02075
1.02841
1.03567
1.04289
1.0498
1.05781
1.06652
1.07583
1.08488
1.09403
1.10305
1.1122
1.12136
1.13061
1.13988
1.14915
1.15845
1.16769
1.17693
1.18611
1.19522
1.20425
1.21313
1.22187
1.23041
1.23869
1.24663
1.25425
1.26138
1.26812
1.27426
1.28
1.28509
1.28982
1.29398
1.29795
1.30152
1.30521
1.30876
1.31275
1.31682
1.32164
1.32659
1.33242
1.33847
1.34507
1.35149
1.35816
1.36423
1.37016
1.37497
1.37831
1.38219
1.13369
1.209
1.28421
1.35366
1.41821
1.47183
1.51302
1.52839
1.52454
1.5027
1.45918
1.4014
1.35523
1.32272
1.29502
1.26703
1.24278
1.22022
1.19679
1.17148
1.1422
1.10918
1.07223
1.03355
0.986568
0.926633
0.868191
0.846641
0.859689
0.892804
0.937775
0.987862
1.03023
1.06047
1.08285
1.0957
1.09771
1.09188
1.08398
1.07779
1.07399
1.07277
1.0733
1.07518
1.07817
1.0816
1.08592
1.09045
1.09584
1.10125
1.10672
1.11191
1.11775
1.12448
1.13216
1.13999
1.14791
1.15586
1.16383
1.17192
1.18003
1.18826
1.1965
1.2048
1.21315
1.22148
1.22985
1.23815
1.24638
1.25448
1.2624
1.27007
1.27744
1.28443
1.29103
1.29712
1.30275
1.30777
1.31237
1.31641
1.32017
1.32354
1.32691
1.33012
1.33366
1.33731
1.34168
1.34633
1.35182
1.35769
1.36445
1.37136
1.37886
1.38605
1.39362
1.40045
1.40731
1.41294
1.4171
1.42084
1.13602
1.20462
1.27309
1.33972
1.40117
1.45744
1.50242
1.53554
1.54387
1.53713
1.51503
1.47566
1.42787
1.38957
1.36561
1.34208
1.3206
1.30134
1.2829
1.26246
1.23547
1.20565
1.17065
1.12792
1.06781
0.988123
0.923644
0.909134
0.926021
0.9598
1.00887
1.06307
1.10941
1.14222
1.16396
1.17987
1.18832
1.1879
1.1803
1.16951
1.15983
1.15259
1.14809
1.14594
1.14568
1.14667
1.14865
1.15123
1.15465
1.15854
1.16261
1.16649
1.17056
1.17551
1.18154
1.18823
1.19514
1.20221
1.20936
1.21658
1.22391
1.23129
1.23876
1.24629
1.25384
1.26142
1.26895
1.27645
1.28386
1.29113
1.29822
1.30501
1.31147
1.31749
1.32303
1.32803
1.33249
1.33642
1.33992
1.34304
1.34601
1.34883
1.35187
1.35502
1.35879
1.36294
1.36794
1.37347
1.37985
1.38676
1.3944
1.40206
1.41018
1.41803
1.42623
1.43371
1.44124
1.4476
1.45259
1.45647
1.14098
1.20234
1.2654
1.32715
1.38686
1.44115
1.48994
1.52811
1.55272
1.55687
1.54815
1.52573
1.4924
1.44953
1.42057
1.39981
1.38139
1.36482
1.34863
1.33178
1.30648
1.27862
1.24195
1.19239
1.11286
1.01621
0.956951
0.951321
0.971414
1.00925
1.06247
1.11839
1.16572
1.20158
1.22622
1.24242
1.2536
1.25979
1.25883
1.25114
1.2392
1.22714
1.21699
1.20975
1.20524
1.20294
1.20236
1.20299
1.20454
1.20689
1.20972
1.21259
1.21554
1.21899
1.22351
1.22903
1.23504
1.24134
1.2478
1.2544
1.26109
1.26789
1.27477
1.28169
1.28864
1.29558
1.30246
1.30928
1.31596
1.32247
1.32872
1.33465
1.34017
1.34524
1.34977
1.35376
1.35724
1.36025
1.36298
1.3655
1.36809
1.37076
1.37389
1.37745
1.38185
1.38689
1.39288
1.39949
1.40703
1.41496
1.42334
1.43171
1.4405
1.449
1.45775
1.46595
1.47409
1.48129
1.48703
1.49135
1.14902
1.20366
1.26062
1.31775
1.37388
1.4266
1.47546
1.51681
1.54962
1.56656
1.56778
1.55878
1.53832
1.50569
1.47019
1.44674
1.42831
1.41389
1.39794
1.38169
1.35984
1.33183
1.29018
1.22367
1.11744
1.01528
0.977505
0.982253
1.00521
1.04808
1.10307
1.15734
1.20288
1.23993
1.26797
1.28828
1.30162
1.31015
1.31498
1.31464
1.30809
1.29636
1.2832
1.27129
1.26192
1.2555
1.25158
1.24973
1.2494
1.25025
1.25203
1.25425
1.25652
1.25906
1.26235
1.26676
1.27206
1.27777
1.28374
1.28986
1.29608
1.30238
1.30875
1.31512
1.32152
1.32788
1.33417
1.34037
1.34637
1.35214
1.35758
1.36262
1.36723
1.37132
1.3749
1.37799
1.38067
1.38306
1.38534
1.38763
1.39014
1.39301
1.39655
1.40085
1.40609
1.4122
1.41924
1.42706
1.43544
1.44405
1.45304
1.46205
1.47135
1.4804
1.48962
1.49833
1.50692
1.51462
1.52099
1.52545
1.15941
1.208
1.25895
1.31197
1.36329
1.41449
1.46115
1.50483
1.54022
1.56769
1.57835
1.57789
1.56863
1.54888
1.51799
1.48945
1.4679
1.45234
1.43673
1.41918
1.39663
1.36312
1.30907
1.21362
1.08965
1.00797
0.991309
1.00343
1.03247
1.07946
1.13398
1.18366
1.22654
1.26266
1.29241
1.31626
1.33422
1.34627
1.35374
1.35816
1.35865
1.35385
1.34379
1.33093
1.31829
1.30752
1.29953
1.29425
1.29152
1.29063
1.29116
1.29277
1.29475
1.29683
1.29926
1.30263
1.30708
1.31224
1.31775
1.32351
1.32939
1.33536
1.34137
1.34735
1.3533
1.35914
1.36483
1.37034
1.37558
1.3805
1.38504
1.38914
1.39274
1.39587
1.39855
1.40087
1.40301
1.40511
1.40731
1.40974
1.4126
1.41612
1.42053
1.42586
1.43221
1.43948
1.44755
1.45607
1.465
1.47419
1.48368
1.4932
1.50288
1.5124
1.52193
1.53104
1.53996
1.54805
1.55492
1.55952
1.17157
1.21452
1.26042
1.30793
1.35656
1.40362
1.44992
1.49187
1.53078
1.56101
1.58385
1.59002
1.58781
1.57804
1.55717
1.53022
1.50346
1.48425
1.46731
1.44761
1.41939
1.37242
1.29262
1.16351
1.04766
1.00327
1.00375
1.0202
1.05536
1.10442
1.15445
1.1993
1.2388
1.27346
1.30371
1.32971
1.35122
1.36842
1.38062
1.38823
1.39239
1.39458
1.39263
1.38545
1.3744
1.36225
1.35082
1.34192
1.33558
1.33208
1.33072
1.33112
1.33269
1.3347
1.33684
1.33938
1.34287
1.34735
1.35235
1.35767
1.36312
1.36867
1.37422
1.37976
1.3852
1.39053
1.39562
1.40046
1.40488
1.40893
1.4125
1.41559
1.41818
1.42041
1.42233
1.42409
1.42598
1.42805
1.43039
1.43313
1.43666
1.44116
1.44674
1.45329
1.46086
1.46898
1.47765
1.48661
1.49602
1.50557
1.51536
1.52515
1.53501
1.5447
1.55433
1.56358
1.57262
1.58086
1.58802
1.59271
1.18465
1.22285
1.26445
1.30755
1.35214
1.39656
1.43986
1.48162
1.51964
1.55353
1.58038
1.59783
1.60111
1.59709
1.58688
1.56588
1.53912
1.51224
1.48996
1.46379
1.42529
1.35571
1.23266
1.09273
1.01645
1.00184
1.01043
1.0345
1.07491
1.12207
1.16621
1.20621
1.24258
1.27572
1.30594
1.33316
1.35726
1.3781
1.39525
1.40851
1.41731
1.42318
1.42684
1.42798
1.42463
1.41643
1.40544
1.39448
1.38509
1.37811
1.37398
1.37209
1.37223
1.37367
1.37572
1.37787
1.38046
1.38396
1.38838
1.39317
1.39815
1.40313
1.40814
1.41302
1.41782
1.42239
1.42669
1.43057
1.43402
1.43698
1.43944
1.44147
1.44306
1.44459
1.44599
1.44754
1.44946
1.45169
1.45438
1.45766
1.46214
1.46782
1.47464
1.48215
1.49034
1.49886
1.50793
1.51719
1.52682
1.53653
1.54643
1.55627
1.56617
1.57584
1.58547
1.59469
1.60371
1.61195
1.61922
1.62389
1.19897
1.23357
1.27083
1.31018
1.35069
1.39249
1.43295
1.47346
1.5104
1.54571
1.5744
1.59825
1.60962
1.61037
1.60509
1.59229
1.57046
1.5405
1.50714
1.4698
1.40919
1.29965
1.14504
1.03128
0.997795
1.00065
1.01526
1.04715
1.09019
1.13206
1.17081
1.20679
1.24065
1.27251
1.30255
1.33054
1.35653
1.38019
1.40125
1.41955
1.43473
1.44574
1.45407
1.46032
1.46377
1.46435
1.45996
1.45135
1.441
1.43134
1.42367
1.41855
1.41599
1.41537
1.41636
1.41811
1.42014
1.42247
1.42552
1.42935
1.4336
1.43794
1.44222
1.44633
1.45022
1.45382
1.45699
1.45972
1.46197
1.4637
1.46501
1.46612
1.46691
1.46755
1.46871
1.47042
1.47261
1.47516
1.47843
1.48275
1.48856
1.49519
1.5027
1.51057
1.51915
1.52794
1.53726
1.54664
1.55638
1.56605
1.57593
1.58562
1.59538
1.60487
1.61429
1.62333
1.63216
1.64027
1.64749
1.65208
1.21448
1.24696
1.28013
1.31595
1.35292
1.39076
1.42953
1.4669
1.5039
1.53759
1.56925
1.59407
1.614
1.61953
1.61726
1.60893
1.59065
1.56043
1.51845
1.46184
1.36565
1.20528
1.05835
0.997051
0.990383
0.999544
1.02362
1.06014
1.09917
1.13584
1.17034
1.2034
1.23538
1.26638
1.29628
1.32508
1.35273
1.37888
1.40352
1.42604
1.44626
1.4636
1.47761
1.48836
1.49718
1.50285
1.50569
1.50477
1.49895
1.48981
1.48024
1.47164
1.4651
1.46107
1.45931
1.45913
1.46021
1.46183
1.46358
1.46577
1.46867
1.472
1.47526
1.4784
1.48111
1.48348
1.4853
1.48661
1.48764
1.48829
1.48841
1.48812
1.48813
1.48864
1.49009
1.49205
1.49438
1.49744
1.50172
1.50732
1.51395
1.52109
1.52899
1.53725
1.54609
1.55511
1.56451
1.57394
1.58359
1.59315
1.60281
1.61229
1.62178
1.63099
1.64016
1.64889
1.65749
1.66537
1.67245
1.67696
1.23043
1.26064
1.29158
1.32365
1.35787
1.3924
1.42829
1.46338
1.49876
1.53147
1.56321
1.58999
1.61262
1.62454
1.62496
1.61795
1.60248
1.57075
1.51898
1.43199
1.28255
1.10525
1.00502
0.98319
0.987985
1.00426
1.03347
1.06863
1.10249
1.13485
1.16636
1.19775
1.22882
1.25981
1.29049
1.32088
1.35049
1.37919
1.40673
1.43255
1.45674
1.4786
1.49779
1.5137
1.52646
1.53679
1.5442
1.54796
1.54938
1.54644
1.53907
1.52924
1.5196
1.51151
1.50574
1.50204
1.50041
1.49989
1.50043
1.50146
1.50268
1.50415
1.50588
1.50765
1.50886
1.5098
1.51037
1.51036
1.50975
1.50887
1.50794
1.50713
1.50705
1.5082
1.50987
1.51191
1.51476
1.51878
1.52428
1.53058
1.53767
1.54534
1.5536
1.56221
1.57122
1.58041
1.58983
1.59928
1.60881
1.61824
1.62772
1.63696
1.64625
1.65517
1.66412
1.67255
1.68093
1.68854
1.69548
1.69987
1.24462
1.27491
1.30449
1.33389
1.36476
1.3967
1.42966
1.46264
1.49579
1.52785
1.55792
1.58566
1.60852
1.62323
1.6246
1.61673
1.59966
1.56363
1.4935
1.36798
1.1767
1.02863
0.980972
0.979682
0.987842
1.00898
1.03936
1.07094
1.10172
1.13253
1.1635
1.19505
1.22692
1.25917
1.29127
1.32323
1.35434
1.38486
1.41393
1.44198
1.46808
1.49265
1.51486
1.53474
1.55133
1.565
1.57583
1.58452
1.58946
1.59163
1.59062
1.58499
1.57584
1.56557
1.55593
1.54779
1.54193
1.53829
1.536
1.53508
1.53451
1.53422
1.53419
1.53408
1.53365
1.53274
1.53151
1.52992
1.52816
1.52647
1.52512
1.52425
1.52529
1.52681
1.52872
1.53141
1.53539
1.54069
1.54696
1.55386
1.56156
1.56957
1.57818
1.58686
1.59602
1.60507
1.61449
1.62367
1.63309
1.64221
1.65149
1.66041
1.66942
1.67806
1.68672
1.69493
1.70301
1.71041
1.71706
1.72133
1.26292
1.28881
1.31693
1.34491
1.37327
1.40277
1.43304
1.46416
1.49434
1.52572
1.554
1.58107
1.6033
1.61579
1.61425
1.6035
1.58055
1.53244
1.43662
1.2713
1.09954
1.01075
0.992209
0.996877
1.00876
1.03018
1.05816
1.08741
1.11718
1.14707
1.17766
1.2086
1.24029
1.272
1.30397
1.33539
1.36641
1.39629
1.42525
1.45298
1.47969
1.50491
1.52861
1.5504
1.56995
1.58679
1.60067
1.61198
1.62166
1.6276
1.6302
1.6306
1.62717
1.61936
1.60839
1.59722
1.58732
1.5792
1.57317
1.56876
1.56548
1.56288
1.56059
1.55837
1.55599
1.5533
1.5505
1.54767
1.54526
1.54301
1.54188
1.54231
1.54363
1.54553
1.54825
1.55196
1.55712
1.56322
1.57013
1.57758
1.58565
1.59397
1.60268
1.61146
1.62049
1.62949
1.63863
1.64765
1.65673
1.66561
1.67455
1.68321
1.6919
1.70018
1.70843
1.71616
1.72378
1.73064
1.73686
1.74073
1.2811
1.30197
1.32945
1.35665
1.38313
1.41088
1.43813
1.46783
1.49558
1.52466
1.55157
1.57575
1.59563
1.60039
1.59289
1.57675
1.54136
1.47056
1.33997
1.19222
1.09202
1.04607
1.03583
1.04008
1.04829
1.06417
1.08804
1.11444
1.14174
1.1694
1.1977
1.22655
1.25609
1.28597
1.31621
1.34605
1.37569
1.40451
1.4328
1.46025
1.48706
1.51274
1.5376
1.5606
1.58228
1.60158
1.61893
1.63336
1.64559
1.65566
1.66304
1.66678
1.66766
1.66571
1.65922
1.64885
1.63689
1.62498
1.61412
1.60499
1.59744
1.59134
1.58603
1.58131
1.57673
1.57239
1.56829
1.56474
1.5618
1.56032
1.56007
1.56135
1.56316
1.56553
1.56891
1.57377
1.57973
1.58637
1.59375
1.60151
1.60977
1.61813
1.62689
1.63559
1.6446
1.65342
1.66248
1.67129
1.68027
1.68888
1.69755
1.70577
1.71404
1.72185
1.72965
1.73695
1.74409
1.75051
1.7562
1.75982
1.30541
1.31907
1.3418
1.36895
1.39395
1.42033
1.4452
1.47264
1.49868
1.52505
1.54919
1.56953
1.58027
1.57646
1.56218
1.53268
1.47318
1.36507
1.24448
1.16222
1.11663
1.09149
1.08234
1.0837
1.08845
1.09738
1.11335
1.13538
1.15988
1.18577
1.21242
1.23983
1.26778
1.29654
1.32543
1.35459
1.38332
1.41174
1.43953
1.46694
1.49348
1.51957
1.5444
1.56846
1.59105
1.61235
1.63197
1.64952
1.66481
1.67736
1.68796
1.69604
1.70051
1.7018
1.701
1.69632
1.68668
1.67339
1.6588
1.64454
1.6318
1.62087
1.61164
1.60374
1.59691
1.59101
1.58594
1.58218
1.57989
1.57892
1.58003
1.58173
1.58387
1.58702
1.59181
1.59756
1.60415
1.6113
1.61902
1.62692
1.63525
1.64358
1.65225
1.66077
1.66959
1.67821
1.68702
1.69546
1.70398
1.71212
1.7203
1.72808
1.73588
1.74322
1.75052
1.75723
1.76376
1.76947
1.77444
1.77755
1.33068
1.33715
1.35555
1.38095
1.40499
1.42999
1.45357
1.47831
1.50242
1.52549
1.54535
1.5571
1.55531
1.54187
1.51498
1.46112
1.36368
1.25731
1.19226
1.16462
1.15031
1.13951
1.13085
1.12706
1.12839
1.13236
1.13974
1.15359
1.17459
1.19905
1.22492
1.25167
1.2788
1.30657
1.33453
1.36258
1.39046
1.41814
1.44543
1.47247
1.49895
1.52495
1.5503
1.57478
1.59842
1.62089
1.64198
1.66169
1.67919
1.69485
1.7075
1.71826
1.72621
1.73116
1.73276
1.73268
1.72912
1.72025
1.70589
1.68883
1.67148
1.65535
1.64106
1.6292
1.61947
1.61185
1.60655
1.60243
1.60055
1.60089
1.60222
1.60409
1.60712
1.61154
1.61698
1.62311
1.63003
1.63724
1.64493
1.65268
1.66089
1.66899
1.67749
1.68579
1.69439
1.7026
1.71101
1.71899
1.72711
1.7348
1.74258
1.74992
1.75726
1.7641
1.7708
1.7769
1.78265
1.78758
1.79162
1.7942
1.36712
1.36241
1.37143
1.39145
1.41601
1.44018
1.46275
1.48504
1.50596
1.5244
1.5357
1.53389
1.52002
1.49359
1.44105
1.34845
1.24932
1.19562
1.17948
1.17977
1.18287
1.18339
1.17935
1.17189
1.16702
1.16669
1.17029
1.17718
1.19029
1.21117
1.23634
1.26268
1.2895
1.31651
1.34366
1.37089
1.39824
1.42532
1.45253
1.47905
1.50557
1.53127
1.55657
1.58125
1.60505
1.62826
1.65032
1.67118
1.69074
1.70807
1.72381
1.73645
1.74683
1.75402
1.75807
1.75937
1.75922
1.75572
1.74662
1.73247
1.71443
1.69486
1.6761
1.65947
1.64622
1.63604
1.62907
1.62519
1.62384
1.6249
1.62647
1.62912
1.63303
1.63805
1.64395
1.65037
1.65731
1.66441
1.67199
1.67962
1.68766
1.69557
1.7038
1.71166
1.71978
1.72749
1.73542
1.74291
1.75053
1.75772
1.76494
1.77171
1.77841
1.78457
1.79052
1.79574
1.80053
1.80441
1.8074
1.80935
1.41066
1.38842
1.39029
1.40435
1.42566
1.4495
1.47125
1.49097
1.50752
1.51712
1.51415
1.4992
1.47145
1.41759
1.32477
1.23088
1.18565
1.17766
1.18491
1.1976
1.21185
1.2184
1.21951
1.21613
1.20773
1.20164
1.20151
1.20544
1.21294
1.22667
1.24832
1.27368
1.30006
1.32683
1.3534
1.38012
1.40684
1.43355
1.46021
1.48661
1.51268
1.5384
1.56347
1.58829
1.61217
1.63576
1.65819
1.67979
1.7001
1.71866
1.7357
1.75027
1.76268
1.77235
1.77798
1.78057
1.78144
1.78049
1.77567
1.7658
1.75247
1.73521
1.71631
1.69801
1.68159
1.66891
1.65959
1.65399
1.65208
1.65287
1.65434
1.65682
1.66102
1.6664
1.67238
1.67852
1.68521
1.69209
1.69946
1.70678
1.71445
1.72186
1.72958
1.73699
1.74463
1.75189
1.75932
1.76634
1.77348
1.78014
1.78686
1.79298
1.79908
1.8044
1.80953
1.81367
1.81737
1.82009
1.82179
1.82293
1.50133
1.42829
1.41599
1.42064
1.43641
1.45762
1.4777
1.49386
1.5019
1.49711
1.48045
1.44965
1.39194
1.2973
1.20727
1.16878
1.16482
1.17438
1.19441
1.21986
1.23884
1.24811
1.25073
1.25127
1.24739
1.24014
1.23623
1.23811
1.24252
1.25059
1.2654
1.28706
1.31201
1.33824
1.36453
1.39095
1.41707
1.44334
1.46953
1.49564
1.52156
1.54705
1.57205
1.59657
1.62028
1.64367
1.66596
1.68773
1.70815
1.7273
1.74498
1.76043
1.77417
1.78509
1.79298
1.79698
1.79858
1.7989
1.79667
1.78984
1.78013
1.76851
1.7543
1.73871
1.72304
1.70929
1.69782
1.69011
1.68569
1.68517
1.6861
1.68789
1.6914
1.69636
1.70226
1.70832
1.71493
1.72138
1.72844
1.73519
1.74242
1.74917
1.75639
1.76308
1.77026
1.77688
1.78388
1.7902
1.79673
1.80261
1.80851
1.81383
1.81887
1.82325
1.82701
1.82998
1.8322
1.8335
1.83354
1.83419
1.67573
1.48529
1.44747
1.4425
1.44895
1.46392
1.48105
1.48976
1.48339
1.4644
1.42951
1.36553
1.26759
1.18064
1.14736
1.14707
1.15816
1.18298
1.21483
1.24162
1.26078
1.27199
1.27724
1.27978
1.2807
1.27839
1.27472
1.27392
1.27694
1.28161
1.29023
1.3052
1.32656
1.35089
1.37663
1.40283
1.42899
1.45483
1.4807
1.50611
1.53173
1.55665
1.58152
1.60554
1.62911
1.65201
1.67401
1.69547
1.71552
1.73471
1.75202
1.76782
1.78144
1.79261
1.80135
1.80632
1.80902
1.81049
1.81069
1.80824
1.80211
1.79499
1.78692
1.77664
1.76552
1.75361
1.74261
1.73288
1.72591
1.72204
1.72139
1.72186
1.72329
1.72661
1.73156
1.73727
1.74347
1.74993
1.75645
1.76292
1.76945
1.77594
1.78245
1.78891
1.79528
1.80161
1.8077
1.8137
1.81933
1.82475
1.82965
1.8342
1.83802
1.84126
1.84352
1.84519
1.84556
1.84499
1.84361
1.84395
1.95978
1.59254
1.48393
1.46421
1.46247
1.469
1.47675
1.47238
1.4512
1.41124
1.33931
1.23639
1.15245
1.12345
1.1264
1.13993
1.16841
1.20388
1.23404
1.2576
1.2759
1.28964
1.29956
1.30594
1.31034
1.3128
1.31357
1.31315
1.31485
1.31807
1.32283
1.33125
1.34624
1.36717
1.39075
1.41602
1.44174
1.46746
1.49299
1.51805
1.54305
1.56754
1.59187
1.61547
1.63858
1.66081
1.68234
1.70287
1.72244
1.74076
1.75747
1.7724
1.78527
1.79609
1.80473
1.8109
1.81448
1.81709
1.81897
1.81985
1.81942
1.81753
1.81454
1.81085
1.80506
1.79823
1.78935
1.78045
1.77163
1.76508
1.76047
1.75908
1.75902
1.75964
1.76187
1.76586
1.77146
1.77729
1.7834
1.78934
1.79538
1.80125
1.80719
1.81298
1.81876
1.82435
1.82983
1.83506
1.83999
1.84453
1.84852
1.85188
1.85443
1.85613
1.85701
1.85678
1.85564
1.85364
1.85048
1.84945
2.34498
1.81388
1.56592
1.49888
1.4812
1.47365
1.46412
1.44061
1.3928
1.3081
1.20219
1.12458
1.09999
1.10511
1.12361
1.15625
1.19305
1.22379
1.24881
1.26965
1.28796
1.30436
1.31847
1.32987
1.33897
1.34526
1.34948
1.3522
1.35434
1.35682
1.36029
1.36541
1.37385
1.38837
1.40871
1.43177
1.45621
1.4812
1.50636
1.53109
1.55553
1.57946
1.60306
1.62601
1.64832
1.66979
1.69032
1.70988
1.72827
1.7452
1.76072
1.77434
1.78608
1.79584
1.80378
1.81041
1.81539
1.82009
1.82373
1.82788
1.8314
1.83474
1.83711
1.83821
1.83827
1.83649
1.83183
1.82563
1.81812
1.81051
1.80316
1.79785
1.79446
1.79358
1.79358
1.79454
1.79758
1.80208
1.80756
1.81318
1.81895
1.8245
1.82999
1.8353
1.84048
1.84549
1.85026
1.85472
1.85877
1.86224
1.86502
1.86687
1.86781
1.86782
1.86686
1.86509
1.8625
1.85813
1.85137
1.84821
2.6375
2.19938
1.73305
1.54854
1.50009
1.47399
1.43819
1.37407
1.27046
1.16167
1.09613
1.07826
1.08573
1.10956
1.14597
1.18208
1.21259
1.23753
1.25926
1.27944
1.29898
1.31769
1.33538
1.35092
1.36418
1.37476
1.383
1.38863
1.39251
1.39561
1.39884
1.40268
1.4081
1.41702
1.43131
1.45036
1.47227
1.49567
1.51975
1.54376
1.56746
1.59083
1.61359
1.6357
1.65698
1.67729
1.6965
1.71461
1.7314
1.74688
1.76041
1.77236
1.78226
1.79112
1.79834
1.80558
1.81173
1.81855
1.82483
1.83213
1.83898
1.84632
1.85224
1.85833
1.86208
1.86451
1.86378
1.86194
1.85833
1.85215
1.84435
1.83668
1.82997
1.82528
1.82275
1.82224
1.82242
1.8238
1.82726
1.83195
1.83715
1.84242
1.84767
1.85264
1.85741
1.86183
1.86594
1.86957
1.87265
1.87495
1.87634
1.87667
1.8762
1.8749
1.87271
1.86854
1.86258
1.85566
1.84728
1.84314
2.79527
2.51543
2.01553
1.64843
1.51905
1.45737
1.36644
1.23236
1.11121
1.05735
1.05014
1.06247
1.09434
1.13534
1.1712
1.20064
1.22472
1.24603
1.2664
1.28692
1.30749
1.32805
1.34789
1.36651
1.38316
1.39747
1.40937
1.41886
1.42566
1.43059
1.43445
1.43799
1.44223
1.44818
1.45759
1.47136
1.48879
1.50902
1.53089
1.55365
1.57655
1.59937
1.62131
1.64242
1.6626
1.68156
1.69927
1.71557
1.7303
1.74354
1.75488
1.76486
1.77337
1.78115
1.78873
1.79615
1.80442
1.81272
1.82203
1.83137
1.84142
1.8511
1.86064
1.86913
1.87648
1.88228
1.8858
1.88712
1.8854
1.8828
1.87852
1.87164
1.86365
1.85596
1.84994
1.84573
1.84398
1.84384
1.84448
1.84646
1.85007
1.85471
1.85945
1.86413
1.86845
1.87231
1.87562
1.87817
1.87999
1.8807
1.88047
1.87965
1.87789
1.87433
1.86904
1.86198
1.85408
1.84612
1.83745
1.83351
2.88371
2.72884
2.37636
1.85701
1.56943
1.41051
1.20648
1.05429
1.00323
1.00779
1.02971
1.0698
1.11511
1.1529
1.18255
1.206
1.2265
1.24674
1.26741
1.28907
1.31104
1.33311
1.35464
1.3753
1.39455
1.4119
1.42701
1.43991
1.45024
1.458
1.46372
1.46816
1.47206
1.47645
1.48238
1.49141
1.50414
1.52026
1.53871
1.55885
1.57989
1.60092
1.6221
1.64222
1.66144
1.67891
1.69497
1.70915
1.72176
1.73252
1.7419
1.74992
1.7575
1.76482
1.77276
1.78127
1.79086
1.80093
1.81213
1.82336
1.83541
1.84679
1.85849
1.86875
1.87886
1.88682
1.89395
1.89805
1.90047
1.89943
1.89721
1.89372
1.88814
1.88032
1.87237
1.86506
1.85981
1.85634
1.85534
1.85564
1.85679
1.85907
1.86257
1.86673
1.87055
1.87389
1.87637
1.87773
1.87792
1.8776
1.87633
1.8733
1.86877
1.86221
1.85472
1.84617
1.83757
1.82976
1.822
1.81897
2.9341
2.84064
2.63032
2.19365
1.66714
1.2594
0.980827
0.916677
0.935932
0.976617
1.03094
1.07991
1.11998
1.1511
1.17535
1.19639
1.21686
1.23822
1.26041
1.28352
1.30689
1.32996
1.35238
1.3741
1.39466
1.41375
1.43101
1.44618
1.45928
1.46987
1.47806
1.48428
1.48907
1.49331
1.49772
1.50355
1.51193
1.52342
1.53818
1.55484
1.57311
1.59177
1.61086
1.62919
1.64677
1.66286
1.6771
1.68932
1.6997
1.70855
1.71619
1.72341
1.73059
1.73853
1.74741
1.7574
1.76839
1.78028
1.79282
1.80587
1.81897
1.83201
1.84458
1.85671
1.86772
1.87809
1.88644
1.89401
1.89855
1.9018
1.90136
1.89939
1.89658
1.8922
1.88538
1.87717
1.86933
1.86287
1.85854
1.85609
1.85545
1.85607
1.85757
1.8596
1.86214
1.86438
1.86559
1.86603
1.86558
1.86348
1.85995
1.854
1.84689
1.83832
1.82962
1.82081
1.81283
1.80633
1.8004
1.79868
2.95282
2.88151
2.72162
2.35381
1.71251
1.00169
0.70715
0.742654
0.814563
0.899181
0.970383
1.0231
1.06265
1.09348
1.1201
1.14535
1.1703
1.19544
1.22065
1.24591
1.27102
1.29603
1.32008
1.34319
1.36517
1.38601
1.4052
1.42269
1.43825
1.45178
1.46294
1.47186
1.47884
1.48435
1.48919
1.49383
1.49979
1.50768
1.51831
1.53163
1.54676
1.56286
1.57925
1.59564
1.61091
1.62501
1.63756
1.64839
1.65717
1.66519
1.67243
1.6801
1.68818
1.69768
1.70814
1.71995
1.73249
1.74602
1.75988
1.77425
1.78833
1.80257
1.816
1.82938
1.84157
1.85334
1.86345
1.87291
1.88012
1.88629
1.88944
1.8907
1.88909
1.88696
1.8836
1.87774
1.86989
1.86172
1.85453
1.84893
1.84531
1.84327
1.84256
1.84257
1.84308
1.84342
1.84291
1.84143
1.83914
1.83459
1.82851
1.82027
1.81166
1.8023
1.79371
1.78589
1.77958
1.77508
1.7713
1.77088
2.95737
2.89721
2.74562
2.39433
1.69979
0.793669
0.431334
0.528029
0.651925
0.75949
0.836676
0.893114
0.937869
0.976371
1.0117
1.04511
1.07691
1.10751
1.13693
1.16542
1.19314
1.22013
1.24669
1.27211
1.2964
1.31951
1.34127
1.36146
1.37994
1.39653
1.41109
1.42336
1.4334
1.44138
1.44789
1.45327
1.45848
1.46463
1.47228
1.48215
1.49427
1.5077
1.52148
1.53528
1.54828
1.56039
1.57141
1.58108
1.59
1.5985
1.60741
1.61686
1.62768
1.63946
1.65257
1.66636
1.68117
1.69624
1.71188
1.72732
1.74293
1.75805
1.77306
1.78724
1.80118
1.81393
1.82624
1.83697
1.84707
1.85505
1.86202
1.86613
1.86833
1.86755
1.86599
1.86335
1.85838
1.85108
1.84224
1.83429
1.82711
1.82201
1.81782
1.81517
1.8125
1.81025
1.80692
1.80318
1.7974
1.79067
1.78208
1.77324
1.76379
1.75539
1.74772
1.74204
1.73755
1.73532
1.7331
1.73389
2.95938
2.90103
2.75278
2.40203
1.68335
0.710311
0.281863
0.403663
0.531299
0.620702
0.688355
0.744197
0.793894
0.839682
0.882181
0.921926
0.959128
0.994232
1.02759
1.05948
1.09014
1.11973
1.14836
1.17633
1.20307
1.22878
1.25311
1.27624
1.29768
1.31748
1.33537
1.35106
1.36438
1.37537
1.38407
1.39104
1.39648
1.40152
1.40704
1.41392
1.42241
1.43231
1.44292
1.45343
1.46394
1.47414
1.48407
1.49356
1.50331
1.51348
1.5247
1.53699
1.55057
1.56525
1.58094
1.59742
1.61443
1.6318
1.64928
1.66679
1.68411
1.70113
1.71772
1.73373
1.74916
1.76391
1.77788
1.79085
1.80273
1.8134
1.82248
1.82997
1.83512
1.83771
1.83752
1.83633
1.83389
1.82926
1.8214
1.812
1.80224
1.79336
1.78527
1.77843
1.77179
1.7656
1.75861
1.75124
1.74241
1.73327
1.72344
1.71425
1.70553
1.69852
1.69276
1.68908
1.68654
1.68581
1.68491
1.68654
2.96026
2.90205
2.7555
2.40481
1.68079
0.693858
0.255335
0.375549
0.477482
0.538865
0.587555
0.634259
0.680714
0.725999
0.769346
0.810467
0.849603
0.886779
0.922308
0.956554
0.989414
1.02124
1.05206
1.08186
1.11096
1.13895
1.16568
1.19144
1.21546
1.23805
1.2588
1.27726
1.29363
1.30709
1.31811
1.32644
1.33212
1.33616
1.34024
1.3443
1.34884
1.354
1.35981
1.36591
1.3734
1.38157
1.3906
1.40017
1.41163
1.42441
1.43906
1.45491
1.47233
1.49046
1.50949
1.52876
1.54839
1.5679
1.58736
1.60649
1.6253
1.64369
1.66155
1.6789
1.69557
1.71167
1.7269
1.74148
1.75477
1.7673
1.77803
1.78777
1.79501
1.80067
1.80256
1.80242
1.8012
1.79844
1.79252
1.78389
1.77201
1.76039
1.74753
1.73609
1.72387
1.71284
1.70085
1.68945
1.67738
1.66639
1.65573
1.64698
1.6394
1.63409
1.63004
1.62796
1.62668
1.62671
1.62657
1.62853
2.96118
2.90164
2.75757
2.4059
1.68229
0.692788
0.25554
0.376979
0.471294
0.516274
0.547763
0.581552
0.619032
0.658206
0.69754
0.736115
0.773769
0.810429
0.84614
0.88079
0.914717
0.947691
0.979802
1.01114
1.04162
1.07111
1.09966
1.12703
1.15288
1.17747
1.20014
1.2207
1.23922
1.25474
1.26743
1.27712
1.28255
1.28587
1.28863
1.29043
1.29047
1.29047
1.29093
1.29389
1.29817
1.30331
1.31061
1.32095
1.33452
1.35007
1.3678
1.38662
1.40673
1.42727
1.44839
1.46947
1.49061
1.51146
1.53202
1.55221
1.57195
1.5913
1.61006
1.62832
1.64586
1.66272
1.67883
1.69409
1.70855
1.72184
1.73419
1.74491
1.7544
1.76153
1.76661
1.76779
1.76739
1.76584
1.76221
1.75468
1.74309
1.72891
1.71299
1.69576
1.67849
1.66092
1.64406
1.62802
1.61327
1.6005
1.58967
1.58144
1.57498
1.57103
1.56812
1.56708
1.56649
1.56688
1.56708
1.56896
2.9603
2.90337
2.75695
2.40806
1.68473
0.694814
0.258468
0.380759
0.474718
0.514762
0.538571
0.565109
0.596755
0.631442
0.667177
0.702963
0.738619
0.773824
0.808602
0.842889
0.876669
0.909808
0.942438
0.974374
1.00556
1.03583
1.06538
1.09346
1.12045
1.14613
1.16976
1.19172
1.21141
1.2282
1.24204
1.25254
1.25783
1.26057
1.26228
1.26235
1.25922
1.25416
1.25052
1.24878
1.25137
1.25484
1.26031
1.26936
1.28361
1.30043
1.31986
1.34038
1.36176
1.38353
1.40542
1.42732
1.44894
1.47021
1.49106
1.51153
1.5315
1.55117
1.57015
1.58876
1.60663
1.62397
1.64063
1.65657
1.6718
1.68605
1.69933
1.71138
1.72199
1.7308
1.73754
1.74055
1.74068
1.73975
1.73699
1.73075
1.72002
1.70434
1.68562
1.66422
1.64154
1.61881
1.59706
1.57724
1.56036
1.54612
1.53531
1.52702
1.52131
1.5174
1.5152
1.51394
1.51345
1.5136
1.51334
1.51501
2.96086
2.90289
2.75784
2.40885
1.68623
0.696471
0.260324
0.382781
0.477133
0.515974
0.537354
0.561488
0.591274
0.624546
0.659046
0.693797
0.728585
0.763072
0.797344
0.831333
0.864874
0.898027
0.930667
0.962872
0.994188
1.02492
1.05465
1.08317
1.11051
1.13662
1.16069
1.18317
1.20343
1.22082
1.2352
1.24617
1.25143
1.25388
1.25489
1.25426
1.24931
1.24218
1.2352
1.23142
1.23236
1.23478
1.23929
1.2475
1.26129
1.27838
1.29841
1.31922
1.34089
1.36279
1.38475
1.40662
1.42803
1.44918
1.46982
1.49026
1.51012
1.5298
1.54874
1.56745
1.58539
1.60292
1.61977
1.63599
1.65149
1.66613
1.67983
1.69238
1.70356
1.71302
1.72044
1.72456
1.72506
1.72433
1.72184
1.71618
1.70551
1.68928
1.66889
1.64473
1.61874
1.59241
1.56738
1.54534
1.52666
1.51176
1.50049
1.49216
1.48627
1.48253
1.47993
1.47872
1.47778
1.4776
1.47679
1.47821
)
;

boundaryField
{
    inlet
    {
        type            calculated;
        value           uniform 3.00001;
    }
    outlet
    {
        type            calculated;
        value           nonuniform List<scalar> 
40
(
0.895576
1.00136
1.08838
1.16775
1.23445
1.29197
1.33944
1.38219
1.42084
1.45647
1.49135
1.52545
1.55952
1.59271
1.62389
1.65208
1.67696
1.69987
1.72133
1.74073
1.75982
1.77755
1.7942
1.80935
1.82293
1.83419
1.84395
1.84945
1.84821
1.84314
1.83351
1.81897
1.79868
1.77088
1.73389
1.68654
1.62853
1.56896
1.51501
1.47821
)
;
    }
    top
    {
        type            symmetryPlane;
    }
    bottom
    {
        type            symmetryPlane;
    }
    obstacle
    {
        type            calculated;
        value           nonuniform List<scalar> 
110
(
0.0266908
0.0559582
0.09609
0.138286
0.182801
0.232842
0.292112
0.366618
0.466894
0.637235
0.851283
1.14703
1.21239
1.05314
0.671673
0.278024
0.0624031
0.0619056
0.179035
0.253017
0.319932
0.372355
0.411931
0.439046
0.457429
0.474625
0.494847
0.517533
0.541014
0.563731
0.585016
0.606214
0.627955
0.64816
0.661347
0.66744
0.66955
0.664427
0.646089
0.614756
0.5723
0.522652
0.469143
0.413977
0.359808
0.307959
0.258935
0.212517
0.167295
0.124593
0.083818
0.0448885
0.00585959
0.0334064
0.0671182
0.0999432
0.131016
0.160477
0.187921
0.214305
0.24195
0.269376
0.295788
0.320794
0.34536
0.368874
0.392204
0.414499
0.436738
0.457973
0.479217
0.499484
0.519827
0.539212
0.558719
0.577278
0.595995
0.613775
0.631728
0.648756
0.665948
0.68224
0.698635
0.714168
0.729668
0.744378
0.758841
0.772613
0.78585
0.798443
0.810271
0.821347
0.831521
0.840709
0.848794
0.855369
0.860827
0.865904
0.870308
0.873587
0.875551
0.877056
0.87769
0.878732
0.879454
0.881185
0.883151
0.885917
0.888537
0.895568
)
;
    }
    frontAndBack
    {
        type            empty;
    }
}


// ************************************************************************* //
