/*--------------------------------*- C++ -*----------------------------------*\
  =========                 |
  \\      /  F ield         | OpenFOAM: The Open Source CFD Toolbox
   \\    /   O peration     | Website:  https://openfoam.org
    \\  /    A nd           | Version:  13
     \\/     M anipulation  |
\*---------------------------------------------------------------------------*/
FoamFile
{
    format      ascii;
    class       volScalarField;
    location    "5";
    object      rho;
}
// * * * * * * * * * * * * * * * * * * * * * * * * * * * * * * * * * * * * * //

dimensions      [1 -3 0 0 0 0 0];

internalField   nonuniform List<scalar> 
5250
(
1.40001
1.40002
1.40007
1.40014
1.40041
1.40086
1.40246
1.40526
1.41456
1.43224
1.48147
1.58143
1.80384
2.28273
4.23582
5.926
5.76018
5.64721
5.66592
5.74738
5.8367
5.88859
5.92916
5.96061
5.9866
1.40001
1.40002
1.40006
1.40016
1.40036
1.40097
1.40213
1.40587
1.41296
1.43405
1.47719
1.58192
1.79593
2.26973
4.18257
5.93342
5.76164
5.64451
5.66368
5.74575
5.83518
5.88729
5.92865
5.96086
5.98776
1.40001
1.40002
1.40006
1.40014
1.40038
1.40084
1.40233
1.40503
1.41384
1.43072
1.47759
1.57351
1.7867
2.23916
4.06438
5.95029
5.76473
5.63601
5.65487
5.73553
5.82413
5.87603
5.91652
5.94917
5.97631
1.40001
1.40002
1.40006
1.40013
1.40035
1.40083
1.4021
1.40508
1.41246
1.43034
1.47224
1.56682
1.7682
2.19681
3.88076
5.97672
5.7712
5.62245
5.63851
5.71765
5.80429
5.85321
5.89405
5.9248
5.95239
1.40001
1.40002
1.40006
1.40012
1.40035
1.40072
1.40207
1.40443
1.4122
1.42719
1.46885
1.55467
1.74707
2.14274
3.63805
6.0075
5.78254
5.60617
5.61847
5.69044
5.7769
5.82317
5.8601
5.89075
5.91925
1.40001
1.40002
1.40005
1.40011
1.40032
1.40067
1.4019
1.40405
1.41123
1.42476
1.46342
1.54213
1.72129
2.08402
3.34679
6.02298
5.79664
5.5896
5.59561
5.65768
5.73848
5.78185
5.81446
5.84183
5.87224
1.40001
1.40002
1.40004
1.40012
1.40025
1.4007
1.40151
1.40413
1.40925
1.42418
1.45522
1.53269
1.69246
2.02927
3.06701
5.97541
5.78873
5.56632
5.56599
5.61603
5.69014
5.72522
5.75101
5.77201
5.80305
1.40001
1.40002
1.40004
1.4001
1.40025
1.40059
1.40145
1.40365
1.40861
1.42174
1.45088
1.52104
1.66987
1.98061
2.87217
5.78249
5.71477
5.52894
5.52483
5.55855
5.62395
5.64996
5.66376
5.67277
5.69954
1.40001
1.40002
1.40004
1.4001
1.40021
1.40057
1.40127
1.40336
1.40775
1.4198
1.44612
1.51084
1.64709
1.93568
2.69762
5.47399
5.58609
5.50418
5.47655
5.48806
5.53765
5.54982
5.54492
5.52832
5.53114
1.40001
1.40001
1.40003
1.40008
1.40019
1.4005
1.40114
1.40305
1.4068
1.41808
1.44097
1.50057
1.62379
1.88982
2.53564
5.08503
5.51808
5.46822
5.40989
5.41112
5.43178
5.42398
5.39265
5.31993
5.26027
1.40001
1.40001
1.40003
1.40008
1.40016
1.40046
1.40097
1.40275
1.40586
1.41617
1.4358
1.4897
1.59922
1.84018
2.38337
4.62027
5.47785
5.43692
5.34002
5.32385
5.3142
5.28085
5.18687
4.96136
4.30292
1.40001
1.40001
1.40003
1.40006
1.40015
1.40038
1.40086
1.40232
1.40511
1.41379
1.43093
1.47744
1.57365
1.78585
2.23738
4.07492
5.46102
5.41204
5.28361
5.23407
5.20026
5.12821
4.97209
4.64776
3.93841
1.40001
1.40001
1.40002
1.40006
1.40012
1.40032
1.4007
1.40196
1.40418
1.41163
1.42551
1.46527
1.54605
1.72883
2.09835
3.46677
5.4529
5.39977
5.24919
5.15147
5.08951
4.9838
4.78179
4.43842
3.86477
1.40001
1.40001
1.40002
1.40004
1.40011
1.40023
1.40066
1.40138
1.40388
1.40836
1.42253
1.45017
1.52259
1.66895
1.97618
2.84923
5.36332
5.35212
5.24157
5.08893
4.98859
4.86121
4.64393
4.31865
3.87155
1.40001
1.40001
1.40002
1.40004
1.40008
1.40022
1.40046
1.40129
1.4028
1.40758
1.41702
1.44347
1.49872
1.62756
1.88869
2.53844
4.96539
5.25272
5.18726
5.02997
4.90293
4.75641
4.55379
4.24766
3.88111
1.40001
1.40001
1.40001
1.40003
1.40007
1.40018
1.40038
1.40105
1.40223
1.40622
1.41351
1.4358
1.47998
1.58895
1.8076
2.30016
4.27489
5.14196
5.10785
4.98656
4.83307
4.67289
4.48093
4.20679
3.88434
1.40001
1.40001
1.40001
1.40003
1.40005
1.40014
1.40029
1.40082
1.40176
1.40487
1.41067
1.42821
1.46341
1.55184
1.73049
2.10525
3.53146
5.09336
5.06985
4.96861
4.78443
4.60961
4.42188
4.17589
3.88721
1.40001
1.40001
1.40001
1.40002
1.40004
1.40011
1.40022
1.40063
1.40132
1.40371
1.40796
1.4215
1.44764
1.51664
1.65556
1.94022
2.72493
4.95578
5.05297
4.96864
4.77432
4.57182
4.37987
4.15239
3.89248
1.40001
1.40001
1.40001
1.40002
1.40003
1.40008
1.40018
1.40048
1.40101
1.40285
1.40602
1.41659
1.43637
1.49101
1.60081
1.83984
2.38082
4.45492
4.96364
4.91245
4.762
4.54739
4.35015
4.1367
3.89807
1.40001
1.40001
1.40001
1.40001
1.40003
1.40006
1.40014
1.40034
1.4008
1.40205
1.40469
1.41221
1.4279
1.46892
1.55565
1.74542
2.12966
3.65154
4.86963
4.84785
4.7503
4.5398
4.33288
4.12704
3.90668
1.40001
1.40001
1.40001
1.40001
1.40002
1.40004
1.40011
1.40023
1.40062
1.40139
1.4036
1.40835
1.4209
1.44883
1.51529
1.65617
1.92993
2.7283
4.70257
4.82692
4.75314
4.56671
4.33572
4.12709
3.92054
1.40001
1.40001
1.40001
1.40001
1.40002
1.40003
1.40008
1.40017
1.40046
1.40096
1.40272
1.40572
1.4158
1.4344
1.48642
1.59018
1.81467
2.30884
4.17588
4.7526
4.71204
4.58474
4.35412
4.1394
3.93787
1.40001
1.40001
1.40001
1.40001
1.40001
1.40003
1.40006
1.40013
1.40032
1.4007
1.40192
1.4041
1.41128
1.42457
1.46276
1.5393
1.71298
2.04563
3.31306
4.63344
4.63942
4.57353
4.39337
4.16833
3.96204
1.40001
1.40001
1.40001
1.40001
1.40001
1.40002
1.40004
1.40009
1.40022
1.40049
1.40131
1.40283
1.40771
1.41675
1.44343
1.4964
1.62261
1.85307
2.45523
4.32584
4.62249
4.5707
4.43024
4.20624
3.99224
1.40001
1.40001
1.40001
1.40001
1.40001
1.40002
1.40003
1.40007
1.40015
1.40035
1.40086
1.40202
1.40514
1.41179
1.42978
1.46796
1.55891
1.74167
2.11898
3.57722
4.53794
4.52176
4.45118
4.26825
4.03443
1.40001
1.40001
1.40001
1.40001
1.40001
1.40001
1.40002
1.40005
1.40009
1.40025
1.40053
1.40146
1.40314
1.4084
1.41862
1.4472
1.50525
1.63991
1.87812
2.57516
4.30672
4.51423
4.46224
4.33041
4.09656
1.40001
1.40001
1.40001
1.40001
1.40001
1.40001
1.40002
1.40003
1.40007
1.40016
1.40038
1.40093
1.40215
1.40552
1.4125
1.43174
1.47168
1.56745
1.75401
2.15576
3.67002
4.43818
4.42494
4.35618
4.18549
1.40001
1.40001
1.40001
1.40001
1.40001
1.40001
1.40001
1.40002
1.40005
1.4001
1.40027
1.40056
1.40152
1.40328
1.40877
1.41938
1.44914
1.50906
1.64766
1.89146
2.67014
4.2087
4.40713
4.36463
4.24959
1.40001
1.40001
1.40001
1.40001
1.40001
1.40001
1.40001
1.40002
1.40003
1.40007
1.40016
1.40039
1.40091
1.4023
1.40524
1.41338
1.4304
1.47391
1.56495
1.75123
2.14694
3.60554
4.32625
4.32369
4.27003
1.40001
1.40001
1.40001
1.40001
1.40001
1.40001
1.40001
1.40001
1.40002
1.40004
1.40011
1.40023
1.40063
1.40131
1.40362
1.40766
1.42055
1.44481
1.50935
1.63512
1.87157
2.595
4.07606
4.30454
4.27343
1.40001
1.40001
1.40001
1.40001
1.40001
1.40001
1.40001
1.40001
1.40002
1.40003
1.40007
1.40015
1.40039
1.40084
1.40219
1.40497
1.41249
1.42891
1.46923
1.55559
1.72982
2.09402
3.43605
4.21095
4.24176
1.40001
1.40001
1.40001
1.40001
1.40001
1.40001
1.40001
1.40001
1.40001
1.40002
1.40004
1.4001
1.40021
1.40057
1.4012
1.40328
1.40699
1.41852
1.44053
1.49849
1.61202
1.81963
2.38195
3.92768
4.22092
1.40001
1.40001
1.40001
1.40001
1.40001
1.40001
1.40001
1.40001
1.40001
1.40001
1.40003
1.40006
1.40014
1.40033
1.40078
1.40193
1.40443
1.41121
1.42538
1.46211
1.53817
1.69876
2.01063
3.18351
4.08054
1.40001
1.40001
1.40001
1.40001
1.40001
1.40001
1.40001
1.40001
1.40001
1.40001
1.40002
1.40004
1.40009
1.40019
1.4005
1.40106
1.40287
1.40608
1.41624
1.43514
1.48681
1.58662
1.77589
2.24468
3.70146
1.40001
1.40001
1.40001
1.40001
1.40001
1.40001
1.40001
1.40001
1.40001
1.40001
1.40001
1.40002
1.40006
1.40012
1.40029
1.40068
1.40158
1.40397
1.40896
1.42262
1.45075
1.51978
1.6544
1.91156
2.80514
1.40001
1.40001
1.40001
1.40001
1.40001
1.40001
1.40001
1.40001
1.40001
1.40001
1.40001
1.40002
1.40003
1.40008
1.40016
1.4004
1.40093
1.40224
1.40545
1.41265
1.43077
1.4703
1.55968
1.7232
2.09675
1.40001
1.40001
1.40001
1.40001
1.40001
1.40001
1.40001
1.40001
1.40001
1.40001
1.40001
1.40001
1.40002
1.40005
1.40009
1.40024
1.40052
1.40132
1.40301
1.40734
1.41729
1.44065
1.49341
1.60344
1.79356
1.40001
1.40001
1.40001
1.40001
1.40001
1.40001
1.40001
1.40001
1.40001
1.40001
1.40001
1.40001
1.40001
1.40003
1.40006
1.40014
1.40029
1.40079
1.40164
1.40446
1.4094
1.42479
1.45355
1.52821
1.66349
1.40001
1.40001
1.40001
1.40001
1.40001
1.40001
1.40001
1.40001
1.40001
1.40001
1.40001
1.40001
1.40001
1.40002
1.40004
1.40008
1.40018
1.40043
1.40095
1.40245
1.40532
1.41392
1.43019
1.47421
1.55978
1.40001
1.40001
1.40001
1.40001
1.40001
1.40001
1.40001
1.40001
1.40001
1.40001
1.40001
1.40001
1.40001
1.40001
1.40002
1.40004
1.4001
1.40023
1.40055
1.4013
1.40304
1.40748
1.41693
1.44133
1.4915
1.40001
1.40001
1.40001
1.40001
1.40001
1.40001
1.40001
1.40001
1.40001
1.40001
1.40001
1.40001
1.40001
1.40001
1.40002
1.40003
1.40006
1.40013
1.40031
1.40072
1.40171
1.40419
1.40949
1.42359
1.45255
1.40001
1.40001
1.40001
1.40001
1.40001
1.40001
1.40001
1.40001
1.40001
1.40001
1.40001
1.40001
1.40001
1.40001
1.40001
1.40002
1.40003
1.40008
1.40017
1.40043
1.40092
1.4024
1.40526
1.41333
1.42968
1.40001
1.40001
1.40001
1.40001
1.40001
1.40001
1.40001
1.40001
1.40001
1.40001
1.40001
1.40001
1.40001
1.40001
1.40001
1.40001
1.40002
1.40005
1.4001
1.40025
1.40055
1.4014
1.40305
1.40798
1.41709
1.40001
1.40001
1.40001
1.40001
1.40001
1.40001
1.40001
1.40001
1.40001
1.40001
1.40001
1.40001
1.40001
1.40001
1.40001
1.40001
1.40002
1.40003
1.40008
1.40016
1.40041
1.40089
1.40228
1.40522
1.41288
1.40001
1.40001
1.40001
1.40001
1.40001
1.40001
1.40001
1.40001
1.40001
1.40001
1.40001
1.40001
1.40001
1.40001
1.40001
1.40001
1.40001
1.40003
1.40005
1.40014
1.4003
1.40081
1.40172
1.40471
1.41028
1.40001
1.40001
1.40001
1.40001
1.40001
1.40001
1.40001
1.40001
1.40001
1.40001
1.40001
1.40001
1.40001
1.40001
1.40001
1.40001
1.40001
1.40003
1.40005
1.40013
1.40027
1.40075
1.40158
1.40441
1.4096
1.40001
1.40001
1.40001
1.40001
1.40001
1.40001
1.40001
1.40001
1.40001
1.40001
1.40001
1.40001
1.40001
1.40001
1.40001
1.40001
1.40001
1.40002
1.40005
1.40012
1.40026
1.40073
1.40153
1.40432
1.40933
1.40001
1.40001
1.40001
1.40001
1.40001
1.40001
1.40001
1.40001
1.40001
1.40001
1.40001
1.40001
1.40001
1.40001
1.40001
1.40001
1.40001
1.40002
1.40005
1.40011
1.40029
1.40062
1.40174
1.40377
1.41028
1.40001
1.40001
1.40001
1.40001
1.40001
1.40001
1.40001
1.40001
1.40001
1.40001
1.40001
1.40001
1.40001
1.40001
1.40001
1.40001
1.40001
1.40002
1.40005
1.40011
1.40029
1.40062
1.40175
1.4037
1.4104
1.40001
1.40001
1.40001
1.40001
1.40001
1.40001
1.40001
1.40001
1.40001
1.40001
1.40001
1.40001
1.40001
1.40001
1.40001
1.40001
1.40001
1.40002
1.40005
1.40012
1.40025
1.40071
1.4015
1.40425
1.40918
1.90569
1.05628
0.801772
0.790652
0.909304
1.22094
1.42337
1.46036
1.51263
1.54639
1.55288
1.54878
1.54686
1.55058
1.54842
1.54158
1.53288
1.52014
1.50829
1.49652
1.48289
1.47059
1.45402
1.44372
1.44131
1.44147
1.44359
1.45796
1.48468
1.52585
1.57669
1.63346
1.69288
1.75153
1.8075
1.85851
1.9039
1.94577
1.98197
2.01569
2.04515
2.07062
2.09355
2.11315
2.12963
2.14119
2.15145
2.15695
2.16229
2.16375
2.16597
2.16163
2.15966
2.15226
2.14769
2.13741
2.13044
2.11775
2.1087
2.09444
2.08369
2.06808
2.056
2.03941
2.02627
2.00895
1.99503
1.97727
1.96279
1.94487
1.93008
1.91238
1.89749
1.88036
1.86555
1.84944
1.83504
1.82054
1.80709
1.7946
1.78301
1.77289
1.76415
1.75706
1.75189
1.74911
1.7496
1.75054
1.7524
1.75606
1.76235
1.77146
1.77962
1.79001
1.79783
1.80658
1.81214
1.81664
1.81921
1.82402
2.35191
1.56812
1.21946
1.19203
1.21263
1.30184
1.51092
1.54073
1.53409
1.53114
1.52567
1.52051
1.51591
1.50981
1.50247
1.49085
1.47348
1.45902
1.45035
1.43618
1.42259
1.41151
1.39639
1.38468
1.38048
1.37936
1.38015
1.39242
1.4183
1.46068
1.51504
1.57581
1.64096
1.70614
1.77003
1.82818
1.88203
1.93124
1.97881
2.02111
2.06143
2.09364
2.12467
2.14975
2.17292
2.1895
2.20486
2.21514
2.22414
2.22986
2.23538
2.23471
2.23426
2.23027
2.22698
2.21988
2.21358
2.20359
2.19486
2.18268
2.17195
2.15815
2.14585
2.13075
2.11733
2.10117
2.08702
2.07014
2.05547
2.03816
2.02318
2.00588
1.99081
1.97403
1.95907
1.94339
1.92889
1.91478
1.90141
1.88923
1.87798
1.86816
1.85987
1.85326
1.84864
1.84651
1.84775
1.84969
1.85247
1.85684
1.86423
1.87375
1.88294
1.8938
1.90281
1.91182
1.91853
1.92312
1.92666
1.93294
2.87512
2.15284
1.70981
1.43571
1.40013
1.41051
1.49429
1.65501
1.65197
1.60984
1.59023
1.57129
1.55384
1.53542
1.51507
1.49231
1.47038
1.44874
1.42996
1.41302
1.39624
1.3769
1.35555
1.33853
1.33188
1.33115
1.3326
1.34413
1.36945
1.41136
1.46949
1.53814
1.61001
1.68488
1.75865
1.82905
1.89359
1.95134
2.00511
2.05261
2.09442
2.13091
2.16361
2.19174
2.21682
2.23646
2.25399
2.26644
2.2772
2.28494
2.29233
2.29412
2.29409
2.291
2.28846
2.2823
2.27636
2.26709
2.25825
2.24649
2.23541
2.22161
2.2089
2.19352
2.17958
2.16303
2.14811
2.13075
2.1151
2.09736
2.08126
2.06365
2.04741
2.03039
2.01438
1.99837
1.9831
1.96856
1.95478
1.94216
1.93074
1.92073
1.91243
1.90592
1.90139
1.89933
1.90059
1.90254
1.90549
1.90974
1.91672
1.92524
1.93369
1.94313
1.9515
1.95928
1.96557
1.96962
1.97296
1.97999
3.17092
2.54028
2.05694
1.73329
1.56956
1.5551
1.57604
1.67909
1.76927
1.76195
1.72429
1.67969
1.64294
1.61683
1.58598
1.55105
1.51904
1.48825
1.45676
1.42864
1.40383
1.37942
1.35603
1.33821
1.32681
1.32036
1.32058
1.32893
1.35274
1.40039
1.46702
1.54205
1.62403
1.70592
1.78698
1.8592
1.92625
1.9858
2.04172
2.09046
2.1356
2.17394
2.20989
2.23976
2.26735
2.28896
2.30831
2.32225
2.33398
2.34263
2.35105
2.35448
2.35442
2.35149
2.3491
2.34381
2.33833
2.32979
2.32131
2.30998
2.29915
2.28564
2.27301
2.25792
2.24384
2.22762
2.21242
2.19543
2.17944
2.16205
2.1456
2.12818
2.11162
2.09461
2.07834
2.06226
2.04691
2.03231
2.01868
2.00621
1.99508
1.98553
1.97769
1.97169
1.96772
1.96591
1.96722
1.9692
1.972
1.97608
1.98208
1.98867
1.99585
2.00275
2.00943
2.01518
2.02002
2.02327
2.02646
2.03371
3.34685
2.81199
2.35276
2.01883
1.77329
1.69799
1.68919
1.71343
1.82347
1.86801
1.85393
1.81747
1.77484
1.73066
1.68541
1.64405
1.60992
1.56937
1.52679
1.49071
1.45889
1.42576
1.39725
1.37599
1.36015
1.351
1.35071
1.36071
1.38939
1.44052
1.50628
1.58353
1.66306
1.74633
1.82708
1.90223
1.97209
2.03515
2.0935
2.14562
2.1928
2.23402
2.27083
2.30241
2.33027
2.35292
2.37247
2.38706
2.39884
2.40757
2.41574
2.41985
2.41967
2.41571
2.41181
2.40548
2.39903
2.38951
2.38022
2.36796
2.35634
2.34202
2.32856
2.31271
2.29782
2.28098
2.26499
2.24764
2.23087
2.2134
2.19621
2.17904
2.16187
2.14534
2.12885
2.11335
2.09832
2.08439
2.07143
2.0598
2.04961
2.04091
2.03413
2.0289
2.02581
2.02424
2.02565
2.02726
2.0297
2.03287
2.03709
2.0411
2.04548
2.04895
2.05241
2.05454
2.05702
2.05811
2.06057
2.06618
3.46108
3.00756
2.59802
2.25815
2.00698
1.82584
1.79659
1.78809
1.8185
1.92659
1.95504
1.92984
1.8898
1.85511
1.80797
1.75599
1.71114
1.6659
1.62239
1.58588
1.54425
1.50344
1.47583
1.45464
1.43077
1.42361
1.42335
1.43925
1.47462
1.52229
1.58251
1.65114
1.72684
1.80167
1.87998
1.95577
2.02781
2.0927
2.15275
2.20528
2.25362
2.29471
2.33238
2.36353
2.39186
2.41404
2.4338
2.44776
2.45957
2.46716
2.47522
2.479
2.48045
2.47563
2.47131
2.46406
2.45754
2.44753
2.43818
2.42534
2.41328
2.39842
2.38417
2.36797
2.35215
2.33505
2.31821
2.30063
2.28308
2.26536
2.24747
2.22991
2.21228
2.1953
2.17865
2.16294
2.1479
2.13419
2.12161
2.11053
2.10125
2.09335
2.08773
2.08323
2.08114
2.07967
2.08074
2.08172
2.08373
2.08476
2.08675
2.08746
2.08878
2.08771
2.08762
2.08563
2.0851
2.08334
2.08481
2.0881
3.53798
3.15374
2.78761
2.46908
2.20443
2.00714
1.88612
1.87102
1.86568
1.89755
2.0041
2.02408
1.99062
1.9568
1.92099
1.87128
1.8233
1.77411
1.72239
1.68354
1.64324
1.60553
1.57486
1.54921
1.53081
1.52768
1.52977
1.55924
1.59827
1.64039
1.68911
1.74388
1.80337
1.86268
1.92832
2.00009
2.07316
2.14175
2.20437
2.25929
2.30843
2.35042
2.38819
2.41955
2.44757
2.46974
2.48913
2.50302
2.51449
2.52143
2.52874
2.53243
2.53462
2.52984
2.52462
2.5164
2.50868
2.49824
2.48785
2.47501
2.46196
2.44699
2.43176
2.41534
2.39857
2.38128
2.36356
2.34577
2.32774
2.30979
2.29199
2.27429
2.25704
2.24022
2.22414
2.2089
2.19485
2.18182
2.17059
2.16046
2.1525
2.1457
2.14108
2.13739
2.13555
2.13402
2.13384
2.13328
2.13321
2.13145
2.13003
2.12636
2.12298
2.11744
2.11275
2.10653
2.10221
2.09703
2.09504
2.09712
3.59102
3.26332
2.93601
2.64105
2.38031
2.17432
2.01398
1.94346
1.93317
1.93508
1.96877
2.06156
2.07333
2.04491
2.0155
1.97541
1.92852
1.87957
1.82941
1.78388
1.74244
1.70629
1.6789
1.66287
1.64658
1.64487
1.66821
1.71989
1.76096
1.79378
1.82836
1.86167
1.89667
1.93665
1.98182
2.03332
2.10377
2.17639
2.2454
2.30572
2.35812
2.40167
2.44022
2.47148
2.49953
2.52131
2.54042
2.55389
2.56518
2.57086
2.5773
2.58044
2.58273
2.57867
2.5723
2.56329
2.55393
2.543
2.53136
2.51841
2.50447
2.4895
2.47357
2.45699
2.43967
2.42203
2.40401
2.38582
2.36763
2.34942
2.33147
2.31384
2.29669
2.28024
2.26473
2.25008
2.23704
2.22516
2.21536
2.20684
2.20051
2.19524
2.19187
2.18898
2.18747
2.18553
2.18424
2.18155
2.17906
2.17406
2.16906
2.16135
2.15358
2.14418
2.13556
2.12592
2.11795
2.11
2.10386
2.10559
3.63379
3.34132
3.05548
2.77754
2.53412
2.32044
2.15514
2.02706
1.98854
1.98252
1.98812
2.03587
2.10782
2.11161
2.08972
2.05907
2.0248
1.97714
1.9276
1.88316
1.84255
1.81375
1.78797
1.77262
1.76559
1.78513
1.85085
1.91708
1.95085
1.97087
1.99157
2.00321
2.00014
2.01963
2.04512
2.07629
2.12109
2.18413
2.25505
2.32296
2.38136
2.43084
2.47109
2.50379
2.53138
2.55282
2.57145
2.58472
2.59583
2.60176
2.60697
2.60997
2.61193
2.60988
2.60369
2.59499
2.585
2.57394
2.56163
2.54851
2.53404
2.51882
2.50259
2.48573
2.46844
2.45075
2.43305
2.41523
2.39754
2.38002
2.36281
2.34599
2.32995
2.31466
2.30056
2.28759
2.2763
2.2664
2.25849
2.25194
2.24732
2.24356
2.24122
2.23889
2.2372
2.23433
2.23138
2.22615
2.22027
2.21212
2.20297
2.1912
2.1798
2.16667
2.15487
2.14186
2.13107
2.1201
2.1106
2.11023
3.66658
3.41073
3.14801
2.89643
2.66032
2.45549
2.27671
2.14384
2.04422
2.02665
2.02003
2.0313
2.08728
2.14
2.14617
2.1233
2.09859
2.0651
2.01715
1.97327
1.93529
1.91692
1.89783
1.88983
1.89748
1.95177
2.06735
2.1451
2.16143
2.17616
2.1796
2.14997
2.11568
2.10144
2.1126
2.13275
2.15841
2.19575
2.24908
2.31524
2.38025
2.43766
2.48555
2.52375
2.55397
2.57747
2.59621
2.61012
2.62135
2.6287
2.63285
2.63593
2.63745
2.63688
2.63181
2.6237
2.61373
2.60264
2.59044
2.57713
2.56295
2.54773
2.53177
2.51515
2.49793
2.4805
2.4628
2.44521
2.42784
2.41086
2.39447
2.37881
2.36411
2.35043
2.33804
2.32705
2.31767
2.30988
2.30379
2.29901
2.29564
2.29286
2.29093
2.2884
2.28587
2.28141
2.27591
2.26794
2.25862
2.24655
2.23312
2.21808
2.20327
2.18701
2.17215
2.15611
2.14229
2.12852
2.11622
2.11248
3.69706
3.46403
3.22702
2.9924
2.77396
2.57074
2.39607
2.24789
2.13589
2.0674
2.05923
2.05022
2.07083
2.12197
2.17018
2.16932
2.15163
2.13153
2.099
2.05939
2.02728
2.01098
1.99737
2.00742
2.04482
2.17083
2.32186
2.38183
2.39067
2.39081
2.36328
2.29642
2.24046
2.20313
2.18674
2.19225
2.20638
2.22765
2.25678
2.29774
2.35489
2.41441
2.46966
2.51678
2.55414
2.58251
2.60397
2.61987
2.63145
2.63948
2.64385
2.64632
2.64784
2.64781
2.64511
2.63803
2.62863
2.61774
2.6057
2.59277
2.57893
2.56434
2.54905
2.53309
2.51665
2.49989
2.48296
2.46623
2.44976
2.43391
2.41883
2.40487
2.39205
2.38063
2.37067
2.36231
2.35554
2.3502
2.34627
2.34315
2.34103
2.33886
2.33695
2.33378
2.32969
2.32324
2.31505
2.30417
2.2912
2.2756
2.25959
2.24202
2.22478
2.20632
2.18897
2.17098
2.15472
2.13911
2.12447
2.11796
3.72836
3.51266
3.29307
3.07582
2.8696
2.67553
2.50277
2.34977
2.22832
2.12921
2.09018
2.08462
2.08214
2.09908
2.15671
2.19352
2.18879
2.17734
2.15678
2.13429
2.11653
2.10362
2.10223
2.12963
2.21911
2.44666
2.59974
2.61939
2.62128
2.60388
2.53033
2.44082
2.36618
2.31362
2.27809
2.26081
2.25856
2.26863
2.28299
2.30335
2.33251
2.37739
2.43112
2.4837
2.52996
2.56796
2.59682
2.61805
2.6329
2.64296
2.64922
2.65175
2.65343
2.65415
2.65322
2.64894
2.64105
2.63118
2.61998
2.60768
2.59452
2.58053
2.56593
2.55069
2.53512
2.51933
2.50356
2.48815
2.47319
2.45906
2.44609
2.43432
2.42408
2.41542
2.40842
2.40302
2.39905
2.39614
2.39401
2.39217
2.39046
2.38822
2.38513
2.38026
2.37341
2.36417
2.35245
2.33789
2.32149
2.30376
2.28546
2.26593
2.24659
2.22634
2.20706
2.1873
2.16899
2.15134
2.13487
2.12509
3.75985
3.55811
3.35191
3.15279
2.95333
2.77189
2.59859
2.44899
2.31594
2.21284
2.13
2.10712
2.10312
2.10473
2.12452
2.18608
2.2118
2.21093
2.20307
2.19195
2.18459
2.1864
2.21456
2.28571
2.48874
2.7532
2.8533
2.85501
2.8411
2.78727
2.67862
2.57733
2.49479
2.43022
2.38115
2.34646
2.32415
2.31215
2.31655
2.32455
2.3361
2.35584
2.38862
2.43375
2.48214
2.52742
2.56642
2.59683
2.61955
2.63503
2.64497
2.65054
2.65229
2.65353
2.65358
2.65189
2.64636
2.63821
2.62834
2.61731
2.60532
2.5926
2.57931
2.56547
2.55134
2.53701
2.52281
2.50905
2.496
2.48415
2.47361
2.46465
2.45736
2.45186
2.44793
2.44547
2.44405
2.44318
2.44244
2.44148
2.43996
2.43705
2.43213
2.42458
2.41453
2.4014
2.3858
2.36836
2.34998
2.33038
2.31017
2.28911
2.2681
2.24665
2.22583
2.20488
2.18514
2.16604
2.14827
2.13585
3.79518
3.60248
3.41009
3.2181
3.03442
2.85518
2.69203
2.53808
2.40704
2.2899
2.20297
2.13622
2.12407
2.12069
2.12077
2.15013
2.2053
2.23167
2.2384
2.2397
2.24823
2.27351
2.34627
2.5112
2.84007
3.05296
3.07366
3.06803
3.034
2.93421
2.81207
2.70644
2.6193
2.54737
2.48818
2.44023
2.40206
2.37437
2.35609
2.34859
2.35267
2.35899
2.37022
2.39215
2.4296
2.47313
2.51753
2.55827
2.59069
2.61549
2.63235
2.64295
2.64844
2.65022
2.65138
2.6513
2.64931
2.64355
2.63543
2.62584
2.61513
2.60375
2.59175
2.57953
2.56714
2.55497
2.54307
2.53193
2.52175
2.51297
2.50573
2.50006
2.49629
2.494
2.49292
2.49307
2.49329
2.49348
2.49346
2.49266
2.49072
2.48573
2.47801
2.46677
2.45275
2.43598
2.41814
2.39859
2.37829
2.35679
2.33493
2.31242
2.29001
2.26736
2.2453
2.22326
2.20237
2.18206
2.16327
2.14878
3.83656
3.64901
3.46732
3.28412
3.10745
2.93671
2.77469
2.62615
2.48943
2.37106
2.27159
2.1908
2.14557
2.14087
2.13816
2.14181
2.17408
2.22836
2.25874
2.28088
2.31334
2.37898
2.52071
2.8734
3.18678
3.28372
3.28015
3.25546
3.18027
3.05157
2.93133
2.82788
2.73934
2.66239
2.59555
2.53727
2.4873
2.4458
2.41227
2.38799
2.37358
2.37166
2.37345
2.37933
2.39182
2.41797
2.45798
2.50136
2.5432
2.57887
2.60687
2.62571
2.63765
2.6442
2.64621
2.64768
2.64818
2.64689
2.64162
2.63418
2.62543
2.61559
2.60538
2.59486
2.58465
2.57477
2.56563
2.55746
2.5508
2.54543
2.54195
2.53982
2.54005
2.54069
2.54195
2.54459
2.5452
2.54552
2.54548
2.54374
2.53974
2.53107
2.51906
2.50369
2.48663
2.46757
2.44743
2.42568
2.40339
2.38015
2.35687
2.33314
2.30977
2.28622
2.26341
2.24063
2.219
2.19788
2.17841
2.1622
3.88934
3.70154
3.52329
3.34852
3.176
3.01333
2.85387
2.70925
2.57061
2.45134
2.34209
2.25756
2.18177
2.15826
2.15563
2.15446
2.16767
2.20982
2.2693
2.3227
2.38781
2.52456
2.83682
3.26299
3.46647
3.46674
3.45103
3.40037
3.27672
3.15196
3.04033
2.94114
2.85287
2.77272
2.7003
2.63427
2.57547
2.52345
2.47843
2.44132
2.41314
2.39258
2.38707
2.38255
2.38697
2.39537
2.411
2.4433
2.4832
2.52549
2.56339
2.59393
2.61648
2.63103
2.63949
2.6432
2.64483
2.64557
2.6447
2.64052
2.63447
2.62684
2.61877
2.61071
2.60297
2.59615
2.59006
2.58609
2.58302
2.58198
2.58242
2.58367
2.58639
2.59072
2.5948
2.5967
2.59722
2.59716
2.59581
2.59148
2.58263
2.56929
2.5538
2.53564
2.51625
2.49459
2.47234
2.44853
2.42472
2.39998
2.37564
2.35085
2.32667
2.30241
2.27895
2.25566
2.23349
2.21182
2.19196
2.17454
3.95514
3.76104
3.5807
3.41152
3.24499
3.08309
2.93176
2.78504
2.65201
2.52629
2.41864
2.32045
2.24576
2.18467
2.17613
2.17505
2.18018
2.20873
2.28181
2.36434
2.4894
2.74543
3.25912
3.58544
3.63967
3.62875
3.58956
3.48892
3.36256
3.2465
3.14228
3.04723
2.95915
2.87713
2.8002
2.72889
2.66364
2.60412
2.55181
2.50561
2.46676
2.43527
2.41262
2.40045
2.39379
2.39115
2.39723
2.40799
2.42866
2.46518
2.50446
2.54336
2.57716
2.60348
2.62166
2.63252
2.63897
2.64137
2.64249
2.64282
2.64143
2.63677
2.63176
2.62673
2.62215
2.61899
2.61694
2.61756
2.61854
2.6206
2.62475
2.63086
2.63695
2.64196
2.64511
2.64543
2.64513
2.64345
2.63888
2.62893
2.61541
2.59899
2.58084
2.56016
2.53839
2.51479
2.49073
2.46557
2.44043
2.41475
2.38949
2.36402
2.33929
2.31455
2.29083
2.26721
2.24491
2.22302
2.20309
2.18508
4.02451
3.82174
3.6419
3.47206
3.31199
3.1533
3.00473
2.86002
2.72832
2.60161
2.49113
2.38926
2.30823
2.23332
2.20639
2.20382
2.21018
2.23481
2.305
2.42579
2.64424
3.14606
3.63125
3.78703
3.78033
3.75118
3.67496
3.55508
3.43913
3.33337
3.23529
3.14411
3.05668
2.97398
2.89546
2.82248
2.75391
2.6906
2.63283
2.57987
2.53359
2.49317
2.45947
2.43302
2.41622
2.40515
2.39664
2.39991
2.40657
2.41878
2.44366
2.48014
2.5197
2.55583
2.58573
2.60746
2.62263
2.63122
2.63657
2.64
2.64083
2.64176
2.64206
2.64115
2.64149
2.64221
2.64394
2.64761
2.65422
2.66182
2.66962
2.6782
2.68447
2.68874
2.68871
2.68799
2.68614
2.68091
2.67022
2.65625
2.63963
2.62046
2.59961
2.57693
2.55328
2.52854
2.50335
2.47756
2.45178
2.42572
2.40019
2.37453
2.34986
2.32507
2.30161
2.27806
2.25608
2.23432
2.21472
2.19663
4.12638
3.89897
3.70834
3.53695
3.37739
3.22348
3.07646
2.93468
2.80268
2.67865
2.56331
2.46077
2.3723
2.29675
2.25308
2.24928
2.25572
2.28626
2.36187
2.53833
2.91321
3.55177
3.86687
3.88276
3.86932
3.8284
3.72464
3.61565
3.51216
3.41675
3.32536
3.23816
3.15357
3.07278
2.9947
2.92091
2.84975
2.78388
2.7208
2.66371
2.60994
2.56241
2.51946
2.48301
2.45204
2.42977
2.41366
2.40213
2.39471
2.39949
2.40754
2.42301
2.45551
2.49097
2.52808
2.56102
2.58774
2.60771
2.62065
2.63057
2.63714
2.64286
2.64818
2.65312
2.6583
2.66506
2.67253
2.68114
2.69123
2.70229
2.71307
2.72138
2.72746
2.72763
2.72707
2.72518
2.72005
2.70922
2.69559
2.67831
2.65916
2.63729
2.61458
2.58987
2.56515
2.53898
2.51333
2.48664
2.46081
2.43434
2.40895
2.3833
2.35884
2.33438
2.31124
2.28829
2.26677
2.24571
2.22656
2.20902
4.18423
3.97994
3.77868
3.6045
3.44407
3.29274
3.14686
3.0095
2.87398
2.75414
2.63625
2.53306
2.4432
2.36271
2.33162
2.32888
2.341
2.38791
2.4956
2.74794
3.33742
3.81378
3.96837
3.96426
3.94276
3.88813
3.79606
3.7004
3.60872
3.5192
3.43348
3.34829
3.26633
3.18487
3.10707
3.0304
2.95738
2.88584
2.8181
2.75348
2.69389
2.6383
2.58772
2.54186
2.50123
2.46621
2.43761
2.41845
2.40168
2.38903
2.39047
2.39539
2.40505
2.42564
2.4591
2.49718
2.53418
2.56602
2.5921
2.61235
2.62832
2.64181
2.65409
2.66605
2.678
2.69033
2.70359
2.71713
2.73106
2.74296
2.75472
2.76168
2.76215
2.76211
2.76067
2.75507
2.74486
2.73079
2.7138
2.69392
2.67243
2.64891
2.62458
2.59891
2.57305
2.54646
2.52011
2.49341
2.46729
2.44106
2.41579
2.39059
2.36662
2.34272
2.32013
2.29762
2.27661
2.25591
2.2373
2.22014
4.1998
4.08501
3.86646
3.6792
3.51326
3.36423
3.21612
3.08363
2.94816
2.82754
2.71194
2.60679
2.52119
2.4428
2.43619
2.43943
2.46874
2.55368
2.73668
3.18794
3.63935
3.90765
4.01313
4.0136
4.00191
3.96936
3.89713
3.8087
3.72087
3.63432
3.54916
3.4636
3.37907
3.29521
3.21398
3.1332
3.05563
2.97945
2.90708
2.83786
2.77336
2.71231
2.65656
2.60336
2.55572
2.51146
2.47372
2.44106
2.41812
2.39812
2.38438
2.37698
2.38022
2.38724
2.40158
2.4327
2.46942
2.5093
2.54746
2.58168
2.61093
2.63633
2.65851
2.6792
2.69854
2.7178
2.73602
2.75356
2.76856
2.78285
2.79031
2.79211
2.79244
2.79087
2.78596
2.77576
2.76158
2.74382
2.72404
2.70192
2.67878
2.6539
2.62884
2.60254
2.57664
2.54989
2.52394
2.4975
2.47222
2.44665
2.42234
2.39779
2.37457
2.35127
2.32935
2.3076
2.28734
2.2677
2.24988
2.23425
4.19934
4.13152
3.96612
3.76503
3.58673
3.43704
3.28753
3.15584
3.02348
2.9028
2.78923
2.68911
2.60371
2.56778
2.56486
2.58407
2.64999
2.80631
3.19441
3.54986
3.78712
3.93571
4.01855
4.03435
4.03196
4.01802
3.98021
3.90653
3.82532
3.74185
3.65575
3.56887
3.48145
3.39676
3.31261
3.2314
3.15091
3.07297
2.99695
2.92475
2.85492
2.78982
2.72689
2.66878
2.61382
2.56363
2.51822
2.47771
2.44352
2.41566
2.39523
2.37786
2.36701
2.36883
2.37385
2.38457
2.40695
2.44423
2.48866
2.535
2.57986
2.62056
2.65686
2.68907
2.71793
2.74364
2.76665
2.78641
2.8025
2.81253
2.81702
2.81771
2.8165
2.81241
2.80368
2.78923
2.77184
2.75192
2.73061
2.70725
2.68335
2.65792
2.63258
2.60603
2.58011
2.55353
2.52803
2.50219
2.47748
2.45256
2.42879
2.40492
2.38229
2.35967
2.3385
2.31753
2.29826
2.27977
2.26307
2.24936
4.17431
4.14159
4.05103
3.85501
3.66642
3.51056
3.3616
3.22735
3.09875
2.97968
2.87227
2.77832
2.72426
2.71768
2.73101
2.78733
2.93011
3.28979
3.60369
3.77355
3.8596
3.92911
3.98691
4.0271
4.03997
4.03879
4.02759
3.99643
3.93017
3.84926
3.76043
3.67052
3.58049
3.49335
3.4075
3.32338
3.24057
3.15982
3.08098
3.00542
2.93245
2.86294
2.79684
2.73392
2.67501
2.61975
2.56839
2.52208
2.47956
2.44372
2.41264
2.39099
2.37272
2.36167
2.36284
2.36674
2.37589
2.39489
2.43074
2.48125
2.53693
2.59337
2.64631
2.6942
2.73499
2.76844
2.79623
2.81537
2.83103
2.83868
2.83899
2.8379
2.83472
2.82623
2.81224
2.7947
2.77555
2.75404
2.73161
2.70738
2.68314
2.65733
2.63203
2.60571
2.58055
2.5547
2.53012
2.505
2.48115
2.45689
2.43396
2.41086
2.38913
2.36755
2.34743
2.32786
2.3099
2.29336
2.27816
2.26736
4.1235
4.11751
4.07393
3.96163
3.76173
3.59092
3.43893
3.30277
3.17604
3.0626
2.96415
2.89999
2.89006
2.90041
2.95199
3.09406
3.44881
3.74423
3.8681
3.9066
3.91359
3.92582
3.94941
3.99231
4.03387
4.05496
4.0553
4.04593
4.01666
3.9521
3.86456
3.7708
3.67754
3.58634
3.49759
3.41105
3.32702
3.244
3.16457
3.08553
3.0106
2.93692
2.86689
2.80017
2.73644
2.67743
2.62182
2.57048
2.52409
2.48112
2.44506
2.41313
2.38977
2.37352
2.36605
2.36802
2.37334
2.38365
2.40327
2.4409
2.4895
2.55085
2.61535
2.67652
2.73147
2.7757
2.80943
2.83329
2.8489
2.85073
2.85068
2.84913
2.8427
2.82896
2.81282
2.79441
2.77451
2.7525
2.73005
2.706
2.68198
2.65653
2.6319
2.60631
2.58199
2.55687
2.53305
2.50859
2.48538
2.46184
2.43956
2.41733
2.39648
2.37601
2.35719
2.33915
2.323
2.3088
2.2956
2.28798
3.904
4.08986
4.07306
4.01189
3.86073
3.6779
3.51971
3.38229
3.26074
3.1566
3.08822
3.07652
3.08638
3.14105
3.28983
3.65671
3.93884
4.02446
4.02787
4.01273
3.96776
3.93786
3.94317
3.96104
3.9984
4.05157
4.0729
4.07257
4.06236
4.02954
3.96037
3.87022
3.77444
3.67985
3.58647
3.49669
3.40946
3.32465
3.24238
3.16203
3.0839
3.00846
2.93509
2.86596
2.79896
2.7372
2.67807
2.62359
2.5731
2.52624
2.48515
2.44844
2.41875
2.39675
2.3806
2.38323
2.38596
2.39347
2.40789
2.43384
2.47293
2.51976
2.58075
2.64511
2.70572
2.75979
2.80175
2.83092
2.85049
2.85176
2.85161
2.84867
2.84085
2.82542
2.80771
2.78767
2.76724
2.74546
2.7235
2.69973
2.67618
2.65157
2.628
2.60363
2.58037
2.55635
2.53348
2.51008
2.48795
2.46551
2.44457
2.42352
2.40432
2.38533
2.36856
2.35259
2.33919
2.32772
2.31691
2.31383
3.36704
3.99199
4.05109
4.02306
3.94785
3.77473
3.60854
3.47092
3.35665
3.28647
3.27372
3.28406
3.34826
3.52001
3.90073
4.17162
4.22245
4.21783
4.18312
4.09072
4.00326
3.95763
3.95821
3.96621
3.98565
4.02875
4.07216
4.0833
4.08206
4.06943
4.0345
3.95973
3.8691
3.77442
3.67824
3.58481
3.49272
3.40451
3.31905
3.23655
3.1569
3.07939
3.00439
2.93251
2.86299
2.79832
2.73615
2.67935
2.62585
2.57694
2.5332
2.49368
2.46141
2.43543
2.4165
2.41009
2.41196
2.41683
2.42689
2.44553
2.47885
2.51564
2.56034
2.61174
2.66564
2.71861
2.76392
2.80038
2.82547
2.83673
2.83709
2.83536
2.8302
2.81625
2.799
2.77916
2.75933
2.73748
2.71604
2.69287
2.67087
2.64719
2.62496
2.60122
2.57927
2.55606
2.5346
2.51201
2.49105
2.46954
2.4497
2.43016
2.41229
2.39555
2.38067
2.36802
2.35715
2.34901
2.3426
2.34339
2.329
3.68505
4.01505
4.01093
3.97627
3.88559
3.71894
3.57716
3.49556
3.4814
3.49334
3.5685
3.77599
4.17991
4.44178
4.46127
4.44795
4.39668
4.263
4.14242
4.05589
4.00354
3.99058
3.99247
4.0002
4.01749
4.05569
4.08029
4.08209
4.07889
4.06648
4.03059
3.95425
3.86373
3.76865
3.67316
3.57872
3.48582
3.39691
3.30989
3.22811
3.14763
3.07177
2.99751
2.92708
2.86013
2.79649
2.73813
2.68281
2.63341
2.58778
2.54834
2.51471
2.48732
2.4679
2.45426
2.45652
2.45912
2.46532
2.47701
2.49706
2.52609
2.55381
2.58663
2.62509
2.66494
2.70534
2.74145
2.7723
2.79371
2.80263
2.80257
2.80057
2.79505
2.7812
2.76378
2.74415
2.72365
2.70297
2.6819
2.66087
2.63955
2.61826
2.59692
2.57554
2.55451
2.5335
2.51318
2.49306
2.47396
2.45543
2.43843
2.42259
2.40892
2.39733
2.38824
2.38055
2.37741
2.37631
2.37923
1.94097
2.9087
3.82375
3.99034
3.97957
3.94304
3.84434
3.72851
3.70986
3.72027
3.80838
4.05502
4.48661
4.73719
4.73736
4.71057
4.63187
4.46596
4.32184
4.21272
4.13504
4.08026
4.04804
4.03087
4.02912
4.0317
4.04058
4.05895
4.07444
4.07479
4.06994
4.05428
4.01829
3.94346
3.85311
3.75782
3.6612
3.56593
3.47349
3.38348
3.29833
3.21603
3.13834
3.0631
2.9918
2.92354
2.85961
2.79975
2.74484
2.69508
2.65049
2.61164
2.57842
2.55187
2.53271
2.51976
2.51614
2.51796
2.52029
2.52456
2.53322
2.54681
2.55829
2.57548
2.59365
2.61667
2.64077
2.67048
2.69933
2.72644
2.74469
2.75677
2.75704
2.75593
2.75254
2.74285
2.72661
2.70736
2.68777
2.66749
2.64765
2.62752
2.60779
2.58782
2.56817
2.54849
2.52928
2.51053
2.4925
2.47543
2.45953
2.4451
2.43275
2.42282
2.41542
2.41007
2.40933
2.40912
2.41199
2.42444
1.72379
2.10324
3.34847
3.89695
3.99123
3.9797
3.96033
3.94178
3.95831
4.06954
4.39136
4.8335
5.05341
5.04744
5.00109
4.87728
4.69455
4.53659
4.4149
4.32035
4.24377
4.18048
4.1285
4.08881
4.06511
4.04696
4.04542
4.04815
4.05408
4.05805
4.05819
4.05308
4.036
3.99727
3.92282
3.83473
3.74
3.64353
3.54921
3.45741
3.36994
3.28583
3.20623
3.13004
3.05788
2.98953
2.92536
2.86617
2.81232
2.76351
2.72081
2.68385
2.65354
2.62942
2.6114
2.59933
2.59125
2.58836
2.58514
2.58254
2.57791
2.5744
2.57203
2.57221
2.57331
2.57564
2.58086
2.59732
2.61871
2.64194
2.66477
2.68511
2.69797
2.70463
2.70427
2.7022
2.69763
2.68477
2.66865
2.65013
2.63169
2.61302
2.59482
2.57675
2.55895
2.54146
2.52439
2.50792
2.4924
2.47797
2.46525
2.45417
2.44668
2.43978
2.43847
2.43751
2.43924
2.44444
2.45329
2.48178
1.60137
1.7849
2.31571
3.58637
3.95309
4.04456
4.08402
4.17531
4.38523
4.817
5.23994
5.39679
5.38086
5.31054
5.13646
4.93711
4.76951
4.63872
4.5352
4.44575
4.36552
4.29054
4.22345
4.16368
4.11657
4.08168
4.05596
4.04215
4.03712
4.03741
4.0366
4.03323
4.02433
4.00478
3.96121
3.89054
3.8067
3.71519
3.62047
3.52825
3.4388
3.3533
3.27205
3.19548
3.12324
3.05536
2.99217
2.93461
2.88263
2.83758
2.79797
2.76531
2.7377
2.71706
2.69939
2.6871
2.67413
2.66368
2.65002
2.63659
2.61941
2.60228
2.58336
2.56747
2.55178
2.53968
2.53736
2.53805
2.5422
2.55138
2.57115
2.59271
2.61367
2.63062
2.64241
2.64616
2.64555
2.64315
2.63785
2.62364
2.60831
2.59152
2.57498
2.55872
2.54318
2.5281
2.51395
2.50056
2.48872
2.47824
2.47017
2.46471
2.46205
2.46143
2.46275
2.46649
2.47758
2.4959
2.50822
2.54582
1.52283
1.65344
1.91756
2.80776
3.75369
4.06672
4.29821
4.62944
5.27192
5.72527
5.79207
5.75872
5.65127
5.40173
5.18904
5.01239
4.87578
4.76608
4.66906
4.57752
4.48809
4.40193
4.31945
4.24392
4.17688
4.1212
4.07727
4.04278
4.02054
4.00805
4.00133
3.99646
3.99077
3.97839
3.9547
3.91017
3.84583
3.76963
3.68568
3.59621
3.50651
3.42011
3.33799
3.26088
3.18914
3.12259
3.06194
3.00739
2.95915
2.9181
2.88277
2.85418
2.83
2.80995
2.7924
2.77425
2.75602
2.73368
2.70992
2.68202
2.65337
2.62223
2.59233
2.5623
2.53536
2.51142
2.49323
2.48035
2.47925
2.47993
2.4845
2.49533
2.51562
2.53706
2.55744
2.5725
2.58334
2.58538
2.58504
2.58299
2.57682
2.56411
2.55058
2.53653
2.52298
2.51037
2.49927
2.48933
2.48229
2.47625
2.4751
2.47488
2.47602
2.47984
2.49017
2.5059
2.52445
2.55034
2.566
2.6064
1.47145
1.55517
1.71697
2.08296
3.25884
3.97609
4.72448
5.64833
6.20837
6.21196
6.14904
5.96411
5.68424
5.44239
5.25178
5.11084
4.99774
4.89768
4.79914
4.70163
4.60241
4.50561
4.41125
4.32223
4.23985
4.1663
4.10367
4.05127
4.00886
3.97895
3.95884
3.94598
3.93673
3.92763
3.91368
3.88905
3.84785
3.78939
3.71991
3.64244
3.56118
3.47896
3.40004
3.32356
3.25374
3.18935
3.13262
3.08218
3.03942
3.00283
2.97252
2.94606
2.92315
2.9005
2.87749
2.85124
2.82204
2.78778
2.75157
2.71136
2.6716
2.62953
2.59027
2.55019
2.5155
2.48185
2.45521
2.43126
2.41617
2.40868
2.40839
2.41011
2.41684
2.43255
2.45383
2.47517
2.49509
2.50843
2.51869
2.52059
2.52088
2.51965
2.51462
2.50505
2.49542
2.48632
2.47923
2.47354
2.47275
2.47333
2.47528
2.47955
2.49065
2.50529
2.52526
2.54895
2.57317
2.60199
2.61865
2.6562
1.44344
1.49377
1.61154
1.81752
2.35863
3.63928
5.75711
6.67167
6.67661
6.55853
6.23703
5.93179
5.68494
5.48617
5.33807
5.22355
5.11894
5.01658
4.91081
4.80429
4.69582
4.59044
4.48651
4.38695
4.2921
4.20383
4.12401
4.05421
3.99338
3.94374
3.90585
3.87869
3.85987
3.8471
3.83626
3.8222
3.79972
3.76433
3.71393
3.65268
3.58569
3.51368
3.44292
3.37327
3.30875
3.24884
3.19675
3.1519
3.11403
3.08205
3.0538
3.02786
3.00113
2.97266
2.94044
2.90384
2.86267
2.81783
2.77025
2.72154
2.67223
2.62371
2.5764
2.53165
2.489
2.45113
2.41545
2.38668
2.36039
2.34334
2.33106
2.33014
2.33073
2.33498
2.34566
2.36552
2.38864
2.41044
2.42941
2.44273
2.4522
2.45716
2.4585
2.45913
2.45805
2.45419
2.45384
2.45516
2.45793
2.46276
2.4738
2.48769
2.50895
2.53316
2.5605
2.58887
2.61531
2.64278
2.6574
2.68841
1.4301
1.47117
1.5615
1.75329
2.16507
3.32628
6.39166
6.73716
6.65735
6.33988
6.02249
5.78534
5.61197
5.48248
5.37695
5.27584
5.17144
5.0635
4.95192
4.8391
4.72612
4.6141
4.50452
4.39815
4.29516
4.19778
4.10579
4.02241
3.94826
3.88268
3.82863
3.78617
3.75491
3.73292
3.71898
3.70807
3.69673
3.67844
3.65152
3.61135
3.56298
3.5083
3.45029
3.39367
3.33876
3.28886
3.24312
3.20529
3.17106
3.1416
3.11198
3.08208
3.04779
3.01033
2.96714
2.92013
2.86859
2.81525
2.75997
2.70528
2.65031
2.59789
2.54625
2.49874
2.45241
2.41085
2.37149
2.33774
2.30656
2.28229
2.26211
2.24946
2.24665
2.24685
2.24989
2.25759
2.27625
2.29925
2.32358
2.34578
2.36475
2.37954
2.3908
2.39943
2.40669
2.41237
2.41874
2.4288
2.43955
2.45194
2.47318
2.49732
2.52649
2.5566
2.58759
2.61652
2.64124
2.66391
2.67442
2.69767
1.42697
1.46043
1.54488
1.71732
2.08982
3.19448
6.33938
6.31601
6.11865
5.86934
5.69274
5.57122
5.47959
5.39931
5.31237
5.21672
5.11291
5.00511
4.89361
4.78064
4.66719
4.55322
4.44196
4.33325
4.22757
4.12598
4.02917
3.93853
3.85584
3.78119
3.71636
3.66205
3.61913
3.58712
3.56551
3.55204
3.54372
3.5373
3.52716
3.51049
3.4835
3.4504
3.4112
3.37108
3.33143
3.29417
3.25906
3.22587
3.19527
3.16424
3.13137
3.09343
3.05158
3.00376
2.95228
2.89626
2.83901
2.77983
2.72159
2.66327
2.60734
2.55274
2.50134
2.45182
2.40604
2.36187
2.32216
2.28454
2.25213
2.22209
2.19852
2.17828
2.16562
2.16148
2.16179
2.16436
2.17136
2.18772
2.21075
2.23761
2.26317
2.28796
2.30876
2.32819
2.34472
2.36151
2.37827
2.39682
2.41745
2.44308
2.4711
2.5035
2.53588
2.56898
2.59808
2.62446
2.64354
2.66056
2.66601
2.68239
1.42558
1.45742
1.53899
1.70502
2.05753
3.15731
6.21882
6.01259
5.7
5.5464
5.46952
5.40811
5.34678
5.2735
5.18638
5.09077
4.98843
4.88245
4.7741
4.66396
4.55284
4.44105
4.32919
4.22031
4.11373
4.01173
3.9131
3.82091
3.73437
3.65586
3.58515
3.52369
3.47246
3.43229
3.40248
3.38347
3.373
3.37103
3.37062
3.3688
3.36277
3.34836
3.33086
3.31015
3.28803
3.26267
3.23634
3.2075
3.17702
3.14164
3.10134
3.05497
3.0038
2.94837
2.8903
2.83078
2.77093
2.7117
2.65365
2.59753
2.54344
2.49152
2.44189
2.39452
2.34986
2.30738
2.2675
2.23031
2.19604
2.1651
2.13747
2.11437
2.09556
2.08266
2.0785
2.07882
2.08112
2.08805
2.10301
2.12759
2.15605
2.18658
2.21651
2.24607
2.27392
2.30236
2.33048
2.36057
2.39241
2.42737
2.46246
2.49842
2.53149
2.562
2.58658
2.60686
2.62017
2.63087
2.63342
2.64378
1.42513
1.45635
1.53695
1.7008
2.0475
3.14515
6.20095
5.92515
5.5817
5.43022
5.36087
5.3022
5.23421
5.15401
5.06414
4.96687
4.86617
4.76107
4.65342
4.54546
4.43511
4.32508
4.21568
4.10666
4.00202
3.90055
3.80259
3.71126
3.62339
3.54317
3.46979
3.40332
3.34741
3.29967
3.26369
3.23783
3.22288
3.2222
3.2236
3.2268
3.23283
3.23416
3.2356
3.23263
3.22576
3.20896
3.18907
3.16163
3.12986
3.09025
3.04581
2.99484
2.94116
2.88357
2.82547
2.76625
2.70817
2.65073
2.59514
2.54108
2.48896
2.43881
2.39052
2.34441
2.30018
2.25841
2.21827
2.18096
2.14532
2.1133
2.08294
2.05725
2.03388
2.0167
2.00305
2.00071
2.00088
2.0034
2.00962
2.02729
2.05268
2.086
2.12032
2.15929
2.19682
2.23763
2.27664
2.31875
2.35948
2.4013
2.43944
2.47541
2.50498
2.53027
2.54827
2.5622
2.57002
2.5752
2.57605
2.58153
1.42311
1.45867
1.53304
1.70183
2.0427
3.1388
6.19237
5.89702
5.53548
5.37731
5.30753
5.24659
5.17223
5.08552
4.99177
4.89131
4.78726
4.68065
4.57267
4.46246
4.35379
4.24445
4.13571
4.02931
3.92487
3.82317
3.72625
3.63369
3.54485
3.46351
3.3874
3.31805
3.25846
3.20617
3.16485
3.13518
3.11494
3.11464
3.11543
3.11964
3.12837
3.14526
3.1589
3.16849
3.16812
3.16381
3.15319
3.12873
3.09499
3.05161
3.00345
2.94895
2.89244
2.83313
2.77435
2.71539
2.65801
2.60176
2.54724
2.49447
2.44337
2.39429
2.3467
2.30103
2.25683
2.21444
2.1739
2.13517
2.09882
2.06447
2.03333
2.00451
1.97994
1.95847
1.9427
1.93251
1.93253
1.93386
1.93821
1.948
1.9702
2.00112
2.03935
2.08244
2.13028
2.17961
2.23042
2.28054
2.32829
2.37259
2.41087
2.44356
2.46818
2.48799
2.50019
2.50943
2.51333
2.51509
2.51484
2.51682
1.42271
1.45887
1.53223
1.7012
2.0407
3.13269
6.18507
5.88688
5.51469
5.35315
5.28755
5.23048
5.15529
5.06638
4.96847
4.86409
4.75767
4.64818
4.53788
4.42741
4.31754
4.2077
4.09991
3.99342
3.88907
3.787
3.69054
3.59568
3.50687
3.42438
3.3456
3.27538
3.21281
3.1577
3.11335
3.08099
3.05766
3.05703
3.05753
3.06223
3.07258
3.09472
3.12122
3.13794
3.13955
3.13809
3.13146
3.11373
3.0793
3.03097
2.978
2.91945
2.85914
2.79821
2.73783
2.67898
2.62144
2.56542
2.51101
2.45849
2.40741
2.35856
2.31069
2.26499
2.22044
2.17793
2.1372
2.0984
2.06191
2.02749
1.9958
1.96682
1.94108
1.91877
1.90142
1.88719
1.88612
1.88682
1.88975
1.89689
1.91378
1.9423
1.98094
2.02743
2.08039
2.13753
2.1955
2.25119
2.30279
2.3464
2.38317
2.41094
2.43171
2.44544
2.45454
2.45894
2.45989
2.45938
2.45716
2.45742
1.42485
1.45561
1.53559
1.69784
2.04146
3.12863
6.1811
5.88329
5.5068
5.34363
5.28155
5.22827
5.15464
5.06562
4.96608
4.8605
4.75301
4.64214
4.53099
4.42024
4.30925
4.19965
4.0911
3.9853
3.87976
3.7787
3.68064
3.5858
3.4961
3.41291
3.33314
3.26189
3.19819
3.14172
3.09558
3.06204
3.03726
3.03648
3.03604
3.04172
3.05152
3.07913
3.1075
3.13186
3.13361
3.13121
3.12411
3.10775
3.07553
3.02427
2.96835
2.90608
2.84344
2.78085
2.71958
2.66018
2.6018
2.5456
2.49073
2.43839
2.38719
2.3385
2.29049
2.24496
2.20035
2.15795
2.11719
2.07848
2.04194
2.00759
1.97582
1.94669
1.92065
1.89781
1.87966
1.86443
1.861
1.86167
1.86428
1.87069
1.88485
1.9118
1.94988
1.99725
2.05307
2.11374
2.17498
2.23352
2.28502
2.32803
2.36218
2.38735
2.4048
2.41667
2.42257
2.42578
2.4245
2.42318
2.41963
2.41977
)
;

boundaryField
{
    inlet
    {
        type            calculated;
        value           uniform 1.40001;
    }
    outlet
    {
        type            calculated;
        value           nonuniform List<scalar> 
40
(
1.81649
1.92505
1.97196
2.02552
2.05783
2.07969
2.08892
2.0977
2.10269
2.10537
2.11127
2.11876
2.12983
2.14299
2.15659
2.16906
2.1797
2.19132
2.20375
2.2149
2.22901
2.2441
2.26205
2.28259
2.30833
2.33778
2.37343
2.41834
2.47534
2.53901
2.59925
2.6488
2.68086
2.69006
2.67481
2.63629
2.57421
2.50967
2.45042
2.41288
)
;
    }
    top
    {
        type            symmetryPlane;
    }
    bottom
    {
        type            symmetryPlane;
    }
    obstacle
    {
        type            calculated;
        value           nonuniform List<scalar> 
110
(
5.9866
5.98776
5.97631
5.95239
5.91925
5.87224
5.80305
5.69954
5.53114
5.26027
1.90569
1.05628
0.801772
0.790652
0.909304
1.22094
1.42337
1.46036
1.51263
1.54639
1.55288
1.54878
1.54686
1.55058
1.54842
1.54158
1.53288
1.52014
1.50829
1.49652
1.48289
1.47059
1.45402
1.44372
1.44131
1.44147
1.44359
1.45796
1.48468
1.52585
1.57669
1.63346
1.69288
1.75153
1.8075
1.85851
1.9039
1.94577
1.98197
2.01569
2.04515
2.07062
2.09355
2.11315
2.12963
2.14119
2.15145
2.15695
2.16229
2.16375
2.16597
2.16163
2.15966
2.15226
2.14769
2.13741
2.13044
2.11775
2.1087
2.09444
2.08369
2.06808
2.056
2.03941
2.02627
2.00895
1.99503
1.97727
1.96279
1.94487
1.93008
1.91238
1.89749
1.88036
1.86555
1.84944
1.83504
1.82054
1.80709
1.7946
1.78301
1.77289
1.76415
1.75706
1.75189
1.74911
1.7496
1.75054
1.7524
1.75606
1.76235
1.77146
1.77962
1.79001
1.79783
1.80658
1.81214
1.81664
1.81921
1.82402
)
;
    }
    frontAndBack
    {
        type            empty;
    }
}


// ************************************************************************* //
