/*--------------------------------*- C++ -*----------------------------------*\
  =========                 |
  \\      /  F ield         | OpenFOAM: The Open Source CFD Toolbox
   \\    /   O peration     | Website:  https://openfoam.org
    \\  /    A nd           | Version:  13
     \\/     M anipulation  |
\*---------------------------------------------------------------------------*/
FoamFile
{
    format      ascii;
    class       volScalarField;
    location    "2";
    object      Ma;
}
// * * * * * * * * * * * * * * * * * * * * * * * * * * * * * * * * * * * * * //

dimensions      [];

internalField   nonuniform List<scalar> 
5250
(
3
2.99998
2.99994
2.99984
2.99955
2.99898
2.99726
2.99364
2.98353
2.96055
2.90033
2.75338
2.3964
1.66096
0.667448
0.223345
0.32734
0.360268
0.326076
0.268483
0.213701
0.170148
0.127747
0.0806388
0.0452503
3
2.99998
2.99994
2.99984
2.99956
2.99899
2.99729
2.99369
2.98374
2.96089
2.90144
2.75585
2.4022
1.67152
0.677015
0.231225
0.330713
0.362759
0.328898
0.272363
0.218997
0.17687
0.136622
0.0948013
0.0692968
3
2.99998
2.99994
2.99985
2.99956
2.99903
2.99728
2.99397
2.98378
2.96223
2.90288
2.76173
2.41395
1.69425
0.698458
0.249108
0.338694
0.368995
0.336471
0.282825
0.232864
0.19434
0.159248
0.126281
0.109602
3
2.99998
2.99994
2.99984
2.9996
2.999
2.99749
2.99397
2.98455
2.96317
2.90624
2.76933
2.43174
1.72819
0.731273
0.275751
0.350839
0.378123
0.348178
0.299303
0.253969
0.220059
0.190843
0.165532
0.153962
3
2.99999
2.99994
2.99986
2.99959
2.9991
2.99748
2.99441
2.98495
2.96499
2.90995
2.77934
2.4548
1.77224
0.77565
0.310663
0.366766
0.388758
0.363014
0.320688
0.280372
0.251301
0.227858
0.208785
0.200806
3
2.99999
2.99995
2.99987
2.99961
2.99915
2.99761
2.99471
2.98573
2.96688
2.91467
2.79116
2.48234
1.82582
0.832407
0.354958
0.384588
0.398974
0.380614
0.34635
0.311514
0.287695
0.270324
0.257255
0.253028
3
2.99999
2.99995
2.99987
2.99966
2.99915
2.99789
2.99485
2.98694
2.96867
2.92057
2.80453
2.51452
1.88954
0.905228
0.408459
0.401133
0.411156
0.402298
0.375903
0.346907
0.328568
0.318159
0.312333
0.314067
3
2.99999
2.99996
2.99988
2.99968
2.99924
2.99799
2.99539
2.98771
2.97156
2.92633
2.82068
2.55136
1.96547
0.998243
0.470292
0.417424
0.428339
0.427668
0.408219
0.386323
0.374865
0.372445
0.376155
0.389496
3
2.99999
2.99996
2.99989
2.99971
2.99931
2.99819
2.99581
2.98891
2.97428
2.9333
2.83809
2.59304
2.05086
1.11324
0.541437
0.434974
0.448858
0.456163
0.443285
0.429536
0.426341
0.43397
0.453155
0.490436
3
2.99999
2.99997
2.9999
2.99976
2.99936
2.99848
2.99613
2.99056
2.97663
2.94202
2.85597
2.64045
2.14844
1.25602
0.624291
0.455572
0.473201
0.487562
0.481447
0.476207
0.481814
0.504754
0.554582
0.662921
3
3
2.99997
2.99992
2.99978
2.99948
2.99864
2.99674
2.99184
2.97984
2.95041
2.87618
2.6918
2.25846
1.43246
0.72087
0.486483
0.506456
0.52455
0.523692
0.525298
0.541824
0.585579
0.677122
0.853255
3
3
2.99998
2.99993
2.99984
2.99953
2.99894
2.99715
2.9934
2.98293
2.95919
2.89694
2.74559
2.38047
1.6484
0.833703
0.537096
0.554284
0.568807
0.57125
0.577883
0.604038
0.663521
0.776424
0.964549
3.00001
3
2.99998
2.99995
2.99985
2.99965
2.99904
2.99781
2.99425
2.98648
2.96563
2.91671
2.79124
2.49074
1.85545
0.954414
0.597164
0.601695
0.61332
0.62266
0.633763
0.665574
0.730218
0.841515
1.00399
3.00001
3
2.99999
2.99996
2.99988
2.9997
2.99922
2.99818
2.99518
2.989
2.97094
2.93179
2.82565
2.57389
2.0134
1.10228
0.672092
0.636789
0.651312
0.666862
0.685021
0.720352
0.782876
0.88284
1.02113
3.00001
3
2.99999
2.99997
2.99991
2.99975
2.9994
2.99841
2.99637
2.99026
2.97781
2.94179
2.86044
2.64787
2.17099
1.31074
0.776844
0.665384
0.679766
0.700689
0.727617
0.766718
0.825256
0.912316
1.03076
3.00001
3
3
2.99997
2.99993
2.9998
2.99951
2.99878
2.99698
2.99269
2.98148
2.95554
2.8878
2.7234
2.33087
1.56596
0.906451
0.705751
0.711701
0.73299
0.763976
0.804962
0.860684
0.936648
1.038
3.00001
3
3
2.99998
2.99994
2.99986
2.9996
2.99913
2.99759
2.99461
2.98572
2.96677
2.91536
2.79425
2.49696
1.87624
1.06393
0.771778
0.757188
0.773305
0.802594
0.841256
0.892895
0.959867
1.0462
3.00001
3.00001
3
2.99999
2.99996
2.99989
2.99971
2.99928
2.99825
2.99559
2.98955
2.97328
2.93629
2.83943
2.60744
2.08842
1.23766
0.845515
0.796318
0.810679
0.837673
0.875147
0.921729
0.981216
1.05542
3.00001
3.00001
3
2.99999
2.99997
2.99992
2.99977
2.99949
2.99859
2.99686
2.99164
2.98056
2.95031
2.87959
2.69877
2.28293
1.49909
0.968918
0.838568
0.844608
0.868249
0.904369
0.947861
1.00131
1.06617
3.00001
3.00001
3
3
2.99998
2.99994
2.99985
2.99959
2.99907
2.99753
2.99425
2.98534
2.96485
2.91232
2.78464
2.4771
1.84011
1.13066
0.900386
0.884643
0.900491
0.932377
0.97362
1.02142
1.07812
3.00001
3.00001
3
3
2.99999
2.99996
2.99989
2.99971
2.99931
2.99821
2.99591
2.98918
2.9753
2.93594
2.84711
2.61987
2.12407
1.33076
0.979784
0.924231
0.934621
0.961533
0.999348
1.042
1.09181
3.00001
3.00001
3.00001
3
2.99999
2.99997
2.99992
2.99981
2.99948
2.99883
2.99679
2.99292
2.98101
2.95631
2.88806
2.72841
2.34767
1.62059
1.10853
0.971596
0.969079
0.98752
1.02145
1.06214
1.10732
3.00001
3.00001
3.00001
3
3
2.99998
2.99995
2.99986
2.99968
2.99911
2.998
2.99478
2.98782
2.96929
2.92624
2.81724
2.5599
2.00376
1.29238
1.04265
1.0097
1.01968
1.0462
1.0836
1.12408
3.00001
3.00001
3.00001
3.00001
3
2.99999
2.99997
2.99991
2.99977
2.99942
2.99854
2.99657
2.99118
2.9795
2.94766
2.87493
2.6892
2.27224
1.53285
1.13642
1.05091
1.05239
1.07151
1.10411
1.14196
3.00001
3.00001
3.00001
3.00001
3
3
2.99998
2.99994
2.99985
2.99959
2.9991
2.9975
2.99454
2.98536
2.96654
2.91454
2.7944
2.50135
1.8968
1.29658
1.10947
1.08792
1.09856
1.12481
1.16038
3.00001
3.00001
3.00001
3.00001
3.00001
3
2.99999
2.99996
2.9999
2.99974
2.99938
2.9984
2.99633
2.99037
2.97808
2.94348
2.86624
2.66888
2.23209
1.52687
1.19797
1.12928
1.12981
1.14801
1.1775
3.00001
3.00001
3.00001
3.00001
3.00001
3
3
2.99998
2.99993
2.99985
2.99957
2.99903
2.99745
2.99408
2.98513
2.96425
2.91217
2.78528
2.48583
1.87697
1.34489
1.18243
1.16268
1.17189
1.19576
3.00001
3.00001
3.00001
3.00001
3.00001
3
3
2.99999
2.99997
2.99989
2.99975
2.99933
2.99848
2.99604
2.99085
2.97693
2.94503
2.86423
2.67261
2.23682
1.5703
1.26939
1.20476
1.20203
1.21669
3.00001
3.00001
3.00001
3.00001
3.00001
3.00001
3
3
2.99998
2.99994
2.99983
2.99962
2.99895
2.99772
2.99384
2.98627
2.96439
2.91669
2.79255
2.50831
1.92588
1.41615
1.25664
1.23374
1.2403
3.00001
3.00001
3.00001
3.00001
3.00001
3.00001
3.00001
3
2.99999
2.99996
2.99991
2.99974
2.99942
2.99844
2.99651
2.99095
2.97905
2.94745
2.87445
2.69375
2.28634
1.64996
1.34692
1.27659
1.26994
3.00001
3.00001
3.00001
3.00001
3.00001
3.00001
3.00001
3
3
2.99998
2.99994
2.99986
2.99961
2.99915
2.99772
2.99487
2.98683
2.96932
2.92372
2.81723
2.56141
2.03125
1.50728
1.33121
1.30187
3.00001
3.00001
3.00001
3.00001
3.00001
3.00001
3.00001
3.00001
3
2.99999
2.99997
2.99991
2.99979
2.99945
2.99869
2.99681
2.99216
2.98144
2.95385
2.8903
2.73154
2.3723
1.76266
1.42918
1.34238
3.00001
3.00001
3.00001
3.00001
3.00001
3.00001
3.00001
3.00001
3
3
2.99999
2.99995
2.99988
2.99967
2.99926
2.99804
2.99573
2.98856
2.97468
2.93505
2.8484
2.63314
2.17336
1.61656
1.40591
3.00001
3.00001
3.00001
3.00001
3.00001
3.00001
3.00001
3.00001
3.00001
3
2.99999
2.99998
2.99993
2.99982
2.99954
2.99891
2.99732
2.99352
2.98455
2.96182
2.90952
2.77852
2.47893
1.91307
1.51714
3.00001
3.00001
3.00001
3.00001
3.00001
3.00001
3.00001
3.00001
3.00001
3
3
2.99999
2.99996
2.9999
2.99973
2.99939
2.99839
2.99649
2.99061
2.97933
2.94668
2.8762
2.69812
2.30391
1.74029
3.00001
3.00001
3.00001
3.00001
3.00001
3.00001
3.00001
3.00001
3.00001
3.00001
3
3
2.99998
2.99994
2.99987
2.99963
2.99917
2.99787
2.99503
2.9879
2.97085
2.93026
2.83143
2.60069
2.12218
3.00001
3.00001
3.00001
3.00001
3.00001
3.00001
3.00001
3.00001
3.00001
3.00001
3.00001
3
2.99999
2.99997
2.99993
2.99979
2.99953
2.9988
2.99719
2.99317
2.98349
2.96073
2.90423
2.77227
2.46192
3.00001
3.00001
3.00001
3.00001
3.00001
3.00001
3.00001
3.00001
3.00001
3.00001
3.00001
3
3
2.99999
2.99996
2.9999
2.99974
2.99935
2.99847
2.99617
2.99127
2.97782
2.94938
2.87417
2.70571
3.00001
3.00001
3.00001
3.00001
3.00001
3.00001
3.00001
3.00001
3.00001
3.00001
3.00001
3.00001
3
3
2.99998
2.99995
2.99986
2.99967
2.99912
2.99807
2.99491
2.98892
2.97118
2.9349
2.83869
3.00001
3.00001
3.00001
3.00001
3.00001
3.00001
3.00001
3.00001
3.00001
3.00001
3.00001
3.00001
3.00001
3
2.99999
2.99997
2.99993
2.9998
2.99957
2.99886
2.99745
2.99352
2.98508
2.96336
2.91321
3.00001
3.00001
3.00001
3.00001
3.00001
3.00001
3.00001
3.00001
3.00001
3.00001
3.00001
3.00001
3.00001
3.00001
3
2.99999
2.99996
2.99991
2.99975
2.99944
2.99857
2.99668
2.99196
2.98075
2.95428
3.00001
3.00001
3.00001
3.00001
3.00001
3.00001
3.00001
3.00001
3.00001
3.00001
3.00001
3.00001
3.00001
3.00001
3
3
2.99999
2.99995
2.99989
2.99969
2.9993
2.99822
2.99591
2.99004
2.97643
3.00001
3.00001
3.00001
3.00001
3.00001
3.00001
3.00001
3.00001
3.00001
3.00001
3.00001
3.00001
3.00001
3.00001
3.00001
3
3
2.99998
2.99994
2.99985
2.99961
2.99913
2.99774
2.99509
2.9871
3.00001
3.00001
3.00001
3.00001
3.00001
3.00001
3.00001
3.00001
3.00001
3.00001
3.00001
3.00001
3.00001
3.00001
3.00001
3.00001
3
2.99999
2.99997
2.99993
2.99981
2.99954
2.99889
2.99729
2.99379
3.00001
3.00001
3.00001
3.00001
3.00001
3.00001
3.00001
3.00001
3.00001
3.00001
3.00001
3.00001
3.00001
3.00001
3.00001
3.00001
3.00001
3
2.99999
2.99996
2.99991
2.99976
2.99945
2.99862
2.99682
3.00001
3.00001
3.00001
3.00001
3.00001
3.00001
3.00001
3.00001
3.00001
3.00001
3.00001
3.00001
3.00001
3.00001
3.00001
3.00001
3.00001
3
3
2.99999
2.99996
2.99989
2.99972
2.99932
2.99843
3.00001
3.00001
3.00001
3.00001
3.00001
3.00001
3.00001
3.00001
3.00001
3.00001
3.00001
3.00001
3.00001
3.00001
3.00001
3.00001
3.00001
3.00001
3
3
2.99998
2.99995
2.99987
2.99967
2.99923
3.00001
3.00001
3.00001
3.00001
3.00001
3.00001
3.00001
3.00001
3.00001
3.00001
3.00001
3.00001
3.00001
3.00001
3.00001
3.00001
3.00001
3.00001
3.00001
3
3
2.99998
2.99994
2.99984
2.9996
3.00001
3.00001
3.00001
3.00001
3.00001
3.00001
3.00001
3.00001
3.00001
3.00001
3.00001
3.00001
3.00001
3.00001
3.00001
3.00001
3.00001
3.00001
3.00001
3.00001
3
2.99999
2.99997
2.99991
2.9998
3.00001
3.00001
3.00001
3.00001
3.00001
3.00001
3.00001
3.00001
3.00001
3.00001
3.00001
3.00001
3.00001
3.00001
3.00001
3.00001
3.00001
3.00001
3.00001
3.00001
3
3
2.99998
2.99995
2.99986
1.12638
1.33018
1.39136
1.35125
1.27656
1.18752
1.10578
1.06753
1.06222
1.06577
1.07046
1.07239
1.07194
1.07125
1.07006
1.06972
1.07135
1.07354
1.07613
1.07949
1.08337
1.0874
1.0917
1.09639
1.10148
1.10688
1.11251
1.11829
1.12417
1.13015
1.1362
1.14233
1.14844
1.15459
1.1606
1.16646
1.17202
1.17606
1.17883
1.18033
1.1793
1.17149
1.14881
1.09366
0.969186
0.707845
0.327621
0.105982
0.0365736
0.133074
0.211843
0.267307
0.320319
0.371086
0.415813
0.456315
0.496346
0.535779
0.572194
0.604849
0.635143
0.663406
0.690563
0.716408
0.741337
0.765298
0.788528
0.81096
0.832849
0.854152
0.874938
0.895284
0.91518
0.934663
0.953808
0.972465
0.990933
1.00878
1.02663
1.04371
1.06099
1.07737
1.09416
1.10996
1.12632
1.14158
1.1575
1.17236
1.18801
1.20264
1.21802
1.2324
1.24749
1.2616
1.27638
1.29006
1.30414
1.31633
1.32734
1.33362
1.13782
1.25383
1.31886
1.36241
1.40805
1.44417
1.45428
1.45043
1.43528
1.41316
1.39774
1.39334
1.39465
1.39723
1.40019
1.40198
1.40296
1.40391
1.40495
1.40624
1.40791
1.41033
1.41346
1.41681
1.42013
1.42352
1.42698
1.43068
1.43451
1.43857
1.44273
1.44707
1.45142
1.45605
1.46041
1.46521
1.46939
1.47284
1.47478
1.47595
1.47519
1.46914
1.45134
1.40764
1.30892
1.10636
0.760449
0.519176
0.510262
0.576297
0.640472
0.68598
0.721238
0.751355
0.77871
0.802925
0.826705
0.851859
0.877278
0.900879
0.923034
0.944062
0.964343
0.983961
1.00312
1.0219
1.04034
1.0586
1.07646
1.09434
1.11165
1.1292
1.14616
1.16338
1.18011
1.19695
1.21342
1.22982
1.246
1.26197
1.27782
1.29347
1.30914
1.32451
1.33995
1.35501
1.37019
1.3849
1.39965
1.41392
1.42822
1.44207
1.45594
1.46936
1.48277
1.49561
1.5083
1.51959
1.52955
1.53465
1.13473
1.24299
1.3399
1.43347
1.52073
1.58952
1.62328
1.62637
1.62194
1.6078
1.58933
1.57432
1.56713
1.56497
1.56612
1.56761
1.56951
1.57109
1.57224
1.57329
1.5745
1.57597
1.57789
1.57999
1.58259
1.58508
1.58809
1.59088
1.59417
1.59727
1.60071
1.60417
1.60766
1.6115
1.61501
1.61895
1.6223
1.62466
1.62586
1.6262
1.62425
1.61659
1.59679
1.55237
1.4602
1.30581
1.0973
0.90904
0.843538
0.863523
0.895092
0.927058
0.952368
0.971673
0.987945
1.00249
1.01653
1.03147
1.04751
1.06409
1.08063
1.09714
1.11342
1.12977
1.14571
1.16174
1.17742
1.19319
1.20887
1.2244
1.24011
1.25541
1.27107
1.28622
1.30185
1.31685
1.33242
1.34731
1.36285
1.37762
1.39313
1.40769
1.42306
1.43735
1.45253
1.46655
1.48149
1.49524
1.5099
1.52335
1.5377
1.55083
1.56489
1.57763
1.59137
1.60359
1.61678
1.62766
1.63851
1.64367
1.14284
1.25015
1.35005
1.44204
1.52411
1.59225
1.64581
1.68464
1.70657
1.71221
1.71093
1.70396
1.69348
1.68312
1.67828
1.67685
1.67805
1.67983
1.68234
1.68478
1.68653
1.68794
1.68933
1.69093
1.69299
1.69529
1.69799
1.70075
1.70372
1.70678
1.70986
1.71318
1.71648
1.71995
1.72346
1.72686
1.72943
1.73091
1.73142
1.73034
1.72502
1.71059
1.67742
1.60631
1.48562
1.35643
1.26957
1.17944
1.09147
1.03985
1.03118
1.04481
1.06103
1.08006
1.09814
1.11267
1.12588
1.1392
1.15236
1.16572
1.17904
1.19285
1.20709
1.2215
1.23624
1.25064
1.26555
1.27976
1.29483
1.3088
1.32382
1.33765
1.35268
1.36653
1.38158
1.39544
1.41042
1.42406
1.43879
1.45218
1.46674
1.48001
1.49445
1.50756
1.52188
1.53478
1.54907
1.56178
1.57611
1.5886
1.60295
1.61518
1.62951
1.64146
1.65571
1.66731
1.68122
1.69191
1.70384
1.70935
1.14682
1.25186
1.34729
1.43449
1.51465
1.58645
1.65029
1.70422
1.74639
1.77415
1.78531
1.78583
1.78409
1.77793
1.77013
1.7629
1.75903
1.75728
1.75805
1.75905
1.76062
1.76278
1.76453
1.76647
1.76812
1.77017
1.7721
1.77459
1.77698
1.77974
1.78256
1.78542
1.78843
1.79144
1.79442
1.79684
1.79825
1.79865
1.79775
1.79322
1.78076
1.75162
1.68807
1.5738
1.44666
1.37904
1.35595
1.33291
1.29329
1.24241
1.19382
1.16152
1.1489
1.15242
1.16227
1.17498
1.19119
1.20588
1.21993
1.23298
1.24582
1.25792
1.27053
1.28285
1.29631
1.30933
1.32371
1.33712
1.35174
1.3651
1.37965
1.39285
1.40723
1.42024
1.43441
1.44722
1.46133
1.47405
1.48811
1.50071
1.51469
1.52714
1.54103
1.55334
1.56718
1.57935
1.59326
1.60529
1.61935
1.63125
1.64543
1.65718
1.67141
1.68303
1.69723
1.70867
1.72263
1.73335
1.74548
1.75158
1.14464
1.24476
1.33703
1.42152
1.49917
1.57022
1.63412
1.69055
1.73882
1.77843
1.80956
1.82947
1.83847
1.83938
1.83826
1.83379
1.82777
1.82158
1.81839
1.81703
1.81787
1.81908
1.82125
1.8238
1.82673
1.82891
1.8313
1.83327
1.83568
1.83829
1.84102
1.84407
1.84703
1.85002
1.85249
1.8538
1.85411
1.85323
1.84906
1.83757
1.81055
1.75183
1.63756
1.50366
1.42771
1.40814
1.41264
1.41546
1.41064
1.3947
1.36725
1.32786
1.28179
1.24492
1.22612
1.22439
1.23272
1.24404
1.2601
1.27646
1.2918
1.3052
1.31805
1.32904
1.34104
1.35232
1.36547
1.37818
1.39254
1.40578
1.42029
1.43327
1.44724
1.45971
1.4734
1.48568
1.49931
1.51152
1.52513
1.53727
1.55088
1.56293
1.57653
1.58847
1.60206
1.61388
1.62753
1.63924
1.65307
1.66468
1.67869
1.69022
1.70434
1.71581
1.72998
1.74131
1.75529
1.7661
1.77826
1.78463
1.1416
1.23498
1.32315
1.40474
1.48044
1.55006
1.61438
1.67256
1.72515
1.77089
1.81022
1.84247
1.86625
1.88081
1.88641
1.88668
1.8858
1.88237
1.87813
1.87378
1.87187
1.87096
1.87176
1.87297
1.87479
1.87743
1.87981
1.88227
1.88455
1.88645
1.88887
1.89103
1.89359
1.89592
1.89711
1.89734
1.8965
1.89262
1.88191
1.85653
1.80101
1.68852
1.54762
1.45572
1.43043
1.43634
1.44884
1.46133
1.47391
1.47921
1.47677
1.4624
1.43434
1.39403
1.34741
1.30758
1.28509
1.28016
1.28798
1.29946
1.31697
1.33504
1.35144
1.36492
1.37771
1.38811
1.39934
1.41008
1.42339
1.436
1.4501
1.46292
1.47703
1.48958
1.50329
1.51535
1.52873
1.54057
1.55393
1.56574
1.57913
1.59082
1.6042
1.61583
1.6293
1.64087
1.65443
1.66587
1.67955
1.69092
1.70475
1.71609
1.73003
1.74132
1.75531
1.7665
1.78033
1.7912
1.80329
1.80981
1.13943
1.22489
1.30759
1.38567
1.45893
1.52709
1.59047
1.64891
1.70259
1.75149
1.79469
1.83206
1.86341
1.88882
1.90724
1.9185
1.92325
1.92366
1.92306
1.9202
1.91682
1.91273
1.91085
1.9098
1.91062
1.91192
1.9142
1.91745
1.92025
1.92313
1.92564
1.92781
1.92986
1.93064
1.93069
1.92979
1.92604
1.91595
1.89211
1.83961
1.73065
1.58382
1.47952
1.44777
1.44838
1.45974
1.4758
1.49434
1.51477
1.52997
1.53892
1.5416
1.53789
1.52296
1.49511
1.45448
1.40606
1.36321
1.33685
1.3295
1.33721
1.34892
1.36746
1.38825
1.40753
1.42239
1.43499
1.4449
1.45538
1.46545
1.47792
1.48981
1.50348
1.51595
1.52983
1.54215
1.55575
1.56771
1.5811
1.59281
1.60607
1.61764
1.63091
1.64238
1.6557
1.6671
1.68053
1.69184
1.70535
1.71651
1.73011
1.74123
1.7549
1.76597
1.77966
1.79061
1.80416
1.81463
1.8267
1.83288
1.13987
1.21697
1.29359
1.36721
1.43731
1.50321
1.56536
1.62313
1.67697
1.72637
1.77177
1.81266
1.84924
1.88067
1.90699
1.92802
1.94264
1.95136
1.95487
1.95523
1.95487
1.95322
1.95016
1.94837
1.94686
1.94715
1.94768
1.94871
1.95053
1.95314
1.95546
1.95785
1.95877
1.95875
1.95784
1.95424
1.94452
1.92174
1.8716
1.76621
1.61317
1.49622
1.4573
1.45461
1.46663
1.4822
1.5018
1.52246
1.54455
1.5629
1.57949
1.59113
1.59841
1.60036
1.59593
1.58061
1.55213
1.51131
1.46163
1.41564
1.38669
1.37807
1.38622
1.39846
1.41817
1.4394
1.46
1.47577
1.48906
1.49917
1.50982
1.51951
1.53146
1.5428
1.55604
1.56806
1.58167
1.59376
1.60731
1.61916
1.6325
1.64401
1.65721
1.66856
1.68176
1.69298
1.70622
1.71731
1.73062
1.74158
1.75491
1.76581
1.77917
1.79002
1.80343
1.81419
1.8275
1.83773
1.84975
1.85565
1.14312
1.21235
1.28254
1.35137
1.41787
1.48095
1.54081
1.5973
1.65034
1.7
1.74592
1.78843
1.82695
1.86189
1.89258
1.91901
1.94077
1.95814
1.97022
1.97747
1.9807
1.98114
1.98091
1.97962
1.97694
1.97521
1.97347
1.97392
1.9745
1.97562
1.97744
1.97886
1.97927
1.97857
1.9754
1.96643
1.94507
1.89799
1.79758
1.64171
1.51294
1.4667
1.4613
1.47192
1.48727
1.505
1.52637
1.54805
1.57023
1.58956
1.60853
1.6234
1.63728
1.64776
1.6545
1.65612
1.65131
1.63564
1.60729
1.56652
1.51659
1.46873
1.43656
1.42632
1.43429
1.44637
1.46609
1.48841
1.50951
1.52561
1.53989
1.55067
1.56179
1.57134
1.58293
1.59363
1.60641
1.61795
1.63125
1.64299
1.65647
1.66811
1.68142
1.69271
1.70591
1.71701
1.73017
1.74104
1.75416
1.76489
1.77798
1.78866
1.80176
1.81241
1.82557
1.83615
1.84925
1.85934
1.87124
1.87708
1.14885
1.2108
1.27484
1.3383
1.40058
1.4607
1.51816
1.57266
1.62434
1.67312
1.71901
1.76195
1.80181
1.83857
1.87204
1.90222
1.92876
1.95164
1.9704
1.98524
1.99549
2.00168
2.00451
2.00498
2.00487
2.00405
2.00218
2.00104
1.99967
1.99949
1.99964
1.99935
1.99857
1.99546
1.98711
1.96709
1.92264
1.82677
1.67106
1.52804
1.47272
1.46567
1.47591
1.48967
1.50759
1.52797
1.55064
1.57213
1.59284
1.61171
1.63077
1.64761
1.66511
1.68008
1.6933
1.70357
1.70899
1.71034
1.70564
1.69057
1.66315
1.62398
1.57392
1.52437
1.48895
1.47464
1.48266
1.49444
1.51362
1.53642
1.55785
1.57419
1.58902
1.60028
1.6119
1.62161
1.6331
1.64331
1.65566
1.66663
1.67966
1.69107
1.70447
1.71579
1.729
1.74001
1.75318
1.76398
1.77698
1.78757
1.80044
1.81091
1.82378
1.83421
1.84712
1.85751
1.8704
1.88036
1.89214
1.89791
1.15799
1.21274
1.27049
1.3292
1.3871
1.44343
1.4983
1.55086
1.60105
1.64868
1.69385
1.73654
1.77675
1.81442
1.84944
1.88174
1.91114
1.93752
1.96063
1.98036
1.99643
2.00902
2.01767
2.023
2.02534
2.02576
2.02563
2.02483
2.02288
2.02123
2.01944
2.01755
2.01337
2.00425
1.98443
1.94205
1.8519
1.69865
1.5446
1.47996
1.46961
1.47818
1.49213
1.50858
1.52953
1.55088
1.57319
1.59353
1.61405
1.63263
1.65112
1.66804
1.6869
1.70343
1.72108
1.73548
1.74806
1.75761
1.76293
1.76444
1.76063
1.74706
1.72117
1.68352
1.63402
1.58215
1.54183
1.52387
1.53174
1.54291
1.56131
1.58385
1.60565
1.62213
1.63732
1.64905
1.66132
1.67123
1.68273
1.69253
1.7045
1.71485
1.7276
1.73853
1.75168
1.76255
1.77563
1.78638
1.79937
1.80988
1.82263
1.83295
1.84563
1.85587
1.86856
1.87875
1.8914
1.90119
1.91284
1.91852
1.16907
1.21776
1.26962
1.32268
1.3767
1.42968
1.48116
1.53125
1.57978
1.62607
1.67055
1.71251
1.75269
1.79039
1.8262
1.85955
1.89073
1.91937
1.94543
1.96877
1.98903
2.00631
2.02014
2.03095
2.03819
2.04288
2.04452
2.04469
2.0444
2.04301
2.03969
2.03412
2.0246
2.0047
1.96352
1.87791
1.72771
1.56283
1.48587
1.47151
1.47915
1.49167
1.50867
1.52854
1.55076
1.5723
1.59437
1.61452
1.63444
1.65213
1.67033
1.68831
1.70733
1.72483
1.74371
1.75952
1.7762
1.78977
1.80239
1.81214
1.81863
1.82061
1.8179
1.80585
1.78147
1.74514
1.69666
1.64262
1.59646
1.57479
1.58205
1.59237
1.60957
1.63146
1.65345
1.66995
1.68541
1.69765
1.7104
1.72059
1.7321
1.74167
1.75322
1.76315
1.77548
1.78592
1.7987
1.80917
1.822
1.83248
1.84523
1.8555
1.86806
1.87816
1.89064
1.90064
1.91306
1.92266
1.93414
1.93963
1.18168
1.22533
1.27154
1.32013
1.36914
1.41873
1.46786
1.51508
1.56129
1.60606
1.64915
1.6906
1.73003
1.76782
1.80339
1.8374
1.86904
1.89907
1.92658
1.95224
1.97519
1.99588
2.01373
2.02873
2.04105
2.04985
2.0565
2.05871
2.05864
2.05735
2.05345
2.0445
2.02555
1.98612
1.90584
1.75858
1.58714
1.49621
1.47514
1.48049
1.49281
1.50814
1.52871
1.55009
1.57257
1.59403
1.61549
1.63482
1.65419
1.67183
1.69074
1.70863
1.72739
1.74556
1.76459
1.78146
1.79959
1.81481
1.83107
1.84478
1.85794
1.86805
1.87533
1.87758
1.87578
1.86512
1.84229
1.8078
1.76056
1.70492
1.65332
1.62676
1.6323
1.64205
1.65767
1.67857
1.70062
1.71721
1.73289
1.74538
1.75858
1.76915
1.78078
1.79016
1.80143
1.8111
1.82314
1.83314
1.84546
1.85557
1.86812
1.87832
1.89088
1.90092
1.91335
1.92324
1.93553
1.94498
1.95633
1.96158
1.19634
1.23474
1.2764
1.32018
1.36569
1.41098
1.45661
1.50239
1.54618
1.58907
1.63077
1.67092
1.70966
1.74697
1.78237
1.81649
1.84838
1.87919
1.90731
1.93467
1.9588
1.98228
2.00219
2.02114
2.03638
2.04991
2.0601
2.06591
2.0662
2.06433
2.05795
2.04208
2.00713
1.93417
1.79294
1.61935
1.51211
1.48195
1.48408
1.4949
1.51099
1.53054
1.55256
1.57387
1.59588
1.61626
1.63696
1.65602
1.67515
1.69277
1.7115
1.72912
1.74852
1.76697
1.78587
1.8033
1.82151
1.83737
1.85492
1.87002
1.88625
1.90031
1.91373
1.92395
1.93158
1.93409
1.93305
1.92406
1.90326
1.87068
1.82488
1.76861
1.71157
1.67949
1.68173
1.69114
1.70552
1.72509
1.74659
1.76338
1.77929
1.79213
1.80571
1.81654
1.82836
1.83768
1.84895
1.85855
1.87024
1.87983
1.89176
1.90158
1.9139
1.92384
1.9362
1.946
1.95826
1.96762
1.97896
1.98405
1.21195
1.24711
1.28438
1.32401
1.36509
1.40764
1.44991
1.49171
1.53458
1.57509
1.61515
1.65421
1.69157
1.72802
1.76301
1.7966
1.82863
1.85963
1.88806
1.91638
1.94115
1.96625
1.98752
2.00889
2.02654
2.04307
2.05655
2.06391
2.06386
2.06032
2.04872
2.01982
1.95612
1.82627
1.65349
1.53254
1.49267
1.48964
1.50098
1.51719
1.53722
1.55779
1.57943
1.59969
1.62053
1.64016
1.66036
1.6785
1.69701
1.71445
1.73305
1.75092
1.77031
1.78815
1.80706
1.82462
1.84263
1.85905
1.87672
1.8921
1.90949
1.9246
1.94075
1.95493
1.96826
1.97852
1.98641
1.98925
1.98897
1.98182
1.96391
1.93312
1.88914
1.83329
1.77086
1.73337
1.73029
1.74017
1.75281
1.77104
1.79148
1.80855
1.82486
1.83786
1.85152
1.8626
1.87458
1.884
1.89545
1.90497
1.91631
1.92558
1.9372
1.94677
1.95884
1.96846
1.98059
1.98985
2.00119
2.00623
1.2278
1.26081
1.29459
1.33016
1.36786
1.40645
1.4464
1.48593
1.52465
1.56482
1.60261
1.63988
1.6772
1.71147
1.7464
1.77908
1.81037
1.84173
1.86955
1.89874
1.92379
1.94975
1.97249
1.99444
2.01483
2.03177
2.04749
2.05269
2.05094
2.04296
2.02034
1.96699
1.85176
1.68208
1.5507
1.50222
1.49699
1.50795
1.52524
1.54487
1.56705
1.58748
1.60794
1.62703
1.64712
1.66587
1.68482
1.70212
1.72041
1.73748
1.75578
1.77334
1.79211
1.80975
1.82876
1.84593
1.8639
1.8804
1.89768
1.91344
1.93102
1.94633
1.96372
1.97873
1.99458
2.00853
2.0216
2.03214
2.04043
2.04411
2.04465
2.03953
2.02434
1.99587
1.9541
1.89914
1.83203
1.78894
1.77946
1.78919
1.80035
1.81632
1.83592
1.85315
1.86976
1.88267
1.89657
1.90774
1.9198
1.92957
1.94125
1.95055
1.96156
1.97058
1.98198
1.99128
2.00309
2.01212
2.02322
2.02807
1.24355
1.27547
1.30736
1.33959
1.37328
1.40874
1.4451
1.48232
1.51973
1.55547
1.59384
1.62802
1.66404
1.6985
1.73061
1.76451
1.79375
1.82521
1.85315
1.88106
1.90818
1.93245
1.95792
1.9791
2.0013
2.01877
2.03185
2.03299
2.02757
2.01012
1.96545
1.86384
1.70191
1.56225
1.50756
1.50037
1.51239
1.52954
1.55143
1.57455
1.59699
1.61684
1.63687
1.65546
1.67459
1.69207
1.71033
1.72737
1.74513
1.76156
1.77938
1.79628
1.81468
1.83227
1.85089
1.86779
1.8858
1.90194
1.91911
1.93501
1.95215
1.96767
1.98522
2.00026
2.01736
2.03195
2.04741
2.061
2.07392
2.08484
2.09345
2.09838
2.09946
2.0962
2.08366
2.05806
2.01895
1.96491
1.89495
1.84636
1.82892
1.83796
1.84756
1.86118
1.88014
1.89702
1.91378
1.92677
1.94099
1.9519
1.96421
1.97436
1.98618
1.99524
2.00619
2.01503
2.02622
2.03495
2.04573
2.05033
1.26109
1.28981
1.3196
1.35002
1.38128
1.41377
1.44719
1.48157
1.5165
1.55127
1.58559
1.62072
1.65306
1.6871
1.71868
1.74986
1.78114
1.80915
1.83915
1.8651
1.89261
1.91743
1.9416
1.96528
1.98486
2.00329
2.00806
2.00434
1.99059
1.95364
1.86555
1.71067
1.5646
1.50362
1.49665
1.50972
1.52933
1.55255
1.5783
1.60143
1.6244
1.64481
1.66477
1.68273
1.70143
1.71901
1.73741
1.75394
1.771
1.78691
1.80424
1.82082
1.83911
1.8562
1.87422
1.89079
1.90829
1.92401
1.94114
1.95668
1.97351
1.98909
2.00613
2.0213
2.03856
2.0531
2.06967
2.08373
2.09881
2.11216
2.12517
2.13661
2.14567
2.15188
2.15354
2.15177
2.14178
2.11923
2.08318
2.0299
1.95984
1.90492
1.87889
1.88543
1.89443
1.90648
1.92428
1.93981
1.95682
1.97033
1.98453
1.995
2.00787
2.01814
2.03005
2.03894
2.04997
2.05838
2.06876
2.07324
1.28028
1.30297
1.33242
1.36127
1.39037
1.42039
1.45144
1.48338
1.51624
1.54835
1.58174
1.61365
1.64638
1.67733
1.7088
1.73897
1.7683
1.79794
1.82462
1.85307
1.87785
1.90406
1.92731
1.95003
1.96979
1.97894
1.97694
1.96612
1.93553
1.85959
1.70991
1.5583
1.49146
1.48507
1.50013
1.52056
1.54705
1.57473
1.60163
1.62498
1.64704
1.66698
1.68787
1.70771
1.72827
1.74658
1.76462
1.78054
1.79738
1.8132
1.83053
1.84703
1.86477
1.88106
1.8986
1.91462
1.93165
1.94719
1.96391
1.97887
1.99544
2.01052
2.02711
2.04233
2.05915
2.07382
2.09065
2.10463
2.12079
2.13449
2.14943
2.16273
2.17596
2.18761
2.19715
2.20433
2.20645
2.20564
2.19811
2.17951
2.14608
2.0946
2.02742
1.96453
1.93106
1.93237
1.94112
1.95181
1.96798
1.98206
1.99957
2.01324
2.02691
2.03725
2.05054
2.06059
2.07266
2.08124
2.09169
2.09611
1.30377
1.32027
1.34577
1.37427
1.40189
1.42998
1.45867
1.48772
1.51825
1.54854
1.57896
1.61032
1.64008
1.67094
1.70008
1.72952
1.75827
1.78581
1.81417
1.83953
1.86671
1.89017
1.91452
1.93471
1.94792
1.94816
1.93858
1.9112
1.84533
1.70438
1.54661
1.47262
1.46579
1.48167
1.50431
1.53298
1.56583
1.59496
1.62123
1.64372
1.66589
1.68697
1.70929
1.73021
1.75132
1.76987
1.78842
1.80519
1.82289
1.83932
1.85691
1.87307
1.89029
1.90631
1.92354
1.9392
1.95601
1.97106
1.98716
2.0017
2.01781
2.03232
2.04875
2.0636
2.08014
2.09498
2.11159
2.12575
2.14226
2.15577
2.17163
2.18495
2.19965
2.2127
2.22589
2.23743
2.24756
2.25535
2.25818
2.25843
2.25365
2.2385
2.20802
2.16023
2.09759
2.0267
1.98627
1.97923
1.98883
1.99755
2.01073
2.02482
2.04215
2.05466
2.06842
2.07897
2.09225
2.10156
2.1132
2.11779
1.33072
1.33829
1.35856
1.38599
1.41301
1.43976
1.46666
1.49433
1.52249
1.55133
1.57954
1.60832
1.63763
1.66573
1.6946
1.72234
1.74986
1.77732
1.8032
1.83009
1.85415
1.87923
1.89984
1.91622
1.91788
1.90943
1.88489
1.82695
1.69502
1.53027
1.4489
1.44092
1.45784
1.4816
1.51389
1.54899
1.58188
1.61001
1.63591
1.65924
1.68301
1.70546
1.72835
1.7493
1.7705
1.78987
1.81003
1.82836
1.84712
1.86397
1.88158
1.89775
1.91535
1.93162
1.94899
1.96464
1.98121
1.9958
2.01164
2.02581
2.04146
2.05567
2.07171
2.08606
2.10239
2.11689
2.13312
2.14734
2.16346
2.17692
2.1929
2.20579
2.22124
2.23406
2.24851
2.26126
2.27431
2.28588
2.29656
2.30467
2.30905
2.31002
2.30719
2.29509
2.26907
2.22642
2.1675
2.09153
2.04362
2.02786
2.03502
2.04265
2.05368
2.06763
2.08358
2.09497
2.10958
2.1196
2.1319
2.13702
1.36648
1.36372
1.37555
1.39792
1.42471
1.45095
1.47627
1.50173
1.52791
1.55455
1.582
1.60893
1.63605
1.66362
1.69035
1.7174
1.74402
1.76984
1.79606
1.8204
1.84528
1.86648
1.88447
1.88753
1.87994
1.85768
1.80399
1.68299
1.5134
1.4238
1.41413
1.431
1.45615
1.48999
1.52805
1.56249
1.59375
1.62129
1.64791
1.67289
1.69819
1.72173
1.74519
1.76656
1.78822
1.80838
1.82923
1.84822
1.86786
1.88571
1.90439
1.92164
1.93994
1.95651
1.97399
1.98955
2.00602
2.02063
2.03643
2.05036
2.06584
2.07966
2.09524
2.10923
2.12516
2.13915
2.15512
2.16894
2.18459
2.19802
2.21352
2.22633
2.24183
2.25418
2.26934
2.28168
2.29599
2.30842
2.32144
2.33311
2.3441
2.35267
2.35863
2.36027
2.35873
2.34971
2.32832
2.29252
2.23467
2.1599
2.10322
2.07857
2.0799
2.08717
2.09725
2.10914
2.12383
2.13454
2.1485
2.1539
1.40637
1.38972
1.39462
1.41153
1.43547
1.46116
1.48607
1.50998
1.53469
1.55927
1.58478
1.61057
1.63637
1.66218
1.68822
1.71393
1.73934
1.76482
1.78912
1.81351
1.83497
1.85361
1.85799
1.85073
1.83001
1.77913
1.66913
1.49457
1.39679
1.38514
1.40237
1.42778
1.46415
1.50349
1.5404
1.57279
1.60299
1.63075
1.65827
1.68428
1.71033
1.73464
1.75911
1.78187
1.80487
1.82578
1.84683
1.86618
1.88645
1.9052
1.92493
1.94293
1.96173
1.97878
1.99678
2.01285
2.02984
2.04471
2.06059
2.07454
2.08995
2.1036
2.11907
2.13276
2.14829
2.16187
2.17737
2.19068
2.20607
2.21917
2.23433
2.24718
2.26225
2.27459
2.28974
2.30164
2.31661
2.32851
2.34277
2.35486
2.36791
2.37962
2.39073
2.39997
2.40722
2.40945
2.40887
2.4034
2.38639
2.35611
2.29951
2.23332
2.16529
2.13107
2.12408
2.13221
2.14015
2.14911
2.16198
2.16739
1.48979
1.43075
1.42177
1.42894
1.4473
1.47152
1.49558
1.51871
1.54186
1.56559
1.58934
1.61354
1.63817
1.66274
1.6874
1.71199
1.73662
1.76051
1.78424
1.80559
1.82449
1.82961
1.82242
1.80276
1.75388
1.65218
1.47254
1.36718
1.35426
1.37184
1.39887
1.43648
1.47811
1.516
1.55047
1.58137
1.61115
1.63917
1.66729
1.69393
1.72074
1.74601
1.77153
1.79526
1.81905
1.84081
1.86279
1.8828
1.90341
1.92259
1.94287
1.96169
1.98147
1.9994
2.01809
2.03473
2.05211
2.06735
2.0837
2.09809
2.11391
2.12782
2.14334
2.15685
2.17215
2.18537
2.20052
2.21354
2.22861
2.24138
2.25631
2.26885
2.28356
2.29586
2.31046
2.32238
2.33711
2.34862
2.36339
2.37483
2.3891
2.40077
2.41392
2.42543
2.4367
2.44649
2.45429
2.45771
2.45838
2.45512
2.44218
2.41581
2.36647
2.30801
2.22919
2.18663
2.17087
2.17426
2.17981
2.18311
1.65131
1.48425
1.45254
1.45106
1.46144
1.48107
1.50523
1.52832
1.55049
1.5727
1.5952
1.61805
1.64108
1.66471
1.68816
1.71175
1.7349
1.75788
1.77893
1.79756
1.80309
1.79586
1.77667
1.72909
1.62879
1.44852
1.3379
1.32415
1.34272
1.37011
1.4094
1.45164
1.49131
1.52644
1.55915
1.58934
1.61912
1.64749
1.67595
1.70298
1.73031
1.75616
1.78236
1.80683
1.83155
1.85431
1.87724
1.89812
1.91938
1.93879
1.95925
1.97844
1.99884
2.01752
2.03694
2.05419
2.07226
2.08828
2.10536
2.12037
2.13664
2.1508
2.16644
2.17998
2.19524
2.20835
2.22337
2.23614
2.25094
2.26343
2.27807
2.29032
2.30484
2.31687
2.33124
2.34307
2.3573
2.36886
2.38318
2.39437
2.40887
2.41986
2.43411
2.44522
2.45847
2.46958
2.48106
2.49107
2.49921
2.50449
2.50586
2.50407
2.49482
2.47348
2.4347
2.37338
2.29787
2.24804
2.21263
2.2134
1.92653
1.58756
1.49144
1.47489
1.47778
1.49144
1.51267
1.53657
1.55903
1.58072
1.60215
1.62395
1.64567
1.66776
1.69006
1.71243
1.73434
1.75468
1.77291
1.77867
1.77132
1.75186
1.70444
1.60394
1.4259
1.30986
1.29472
1.31339
1.3421
1.38196
1.42541
1.46542
1.50226
1.53558
1.56745
1.59742
1.62722
1.65562
1.68421
1.71158
1.73935
1.76582
1.79262
1.81773
1.84294
1.86608
1.88939
1.91075
1.93276
1.95317
1.97448
1.99404
2.01466
2.03362
2.05354
2.07144
2.09021
2.10685
2.12458
2.14015
2.157
2.17167
2.1878
2.20167
2.21719
2.23037
2.24539
2.25805
2.27276
2.28512
2.29968
2.31185
2.32627
2.33819
2.35241
2.364
2.37798
2.38928
2.40313
2.41424
2.42815
2.43907
2.45319
2.46384
2.47796
2.48846
2.50188
2.51236
2.52418
2.53401
2.5428
2.54955
2.55151
2.55064
2.54538
2.52897
2.49598
2.43265
2.3639
2.32582
2.32091
1.80125
1.57029
1.51392
1.50327
1.50812
1.52337
1.54499
1.56708
1.58847
1.60931
1.63022
1.6513
1.67242
1.69343
1.7143
1.73367
1.75096
1.75635
1.74866
1.72856
1.68093
1.57914
1.40247
1.28102
1.26471
1.28438
1.3141
1.35556
1.39902
1.44006
1.4774
1.51243
1.54476
1.57614
1.60589
1.63556
1.66404
1.69285
1.72056
1.7487
1.7755
1.80249
1.82771
1.85297
1.87637
1.90013
1.92221
1.94502
1.96617
1.98805
2.00812
2.02892
2.04789
2.06802
2.08643
2.10594
2.12336
2.14182
2.15811
2.17562
2.19088
2.20751
2.22181
2.23769
2.25118
2.26648
2.27937
2.29426
2.30671
2.32132
2.33342
2.34778
2.35956
2.37364
2.38509
2.39889
2.40999
2.4236
2.43443
2.44798
2.45867
2.4723
2.48289
2.49667
2.50704
2.52089
2.53092
2.54442
2.55418
2.56648
2.57577
2.58547
2.59271
2.5956
2.5961
2.59277
2.57881
2.54676
2.52311
2.62389
2.17639
1.72838
1.56587
1.53311
1.52939
1.53698
1.55361
1.57505
1.59579
1.61628
1.6361
1.65644
1.67645
1.69658
1.71522
1.73184
1.73665
1.72836
1.70737
1.65845
1.55446
1.37816
1.25143
1.23469
1.25533
1.287
1.32966
1.37412
1.41507
1.45338
1.48869
1.52241
1.55399
1.58494
1.61455
1.64428
1.67301
1.70207
1.72998
1.7581
1.78476
1.81156
1.83676
1.8622
1.88605
1.91035
1.93303
1.95628
1.97781
2.00004
2.02054
2.04187
2.06142
2.08186
2.10055
2.12043
2.13838
2.15737
2.17417
2.19218
2.20797
2.22511
2.23996
2.25631
2.27029
2.28596
2.2992
2.31431
2.32697
2.34168
2.35388
2.36828
2.38008
2.39417
2.40555
2.4193
2.43026
2.44369
2.4543
2.46756
2.47796
2.49123
2.50156
2.51494
2.5252
2.53866
2.54874
2.56219
2.57192
2.58518
2.59446
2.60703
2.6157
2.6264
2.63325
2.63823
2.63916
2.6363
2.63646
2.79168
2.51116
2.0144
1.67359
1.57154
1.5524
1.55311
1.56328
1.58144
1.60312
1.62364
1.64345
1.66246
1.68159
1.69894
1.71474
1.71904
1.70995
1.68796
1.63725
1.53044
1.3524
1.22141
1.20482
1.22696
1.26027
1.30524
1.35008
1.39181
1.42982
1.46588
1.49969
1.53254
1.56371
1.59458
1.62427
1.65414
1.68293
1.71191
1.73958
1.76741
1.79384
1.82055
1.84582
1.8715
1.89567
1.92032
1.94332
1.96686
1.98869
2.01124
2.03206
2.05374
2.07363
2.09443
2.11332
2.13324
2.1514
2.17083
2.18821
2.20676
2.22315
2.24085
2.25628
2.27315
2.28766
2.30375
2.31741
2.33286
2.34583
2.36079
2.37322
2.38777
2.39969
2.41384
2.42524
2.43897
2.44987
2.4632
2.47366
2.48672
2.49689
2.50983
2.51986
2.53284
2.54283
2.55591
2.56584
2.57897
2.58874
2.60182
2.61128
2.62419
2.63321
2.64569
2.65397
2.66525
2.67158
2.67859
2.68122
2.88988
2.73941
2.39786
1.90442
1.65772
1.59059
1.57666
1.57858
1.59004
1.60891
1.62991
1.64988
1.66855
1.68559
1.70031
1.70321
1.69318
1.66982
1.61685
1.50628
1.32404
1.19098
1.17509
1.19928
1.23546
1.28172
1.32737
1.36899
1.4075
1.44318
1.47775
1.51069
1.54314
1.57419
1.60507
1.63472
1.66444
1.69292
1.72155
1.74888
1.77649
1.80281
1.82956
1.85494
1.88081
1.90514
1.92997
1.95312
1.97685
1.99885
2.02158
2.04255
2.0644
2.08445
2.10552
2.12475
2.14508
2.16345
2.18311
2.20087
2.21986
2.23665
2.25478
2.27067
2.28801
2.30302
2.31961
2.33379
2.34969
2.36309
2.37836
2.39105
2.40577
2.41785
2.43209
2.44363
2.45745
2.46849
2.48191
2.49248
2.50553
2.51569
2.5285
2.53838
2.55109
2.56083
2.57355
2.58322
2.59598
2.60557
2.61831
2.62774
2.64038
2.64953
2.66204
2.67076
2.68297
2.69093
2.70174
2.70602
2.94392
2.86641
2.68538
2.30051
1.84474
1.65292
1.60964
1.60081
1.60446
1.61702
1.63579
1.65564
1.67305
1.68749
1.68991
1.67882
1.6536
1.59728
1.48105
1.29264
1.16095
1.14764
1.17303
1.21162
1.25977
1.30513
1.34713
1.38537
1.42149
1.45568
1.48941
1.52196
1.55428
1.58528
1.61605
1.64549
1.67485
1.70297
1.73123
1.7583
1.78569
1.81189
1.83853
1.86389
1.88972
1.91411
1.93897
1.96223
1.98601
2.0081
2.03086
2.05193
2.07388
2.09416
2.11548
2.13503
2.15569
2.17443
2.19426
2.21216
2.23139
2.24855
2.26701
2.28334
2.30108
2.31657
2.33358
2.3482
2.36448
2.37827
2.39388
2.40694
2.42196
2.43438
2.44889
2.46072
2.47476
2.48603
2.49963
2.51036
2.52353
2.53377
2.54656
2.55638
2.56889
2.57842
2.59079
2.60016
2.61251
2.62179
2.63415
2.64333
2.65564
2.66469
2.6769
2.6857
2.69777
2.70607
2.71741
2.72258
2.97171
2.92837
2.83561
2.60694
2.17484
1.78695
1.65389
1.62588
1.62194
1.62791
1.64158
1.65905
1.67456
1.67773
1.66592
1.63838
1.5778
1.45478
1.25984
1.13147
1.12016
1.14611
1.18785
1.23799
1.2843
1.32571
1.36409
1.4
1.43498
1.46872
1.50214
1.5344
1.56638
1.59707
1.6275
1.65657
1.68555
1.71328
1.7412
1.768
1.7952
1.82131
1.84788
1.87319
1.89895
1.92322
1.94794
1.97103
1.99466
2.01665
2.03939
2.06055
2.08263
2.10311
2.1246
2.14437
2.1652
2.18415
2.20422
2.22227
2.24161
2.25896
2.27765
2.2942
2.31219
2.32794
2.34525
2.36022
2.37688
2.3911
2.40712
2.42062
2.43605
2.44885
2.46371
2.47588
2.49021
2.50181
2.51568
2.52674
2.54014
2.55066
2.56357
2.57352
2.58598
2.59544
2.60759
2.6167
2.62871
2.63764
2.64964
2.65846
2.67047
2.6792
2.69113
2.69975
2.71154
2.7198
2.73099
2.73632
2.98443
2.96478
2.91232
2.79773
2.52263
2.06528
1.75898
1.66403
1.64381
1.64197
1.64815
1.66008
1.66574
1.65423
1.62416
1.55674
1.42605
1.22476
1.10162
1.09307
1.11945
1.16308
1.21559
1.2627
1.3047
1.34277
1.37927
1.41433
1.44889
1.48225
1.51527
1.54712
1.57872
1.60903
1.6391
1.66783
1.69651
1.72398
1.7517
1.77833
1.80538
1.8313
1.85766
1.8827
1.90813
1.93207
1.95646
1.97928
2.00275
2.02466
2.04743
2.06863
2.0908
2.11135
2.13291
2.15274
2.17362
2.19267
2.21283
2.23105
2.25045
2.26785
2.28661
2.30326
2.32136
2.33729
2.35481
2.37006
2.38703
2.40162
2.41803
2.43194
2.44775
2.46097
2.47619
2.48876
2.50346
2.51544
2.52964
2.54106
2.55475
2.56558
2.57874
2.58893
2.60155
2.61113
2.6233
2.63237
2.64423
2.65295
2.66467
2.67319
2.68482
2.69324
2.70477
2.71311
2.7245
2.73253
2.74338
2.7486
2.99229
2.98177
2.95673
2.897
2.75713
2.44252
1.99075
1.75013
1.67966
1.66216
1.65827
1.6567
1.6454
1.61261
1.53553
1.39133
1.18729
1.07297
1.06834
1.09451
1.13958
1.19305
1.2412
1.28371
1.32267
1.35913
1.39468
1.42904
1.46307
1.49599
1.52861
1.55998
1.59103
1.62077
1.65034
1.67868
1.70707
1.73431
1.7618
1.78816
1.81489
1.84045
1.86641
1.89106
1.91613
1.93977
1.96392
1.98661
2.00997
2.03189
2.05463
2.07586
2.09802
2.11856
2.14011
2.15993
2.18083
2.1999
2.22012
2.2384
2.25789
2.27534
2.29414
2.31086
2.32907
2.34509
2.36273
2.37813
2.3953
2.41013
2.42681
2.44105
2.45719
2.47079
2.48638
2.49936
2.51442
2.52681
2.54135
2.55314
2.56713
2.57829
2.59171
2.60218
2.61503
2.62483
2.63715
2.64633
2.65823
2.66693
2.67853
2.68691
2.6983
2.70649
2.71772
2.72575
2.73681
2.74452
2.75503
2.76
2.9961
2.99124
2.97797
2.95063
2.87853
2.72087
2.3744
1.94691
1.74886
1.693
1.67248
1.65158
1.60781
1.5156
1.34823
1.14652
1.04652
1.04673
1.07234
1.11813
1.17268
1.22099
1.26399
1.30278
1.33955
1.37465
1.4093
1.44297
1.47642
1.50874
1.54074
1.57149
1.602
1.6313
1.66049
1.6885
1.71654
1.74342
1.77048
1.79639
1.82263
1.84767
1.87314
1.89735
1.92208
1.94549
1.96954
1.99218
2.01555
2.03743
2.0601
2.08123
2.10325
2.12366
2.14505
2.16475
2.18554
2.20457
2.22478
2.24312
2.26275
2.2804
2.29944
2.31641
2.33487
2.35113
2.36901
2.38461
2.40198
2.41699
2.43386
2.44828
2.46463
2.47846
2.4943
2.50757
2.52291
2.53558
2.5504
2.56247
2.57674
2.58814
2.60184
2.61254
2.62565
2.63566
2.6482
2.65758
2.66962
2.67849
2.69012
2.69856
2.7099
2.718
2.7291
2.73691
2.74779
2.75518
2.76543
2.7701
2.99808
2.99572
2.98912
2.97607
2.93984
2.86422
2.67476
2.30847
1.90666
1.74009
1.68271
1.6257
1.51051
1.30436
1.09531
1.01045
1.0165
1.04264
1.09085
1.14704
1.19684
1.24018
1.27981
1.31685
1.35279
1.38736
1.42145
1.45442
1.48709
1.51868
1.55006
1.58031
1.61038
1.63925
1.66799
1.6955
1.72303
1.74939
1.77597
1.8014
1.82721
1.85187
1.87701
1.90093
1.92543
1.94864
1.9725
1.99498
2.0182
2.03995
2.06252
2.08356
2.1055
2.12584
2.14718
2.16686
2.18764
2.20667
2.22693
2.24534
2.26506
2.28281
2.30197
2.31904
2.33767
2.35413
2.3723
2.38816
2.4058
2.421
2.43809
2.4527
2.46928
2.48335
2.49947
2.513
2.52864
2.54161
2.55674
2.56906
2.58364
2.59525
2.60919
2.62006
2.63336
2.64352
2.65621
2.66575
2.67792
2.68692
2.69864
2.70719
2.71856
2.7267
2.73778
2.74553
2.75633
2.76359
2.77367
2.77824
2.99909
2.99769
2.99495
2.98696
2.97155
2.92853
2.83795
2.61628
2.2162
1.84894
1.68924
1.54426
1.28287
1.03997
0.960043
0.972493
1.00429
1.05698
1.11399
1.16356
1.20741
1.24741
1.28558
1.32199
1.35746
1.39146
1.42485
1.45707
1.48906
1.52008
1.551
1.58088
1.61064
1.63923
1.66773
1.69502
1.72234
1.74851
1.7749
1.80017
1.82582
1.85032
1.87532
1.89914
1.92355
1.94671
1.97055
1.99305
2.01631
2.03814
2.06079
2.08192
2.10395
2.12438
2.1458
2.16555
2.1864
2.20549
2.22581
2.24428
2.26409
2.28196
2.30128
2.31854
2.33738
2.35404
2.3724
2.38843
2.40628
2.42169
2.43902
2.45386
2.47072
2.48503
2.50142
2.5152
2.5312
2.5445
2.56005
2.57274
2.58772
2.59967
2.61398
2.62516
2.63876
2.64918
2.6621
2.67184
2.68416
2.69328
2.70511
2.71372
2.72516
2.73333
2.74444
2.7522
2.76293
2.77017
2.7801
2.78467
2.99948
2.99887
2.99705
2.99356
2.98377
2.96321
2.91086
2.79401
2.52398
2.08187
1.68409
1.31496
0.9677
0.868182
0.890219
0.931376
0.993907
1.05749
1.11147
1.1579
1.20062
1.24086
1.27946
1.31592
1.35096
1.38416
1.41656
1.44781
1.47898
1.50937
1.53987
1.56946
1.59902
1.62746
1.65585
1.68309
1.7104
1.7366
1.76304
1.78837
1.81407
1.83863
1.8637
1.88761
1.91216
1.93553
1.95966
1.98253
2.00624
2.02857
2.05177
2.07344
2.09599
2.11689
2.13873
2.15881
2.17994
2.19925
2.21976
2.2384
2.25839
2.27645
2.29599
2.31349
2.3326
2.34952
2.36816
2.38448
2.40264
2.41837
2.43606
2.45125
2.4685
2.48322
2.50008
2.51432
2.53073
2.54439
2.56025
2.5732
2.58841
2.60056
2.61505
2.6264
2.64018
2.65076
2.66385
2.67376
2.68625
2.69554
2.70755
2.71632
2.72794
2.73622
2.74748
2.75528
2.76611
2.77334
2.78324
2.78778
2.99967
2.99916
2.99811
2.99516
2.9893
2.97259
2.93825
2.84765
2.64819
2.23204
1.59855
0.951709
0.660948
0.680583
0.728559
0.79472
0.861618
0.922145
0.979389
1.03433
1.08666
1.13545
1.18146
1.22457
1.26579
1.30497
1.34317
1.37996
1.41623
1.4512
1.48566
1.51866
1.55112
1.58207
1.61264
1.64182
1.67087
1.69866
1.72655
1.75323
1.78018
1.80595
1.83219
1.85727
1.883
1.90759
1.93296
1.95712
1.98213
2.00577
2.03024
2.05316
2.07689
2.0989
2.12177
2.1428
2.16479
2.1849
2.20613
2.22545
2.24607
2.26473
2.28485
2.30292
2.32258
2.34006
2.35924
2.3761
2.39479
2.41105
2.42925
2.44496
2.4627
2.47791
2.49523
2.50994
2.5268
2.5409
2.55719
2.57054
2.58612
2.59862
2.61342
2.62504
2.63906
2.64988
2.66318
2.67329
2.68599
2.69549
2.7077
2.71663
2.72844
2.73685
2.74827
2.75616
2.76712
2.77439
2.78437
2.78894
)
;

boundaryField
{
    inlet
    {
        type            calculated;
        value           uniform 3.00001;
    }
    outlet
    {
        type            calculated;
        value           nonuniform List<scalar> 
40
(
1.33362
1.53465
1.64367
1.70935
1.75158
1.78463
1.80981
1.83288
1.85565
1.87708
1.89791
1.91852
1.93963
1.96158
1.98405
2.00623
2.02807
2.05033
2.07324
2.09611
2.11779
2.13702
2.1539
2.16739
2.18311
2.2134
2.32582
2.52311
2.63646
2.68122
2.70602
2.72258
2.73632
2.7486
2.76
2.7701
2.77824
2.78467
2.78778
2.78894
)
;
    }
    top
    {
        type            symmetryPlane;
    }
    bottom
    {
        type            symmetryPlane;
    }
    obstacle
    {
        type            calculated;
        value           nonuniform List<scalar> 
110
(
0.0293026
0.0611806
0.104692
0.150214
0.19751
0.24982
0.310546
0.38505
0.483721
0.650987
0.854608
1.17602
1.31973
1.3278
1.27314
1.1875
1.10534
1.06748
1.06209
1.06536
1.07007
1.07217
1.07184
1.07121
1.07004
1.0697
1.07132
1.0735
1.07609
1.07945
1.08334
1.08738
1.09169
1.09638
1.10147
1.10688
1.11251
1.11828
1.12417
1.13015
1.1362
1.14232
1.14844
1.15459
1.1606
1.16646
1.17202
1.17606
1.17882
1.18033
1.1793
1.17149
1.1488
1.09364
0.96909
0.707221
0.320353
0.0729879
0.0365677
0.118835
0.20026
0.260295
0.316583
0.368964
0.414604
0.455613
0.495889
0.535419
0.571912
0.604626
0.634965
0.663266
0.690452
0.71632
0.741266
0.76524
0.78848
0.81092
0.832815
0.854124
0.874914
0.895265
0.915164
0.93465
0.953798
0.972457
0.990926
1.00878
1.02662
1.04371
1.06098
1.07737
1.09416
1.10995
1.12632
1.14158
1.1575
1.17236
1.18801
1.20264
1.21802
1.2324
1.24749
1.2616
1.27638
1.29006
1.30414
1.31633
1.32734
1.33362
)
;
    }
    frontAndBack
    {
        type            empty;
    }
}


// ************************************************************************* //
