/*--------------------------------*- C++ -*----------------------------------*\
  =========                 |
  \\      /  F ield         | OpenFOAM: The Open Source CFD Toolbox
   \\    /   O peration     | Website:  https://openfoam.org
    \\  /    A nd           | Version:  13
     \\/     M anipulation  |
\*---------------------------------------------------------------------------*/
FoamFile
{
    format      ascii;
    class       volScalarField;
    location    "2";
    object      rho;
}
// * * * * * * * * * * * * * * * * * * * * * * * * * * * * * * * * * * * * * //

dimensions      [1 -3 0 0 0 0 0];

internalField   nonuniform List<scalar> 
5250
(
1.40001
1.40002
1.40004
1.40012
1.40025
1.40072
1.40152
1.40431
1.40932
1.42524
1.45651
1.53746
1.70177
2.04894
3.17376
6.22266
5.87858
5.67561
5.69163
5.78746
5.87972
5.94105
5.9854
6.01011
5.97351
1.40001
1.40002
1.40004
1.40012
1.40025
1.40071
1.40151
1.40427
1.40923
1.42496
1.45598
1.53613
1.69907
2.04317
3.14965
6.19765
5.87216
5.67239
5.68888
5.78482
5.87693
5.93851
5.98392
6.00948
5.97383
1.40001
1.40002
1.40004
1.40011
1.40026
1.40067
1.40154
1.40406
1.40926
1.42408
1.45538
1.53284
1.69409
2.03114
3.09914
6.14164
5.85665
5.66295
5.67899
5.7727
5.86256
5.9233
5.96988
5.99443
5.95839
1.40001
1.40002
1.40005
1.4001
1.40027
1.40058
1.40164
1.40357
1.40971
1.42194
1.45573
1.52662
1.6879
2.01283
3.02586
6.05226
5.82991
5.64844
5.66239
5.74973
5.83765
5.89784
5.94222
5.96757
5.93267
1.40001
1.40002
1.40004
1.4001
1.40024
1.40062
1.40143
1.40377
1.4086
1.42237
1.4515
1.52396
1.67533
1.99194
2.9331
5.92586
5.78873
5.63104
5.64047
5.71748
5.80096
5.85729
5.89819
5.92238
5.89338
1.40001
1.40002
1.40004
1.4001
1.40023
1.40059
1.40135
1.40357
1.40814
1.42122
1.44886
1.51796
1.66254
1.96562
2.82622
5.75709
5.72524
5.61371
5.61567
5.6723
5.75174
5.80801
5.84812
5.86722
5.83346
1.40001
1.40001
1.40004
1.40008
1.40023
1.40049
1.4014
1.40302
1.40829
1.41859
1.44778
1.50856
1.64969
1.93439
2.70892
5.52922
5.66355
5.59625
5.58779
5.61639
5.68701
5.73331
5.77264
5.79315
5.7598
1.40001
1.40001
1.40004
1.40008
1.40021
1.40047
1.40124
1.4029
1.4074
1.41762
1.4434
1.50148
1.63153
1.90221
2.5862
5.2307
5.62537
5.56947
5.53809
5.55715
5.61067
5.65318
5.67311
5.68165
5.65309
1.40001
1.40001
1.40003
1.40007
1.40019
1.40042
1.40113
1.40261
1.40674
1.41588
1.43958
1.49218
1.61235
1.862
2.45983
4.86005
5.5983
5.54552
5.47977
5.48967
5.52232
5.54728
5.54988
5.53062
5.4776
1.40001
1.40001
1.40003
1.40006
1.40017
1.40037
1.40104
1.40221
1.40622
1.41355
1.43602
1.48102
1.59168
1.81573
2.33133
4.41265
5.58499
5.52445
5.41118
5.40987
5.41777
5.415
5.38954
5.32062
5.19419
1.40001
1.40001
1.40002
1.40006
1.40013
1.40037
1.40077
1.40221
1.40469
1.41304
1.42882
1.47341
1.56425
1.76811
2.20224
3.89046
5.59146
5.52096
5.35821
5.32707
5.31351
5.27817
5.1836
4.9592
4.26278
1.40001
1.40001
1.40002
1.40005
1.40012
1.40027
1.40075
1.4016
1.4045
1.40973
1.4262
1.45881
1.54231
1.71198
2.08086
3.30265
5.57669
5.50404
5.32485
5.24865
5.20739
5.12994
4.96916
4.64531
3.90737
1.40001
1.40001
1.40002
1.40004
1.4001
1.40025
1.40054
1.40152
1.40324
1.40905
1.41978
1.45139
1.51554
1.66493
1.96735
2.80921
5.42906
5.4266
5.31187
5.18433
5.10789
4.99459
4.78356
4.44395
3.8403
1.40001
1.40001
1.40002
1.40003
1.40009
1.40019
1.4005
1.40114
1.40296
1.40692
1.4175
1.44125
1.49898
1.62291
1.88591
2.52815
4.97021
5.31093
5.24873
5.1067
5.00393
4.86978
4.64334
4.32794
3.86453
1.40001
1.40001
1.40001
1.40003
1.40007
1.40017
1.40038
1.40098
1.40232
1.40582
1.41407
1.43437
1.48118
1.58718
1.80944
2.30744
4.29962
5.21515
5.17866
5.05563
4.91579
4.77502
4.54699
4.25235
3.87727
1.40001
1.40001
1.40001
1.40002
1.40006
1.40012
1.40034
1.40071
1.402
1.40431
1.41179
1.42634
1.46672
1.5499
1.73691
2.12135
3.57577
5.17474
5.14348
5.02971
4.84204
4.6901
4.48043
4.20283
3.87833
1.40001
1.40001
1.40001
1.40002
1.40004
1.4001
1.40024
1.40061
1.40138
1.40369
1.40818
1.42165
1.44879
1.51851
1.66155
1.95638
2.77636
5.06615
5.11811
5.03189
4.81976
4.62663
4.43109
4.17751
3.88226
1.40001
1.40001
1.40001
1.40002
1.40003
1.40009
1.40018
1.40049
1.40104
1.40285
1.40634
1.41667
1.43805
1.49304
1.60801
1.85411
2.4285
4.60005
5.02518
4.96634
4.79963
4.58114
4.38174
4.15327
3.88546
1.40001
1.40001
1.40001
1.40001
1.40003
1.40006
1.40014
1.40036
1.4008
1.40219
1.40472
1.41296
1.42862
1.47251
1.56197
1.76159
2.17408
3.80727
4.92555
4.89715
4.78877
4.55863
4.35201
4.13829
3.89552
1.40001
1.40001
1.40001
1.40001
1.40002
1.40005
1.40011
1.40024
1.40066
1.4014
1.40394
1.40843
1.42288
1.45069
1.52404
1.67158
1.97748
2.90844
4.78248
4.85567
4.77875
4.58261
4.34458
4.13081
3.90609
1.40001
1.40001
1.40001
1.40001
1.40002
1.40004
1.40007
1.4002
1.40043
1.40113
1.40261
1.40659
1.41565
1.43833
1.48926
1.60464
1.83677
2.38465
4.34196
4.7965
4.74569
4.60113
4.35816
4.13631
3.9217
1.40001
1.40001
1.40001
1.40001
1.40001
1.40003
1.40006
1.40013
1.40033
1.40079
1.40188
1.40478
1.41108
1.42792
1.46468
1.55159
1.73167
2.10184
3.51627
4.70042
4.68171
4.59573
4.39183
4.15866
3.94545
1.40001
1.40001
1.40001
1.40001
1.40001
1.40002
1.40004
1.40009
1.40024
1.40051
1.4014
1.40299
1.40824
1.41786
1.44664
1.50305
1.63842
1.88378
2.55317
4.47245
4.66978
4.60332
4.43201
4.19187
3.96979
1.40001
1.40001
1.40001
1.40001
1.40001
1.40002
1.40003
1.40006
1.40017
1.40036
1.40096
1.40212
1.40557
1.41272
1.43211
1.47363
1.57181
1.76871
2.19258
3.81378
4.59463
4.56724
4.46509
4.24104
4.01027
1.40001
1.40001
1.40001
1.40001
1.40001
1.40001
1.40002
1.40005
1.40011
1.40025
1.40063
1.40145
1.40377
1.40849
1.42202
1.44986
1.51973
1.66292
1.94384
2.84103
4.39156
4.52885
4.47252
4.31326
4.06452
1.40001
1.40001
1.40001
1.40001
1.40001
1.40001
1.40002
1.40004
1.40007
1.40018
1.40039
1.40102
1.40235
1.40594
1.41399
1.43425
1.47958
1.58273
1.78454
2.24271
3.86523
4.47067
4.44504
4.35056
4.13572
1.40001
1.40001
1.40001
1.40001
1.40001
1.40001
1.40001
1.40002
1.40005
1.40012
1.40025
1.4007
1.40146
1.40409
1.40868
1.42342
1.45141
1.52527
1.67027
1.95712
2.92177
4.28077
4.40846
4.3601
4.22526
1.40001
1.40001
1.40001
1.40001
1.40001
1.40001
1.40001
1.40002
1.40003
1.40007
1.40018
1.4004
1.40107
1.40229
1.40628
1.41352
1.43553
1.47841
1.58424
1.77679
2.23354
3.79528
4.35506
4.33532
4.25761
1.40001
1.40001
1.40001
1.40001
1.40001
1.40001
1.40001
1.40001
1.40002
1.40005
1.40011
1.40027
1.40063
1.40159
1.40362
1.40932
1.42109
1.45256
1.51802
1.66379
1.93063
2.83225
4.14945
4.3104
4.26893
1.40001
1.40001
1.40001
1.40001
1.40001
1.40001
1.40001
1.40001
1.40002
1.40003
1.40007
1.40016
1.40042
1.40091
1.40246
1.40524
1.41423
1.4309
1.47742
1.56988
1.75656
2.1738
3.62322
4.24357
4.23893
1.40001
1.40001
1.40001
1.40001
1.40001
1.40001
1.40001
1.40001
1.40001
1.40002
1.40005
1.40011
1.40024
1.40062
1.40132
1.40362
1.40767
1.42069
1.44489
1.51
1.63551
1.87552
2.6062
3.99441
4.21897
1.40001
1.40001
1.40001
1.40001
1.40001
1.40001
1.40001
1.40001
1.40001
1.40002
1.40003
1.40006
1.40016
1.40033
1.40091
1.40193
1.40521
1.41139
1.42942
1.46549
1.55432
1.71916
2.08004
3.35721
4.11446
1.40001
1.40001
1.40001
1.40001
1.40001
1.40001
1.40001
1.40001
1.40001
1.40001
1.40002
1.40004
1.40009
1.40022
1.4005
1.40119
1.40296
1.40679
1.4171
1.43874
1.49252
1.60168
1.79907
2.31486
3.80296
1.40001
1.40001
1.40001
1.40001
1.40001
1.40001
1.40001
1.40001
1.40001
1.40001
1.40001
1.40003
1.40005
1.40014
1.40028
1.40077
1.40161
1.40439
1.40941
1.42472
1.4544
1.53019
1.67332
1.96474
2.98741
1.40001
1.40001
1.40001
1.40001
1.40001
1.40001
1.40001
1.40001
1.40001
1.40001
1.40001
1.40002
1.40004
1.40007
1.40018
1.40041
1.40099
1.40242
1.40561
1.414
1.43201
1.47663
1.56966
1.74238
2.15532
1.40001
1.40001
1.40001
1.40001
1.40001
1.40001
1.40001
1.40001
1.40001
1.40001
1.40001
1.40001
1.40002
1.40004
1.40011
1.40023
1.4006
1.40127
1.40345
1.40731
1.41946
1.4421
1.50295
1.61648
1.83214
1.40001
1.40001
1.40001
1.40001
1.40001
1.40001
1.40001
1.40001
1.40001
1.40001
1.40001
1.40001
1.40002
1.40003
1.40006
1.40013
1.40034
1.40072
1.40195
1.40415
1.41107
1.42402
1.46041
1.53127
1.68186
1.40001
1.40001
1.40001
1.40001
1.40001
1.40001
1.40001
1.40001
1.40001
1.40001
1.40001
1.40001
1.40001
1.40002
1.40003
1.40008
1.40017
1.40045
1.40097
1.40251
1.40565
1.41412
1.4322
1.47657
1.56765
1.40001
1.40001
1.40001
1.40001
1.40001
1.40001
1.40001
1.40001
1.40001
1.40001
1.40001
1.40001
1.40001
1.40001
1.40002
1.40004
1.4001
1.40023
1.40056
1.40133
1.40311
1.4077
1.4175
1.44286
1.49543
1.40001
1.40001
1.40001
1.40001
1.40001
1.40001
1.40001
1.40001
1.40001
1.40001
1.40001
1.40001
1.40001
1.40001
1.40001
1.40003
1.40006
1.40013
1.40032
1.40069
1.40182
1.40388
1.41034
1.42218
1.45618
1.40001
1.40001
1.40001
1.40001
1.40001
1.40001
1.40001
1.40001
1.40001
1.40001
1.40001
1.40001
1.40001
1.40001
1.40001
1.40002
1.40003
1.40008
1.40016
1.40041
1.40087
1.40233
1.40493
1.41304
1.4281
1.40001
1.40001
1.40001
1.40001
1.40001
1.40001
1.40001
1.40001
1.40001
1.40001
1.40001
1.40001
1.40001
1.40001
1.40001
1.40001
1.40002
1.40004
1.40009
1.4002
1.40051
1.40108
1.40289
1.4061
1.41607
1.40001
1.40001
1.40001
1.40001
1.40001
1.40001
1.40001
1.40001
1.40001
1.40001
1.40001
1.40001
1.40001
1.40001
1.40001
1.40001
1.40001
1.40002
1.40005
1.40011
1.40026
1.4006
1.40143
1.40344
1.40791
1.40001
1.40001
1.40001
1.40001
1.40001
1.40001
1.40001
1.40001
1.40001
1.40001
1.40001
1.40001
1.40001
1.40001
1.40001
1.40001
1.40001
1.40002
1.40003
1.40006
1.40013
1.40033
1.40071
1.40183
1.40405
1.40001
1.40001
1.40001
1.40001
1.40001
1.40001
1.40001
1.40001
1.40001
1.40001
1.40001
1.40001
1.40001
1.40001
1.40001
1.40001
1.40001
1.40001
1.40002
1.40003
1.40008
1.40016
1.4004
1.40085
1.40225
1.40001
1.40001
1.40001
1.40001
1.40001
1.40001
1.40001
1.40001
1.40001
1.40001
1.40001
1.40001
1.40001
1.40001
1.40001
1.40001
1.40001
1.40001
1.40001
1.40002
1.40004
1.40009
1.40018
1.40048
1.40103
1.40001
1.40001
1.40001
1.40001
1.40001
1.40001
1.40001
1.40001
1.40001
1.40001
1.40001
1.40001
1.40001
1.40001
1.40001
1.40001
1.40001
1.40001
1.40001
1.40001
1.40002
1.40005
1.40009
1.40024
1.40051
1.40001
1.40001
1.40001
1.40001
1.40001
1.40001
1.40001
1.40001
1.40001
1.40001
1.40001
1.40001
1.40001
1.40001
1.40001
1.40001
1.40001
1.40001
1.40001
1.40001
1.40001
1.40002
1.40006
1.40011
1.40028
1.40001
1.40001
1.40001
1.40001
1.40001
1.40001
1.40001
1.40001
1.40001
1.40001
1.40001
1.40001
1.40001
1.40001
1.40001
1.40001
1.40001
1.40001
1.40001
1.40001
1.40001
1.40002
1.40003
1.40007
1.40015
1.40001
1.40001
1.40001
1.40001
1.40001
1.40001
1.40001
1.40001
1.40001
1.40001
1.40001
1.40001
1.40001
1.40001
1.40001
1.40001
1.40001
1.40001
1.40001
1.40001
1.40001
1.40001
1.40002
1.40004
1.40011
1.84521
1.00266
0.693342
0.62098
0.620566
0.653606
0.742075
0.81305
0.833727
0.833005
0.829892
0.825744
0.825694
0.826688
0.829298
0.832325
0.833786
0.833998
0.83394
0.833411
0.832225
0.831465
0.831086
0.830789
0.830417
0.829926
0.829294
0.828506
0.827546
0.826416
0.825107
0.823632
0.821921
0.82008
0.81794
0.815675
0.813411
0.810914
0.81062
0.810516
0.812176
0.816742
0.828768
0.857951
0.925104
1.07811
1.45212
1.88073
1.8685
1.89921
1.96176
2.02
2.05992
2.08759
2.10234
2.11075
2.108
2.09456
2.0812
2.06499
2.04954
2.03136
2.01347
1.99382
1.97398
1.9532
1.93223
1.91039
1.88855
1.86629
1.84376
1.82115
1.79835
1.77546
1.75275
1.72973
1.70751
1.6846
1.66302
1.64027
1.6194
1.59696
1.57674
1.55456
1.53488
1.51298
1.49379
1.47259
1.45405
1.43354
1.41548
1.39565
1.37809
1.35898
1.34204
1.32368
1.3076
1.2904
1.27672
1.26298
2.3004
1.49442
1.1408
0.994512
0.934522
0.891166
0.882237
0.886305
0.896249
0.919142
0.942686
0.950411
0.950187
0.948939
0.945821
0.944034
0.944108
0.944338
0.944741
0.944795
0.944637
0.944081
0.942543
0.940647
0.938898
0.937393
0.93593
0.934528
0.932957
0.931338
0.929542
0.92769
0.92562
0.923706
0.921278
0.919382
0.916936
0.915049
0.915241
0.915939
0.9183
0.923792
0.93695
0.967426
1.03664
1.18932
1.5293
2.17132
2.2513
2.24167
2.25349
2.29725
2.34049
2.37945
2.40115
2.41568
2.42239
2.41558
2.39602
2.37566
2.35527
2.33382
2.31173
2.28874
2.26534
2.24159
2.21744
2.19341
2.16849
2.14439
2.11876
2.09472
2.06917
2.04527
2.02037
1.99664
1.97258
1.94916
1.92589
1.90278
1.88033
1.85795
1.8362
1.81417
1.79289
1.77118
1.75022
1.72858
1.7077
1.68621
1.66544
1.64415
1.62351
1.6024
1.58197
1.56108
1.54123
1.52094
1.50376
1.48501
2.83
2.09832
1.62782
1.32863
1.1365
1.01675
0.940939
0.93142
0.935082
0.944952
0.970455
0.99373
1.00957
1.01587
1.01598
1.0153
1.01362
1.01189
1.01119
1.01075
1.01031
1.00957
1.00855
1.00695
1.00543
1.00338
1.0017
0.999468
0.997652
0.995387
0.99335
0.991117
0.988711
0.986575
0.983861
0.981752
0.979179
0.977796
0.978067
0.979201
0.982364
0.989628
1.00584
1.04122
1.11334
1.26965
1.58081
2.15601
2.58953
2.6508
2.64801
2.62064
2.59909
2.59481
2.59162
2.58919
2.58757
2.58121
2.5677
2.5483
2.52567
2.50256
2.4781
2.4538
2.42765
2.40199
2.37501
2.34858
2.32197
2.29501
2.26887
2.24139
2.21542
2.18802
2.16274
2.13595
2.11178
2.08597
2.06282
2.03783
2.01537
1.99061
1.96887
1.94466
1.92357
1.89983
1.87912
1.85576
1.83533
1.81235
1.79218
1.76951
1.74959
1.72712
1.70751
1.68518
1.66617
1.64426
1.62734
1.60807
3.1425
2.48871
1.9934
1.64169
1.40366
1.24039
1.13839
1.07229
1.0328
1.02044
1.02222
1.02717
1.04069
1.05623
1.06818
1.07237
1.07235
1.07146
1.06919
1.06599
1.06386
1.06239
1.06127
1.06004
1.05855
1.05654
1.05439
1.05196
1.04959
1.04723
1.0448
1.04252
1.04007
1.0377
1.03531
1.03303
1.03069
1.03116
1.03182
1.0341
1.0395
1.05172
1.07845
1.13096
1.24641
1.48903
1.75654
2.02194
2.31713
2.60439
2.75185
2.77438
2.77421
2.75705
2.72282
2.70375
2.69008
2.67929
2.6651
2.64938
2.63049
2.61017
2.58762
2.56306
2.53806
2.51044
2.48423
2.45508
2.4294
2.39962
2.37385
2.34369
2.31773
2.28774
2.26214
2.23299
2.20792
2.17916
2.15448
2.12627
2.10209
2.07459
2.05108
2.02433
2.00155
1.97539
1.95349
1.92789
1.90698
1.88191
1.86195
1.83732
1.81824
1.79405
1.77571
1.75201
1.73441
1.71157
1.69552
1.67691
3.33295
2.77719
2.30525
1.93765
1.6659
1.4643
1.3172
1.21043
1.13464
1.08583
1.05763
1.05678
1.05845
1.06275
1.07495
1.08609
1.09476
1.09962
1.09974
1.09937
1.09825
1.09602
1.09359
1.09185
1.0899
1.08836
1.08624
1.0844
1.08197
1.07964
1.07718
1.07467
1.07227
1.06982
1.06755
1.0652
1.06485
1.06534
1.06717
1.07162
1.08195
1.10496
1.15101
1.24958
1.46598
1.72219
1.87977
1.99705
2.12399
2.28274
2.48509
2.67263
2.78838
2.82768
2.82537
2.8124
2.7815
2.75142
2.72943
2.70579
2.68589
2.66542
2.6465
2.62405
2.60268
2.57562
2.55071
2.52048
2.49428
2.46326
2.43681
2.40577
2.37953
2.34882
2.32249
2.2918
2.26561
2.23521
2.20941
2.17952
2.15429
2.12501
2.10042
2.07187
2.04816
2.02041
1.99785
1.97084
1.94954
1.92323
1.9031
1.87752
1.85836
1.83353
1.8152
1.79114
1.7736
1.75065
1.7341
1.71579
3.44888
2.98516
2.56016
2.2021
1.91539
1.69107
1.51714
1.38408
1.28356
1.21023
1.15735
1.12147
1.10193
1.09959
1.10085
1.10406
1.11321
1.12249
1.13044
1.13418
1.13423
1.13365
1.13233
1.12881
1.12572
1.12246
1.12024
1.11786
1.11585
1.11344
1.11066
1.10794
1.10495
1.10224
1.09952
1.09833
1.09867
1.10018
1.10411
1.11351
1.1347
1.17891
1.26632
1.47073
1.74813
1.90365
1.97553
2.01492
2.064
2.12897
2.21159
2.32311
2.48978
2.6651
2.79149
2.85191
2.85189
2.83861
2.80604
2.76336
2.73181
2.70124
2.67926
2.65723
2.63933
2.61501
2.59287
2.56382
2.53672
2.50406
2.4765
2.44467
2.41768
2.38642
2.36
2.32926
2.30311
2.27248
2.2464
2.21596
2.19028
2.16032
2.13531
2.10606
2.08193
2.05345
2.03045
2.0028
1.98112
1.95426
1.93384
1.90779
1.88848
1.86329
1.84492
1.82061
1.80298
1.77995
1.76298
1.74426
3.52643
3.13642
2.76106
2.42505
2.14048
1.90484
1.71476
1.56113
1.43933
1.34202
1.26548
1.20954
1.16681
1.14092
1.12618
1.12611
1.12715
1.12961
1.13688
1.14338
1.14904
1.15121
1.15117
1.15059
1.14898
1.14632
1.14307
1.14022
1.13769
1.1352
1.13327
1.13071
1.12829
1.12578
1.12387
1.12405
1.12528
1.12871
1.13709
1.15638
1.19736
1.27587
1.46642
1.76066
1.93694
2.00768
2.0305
2.04025
2.05307
2.06342
2.08598
2.12741
2.19844
2.30541
2.46798
2.6491
2.78641
2.85427
2.85175
2.83481
2.79506
2.74215
2.70491
2.67182
2.6478
2.62396
2.6062
2.5835
2.56039
2.52985
2.50271
2.46987
2.44191
2.40985
2.38308
2.35187
2.32558
2.29482
2.26906
2.23875
2.21336
2.18323
2.15825
2.12863
2.10455
2.07568
2.05262
2.02444
2.00254
1.97521
1.95454
1.92814
1.90854
1.88306
1.86439
1.83987
1.82189
1.79892
1.78159
1.7625
3.57859
3.24475
2.91318
2.60452
2.33134
2.09568
1.89729
1.73157
1.59461
1.48285
1.39165
1.31843
1.26036
1.21694
1.18388
1.16421
1.15221
1.15137
1.15211
1.15372
1.15957
1.16501
1.17043
1.1727
1.17266
1.17194
1.17017
1.16647
1.16225
1.15865
1.15526
1.15223
1.14962
1.14786
1.14787
1.14882
1.15191
1.15951
1.17755
1.2164
1.29019
1.46839
1.77317
1.96893
2.04143
2.05908
2.06776
2.06899
2.05814
2.04144
2.03834
2.04398
2.06503
2.10641
2.17726
2.2846
2.44396
2.62889
2.7717
2.85112
2.84716
2.82695
2.78594
2.72142
2.67213
2.63009
2.60355
2.57951
2.56415
2.54283
2.52221
2.49361
2.46758
2.43576
2.40829
2.37605
2.34893
2.31764
2.2916
2.26114
2.23587
2.20603
2.18145
2.15206
2.12808
2.09918
2.07605
2.04774
2.02552
1.99782
1.97662
1.94979
1.92962
1.90372
1.8844
1.85935
1.84085
1.81696
1.79942
1.77912
3.62232
3.32814
3.03244
2.74918
2.49094
2.26077
2.06159
1.8898
1.74413
1.62055
1.51717
1.43058
1.3593
1.30093
1.25422
1.21853
1.19161
1.17617
1.16671
1.16582
1.16629
1.16776
1.17099
1.17553
1.17816
1.17881
1.17849
1.17771
1.17601
1.17261
1.16868
1.1655
1.16238
1.16214
1.16275
1.16526
1.17211
1.18856
1.22479
1.29349
1.45567
1.77056
1.99317
2.07256
2.09813
2.1052
2.10498
2.08543
2.06417
2.03864
2.02405
2.01264
2.01469
2.02063
2.04115
2.08207
2.15003
2.25398
2.40906
2.59619
2.75011
2.83839
2.8336
2.81141
2.7666
2.69867
2.644
2.59624
2.567
2.54137
2.52477
2.50359
2.48471
2.45748
2.43248
2.40152
2.3748
2.34307
2.31642
2.28544
2.25984
2.22964
2.20493
2.17554
2.15169
2.1228
2.09962
2.07118
2.04878
2.02082
1.99916
1.97192
1.95115
1.92483
1.90494
1.87946
1.86046
1.83601
1.81824
1.79694
3.66095
3.39751
3.12991
2.86976
2.62726
2.4053
2.20788
2.03444
1.88353
1.75333
1.64092
1.54507
1.46293
1.39389
1.33596
1.28841
1.25046
1.22118
1.19895
1.18603
1.17806
1.17682
1.17715
1.17828
1.18067
1.18475
1.1877
1.18767
1.18718
1.18615
1.18409
1.18018
1.1791
1.17926
1.18085
1.18706
1.20192
1.23583
1.30094
1.45011
1.77394
2.0155
2.10774
2.13666
2.14505
2.14062
2.12286
2.09717
2.07447
2.04844
2.02772
2.00494
1.9923
1.98239
1.98644
1.99205
2.01053
2.04786
2.11338
2.21191
2.36283
2.55395
2.72044
2.81583
2.81085
2.78814
2.74279
2.67
2.61291
2.56398
2.53138
2.50248
2.48321
2.46095
2.44246
2.41657
2.39308
2.36321
2.33755
2.30663
2.28084
2.25013
2.22493
2.19486
2.17077
2.14163
2.11849
2.08987
2.06743
2.03938
2.01752
1.99016
1.96904
1.94249
1.92222
1.89647
1.8771
1.85232
1.83428
1.81245
3.69375
3.45494
3.21185
2.97058
2.74249
2.53107
2.33868
2.16571
2.01242
1.87748
1.75939
1.65643
1.56682
1.48925
1.42232
1.36526
1.31704
1.2772
1.24532
1.2207
1.20228
1.19144
1.18499
1.18367
1.18382
1.18456
1.18612
1.18887
1.19028
1.19123
1.19105
1.19064
1.19108
1.19289
1.19836
1.21231
1.24418
1.30509
1.44429
1.76066
2.03891
2.14223
2.17699
2.18253
2.18076
2.16194
2.13626
2.10872
2.08314
2.05639
2.0337
2.00901
1.99098
1.97281
1.96122
1.95196
1.95294
1.95739
1.97366
2.00808
2.07179
2.1667
2.31152
2.50198
2.67114
2.78161
2.77694
2.7559
2.71671
2.64163
2.5821
2.53104
2.4953
2.46313
2.44112
2.4173
2.39884
2.37368
2.35171
2.3229
2.29845
2.26841
2.24366
2.21328
2.18861
2.1587
2.13524
2.10634
2.08368
2.05553
2.03353
2.00614
1.98484
1.9582
1.9377
1.91181
1.89221
1.86724
1.84898
1.82669
3.73067
3.50739
3.28241
3.06068
2.84585
2.64294
2.45703
2.28714
2.13388
1.99635
1.87406
1.7657
1.67013
1.58601
1.51216
1.44767
1.39166
1.34357
1.30282
1.26902
1.24202
1.22111
1.20557
1.19621
1.19045
1.18924
1.18932
1.19001
1.19146
1.19453
1.19663
1.19861
1.20201
1.20912
1.22423
1.25627
1.31697
1.4501
1.75113
2.06107
2.17992
2.21658
2.2251
2.22121
2.20519
2.17399
2.14634
2.11702
2.09214
2.06522
2.0408
2.01461
1.9956
1.97351
1.95791
1.93972
1.92675
1.91595
1.91504
1.91909
1.93457
1.96695
2.02791
2.11738
2.25274
2.43928
2.61527
2.74266
2.73963
2.72224
2.68866
2.6146
2.55236
2.49895
2.4609
2.4256
2.40135
2.37575
2.35644
2.33112
2.31012
2.2823
2.25939
2.23011
2.20623
2.1761
2.15211
2.1226
2.09948
2.07087
2.04844
2.02077
1.99924
1.97249
1.95181
1.92582
1.90605
1.88093
1.86257
1.8399
3.76413
3.55569
3.34711
3.13788
2.93771
2.74517
2.5639
2.39715
2.24561
2.10726
1.98316
1.87073
1.77093
1.68124
1.60204
1.53144
1.46933
1.41464
1.36693
1.32584
1.29079
1.26182
1.23828
1.22042
1.20716
1.19922
1.19394
1.19382
1.19419
1.19526
1.19786
1.2034
1.21157
1.22764
1.25998
1.32053
1.4469
1.72925
2.07404
2.2134
2.25478
2.26165
2.26207
2.24544
2.21561
2.18288
2.15548
2.12672
2.10096
2.07211
2.04696
2.02283
2.00277
1.98023
1.96269
1.94019
1.92296
1.9036
1.89001
1.87949
1.87857
1.88272
1.89718
1.92627
1.9814
2.06518
2.19
2.37052
2.55571
2.7021
2.70162
2.6879
2.65871
2.58763
2.52283
2.4677
2.42793
2.39062
2.3643
2.33648
2.31603
2.29066
2.26989
2.24297
2.22112
2.19267
2.16954
2.1401
2.1167
2.08775
2.06493
2.03678
2.0147
1.98749
1.96637
1.9401
1.92006
1.89469
1.8763
1.85316
3.80207
3.60601
3.40783
3.21262
3.0195
2.83657
2.66403
2.49972
2.34902
2.21103
2.08516
1.97116
1.86754
1.77456
1.69019
1.61524
1.54737
1.48764
1.43388
1.38713
1.34567
1.31026
1.27997
1.25474
1.2349
1.21892
1.20874
1.20075
1.20078
1.2018
1.20494
1.21212
1.22741
1.25809
1.31767
1.43359
1.69642
2.07109
2.23591
2.28574
2.2941
2.29411
2.28515
2.25324
2.22166
2.19036
2.1634
2.1342
2.10814
2.07973
2.0564
2.03169
2.01027
1.98823
1.96924
1.94628
1.92779
1.90487
1.88712
1.86851
1.85489
1.84464
1.84246
1.84585
1.85793
1.88278
1.93084
2.00893
2.12351
2.29587
2.48672
2.65176
2.65931
2.65091
2.62346
2.55897
2.49329
2.43642
2.39502
2.35676
2.32864
2.29898
2.27717
2.25123
2.23034
2.20435
2.18333
2.15594
2.13348
2.10493
2.08221
2.05395
2.03161
2.00394
1.98235
1.95557
1.93514
1.90929
1.89079
1.867
3.85056
3.65491
3.46632
3.27941
3.09866
2.92017
2.75181
2.59573
2.44632
2.30869
2.18243
2.06641
1.96071
1.86488
1.7772
1.69863
1.62649
1.56277
1.50379
1.45293
1.40544
1.36561
1.32865
1.29844
1.27144
1.24951
1.23313
1.2173
1.21615
1.21717
1.22129
1.233
1.25892
1.31193
1.41252
1.65047
2.03929
2.24195
2.30735
2.3161
2.3225
2.31737
2.28967
2.25304
2.22332
2.19368
2.16864
2.14157
2.11662
2.08903
2.06549
2.04001
2.01976
1.99779
1.9777
1.95489
1.93488
1.91065
1.89168
1.86925
1.85177
1.834
1.81974
1.80904
1.8044
1.80678
1.81586
1.83645
1.87749
1.94954
2.05504
2.21579
2.40884
2.58699
2.61357
2.60689
2.58237
2.52511
2.46181
2.40398
2.36189
2.32293
2.29318
2.26222
2.2389
2.21212
2.19132
2.16618
2.14566
2.11915
2.09744
2.07003
2.04818
2.0207
1.999
1.97181
1.95105
1.92458
1.90594
1.88131
3.91236
3.71349
3.5278
3.34817
3.17136
3.00258
2.83814
2.68096
2.53889
2.40088
2.27453
2.15822
2.05013
1.95186
1.86191
1.77986
1.70478
1.63768
1.57457
1.52032
1.4679
1.42417
1.38189
1.34715
1.31472
1.28739
1.26628
1.24374
1.24344
1.24518
1.25232
1.27271
1.31735
1.40279
1.61028
1.9893
2.23883
2.31719
2.33788
2.34565
2.34343
2.31383
2.2797
2.24712
2.22177
2.1963
2.17442
2.14799
2.12342
2.09662
2.07348
2.04897
2.0288
2.00536
1.98508
1.96216
1.94107
1.91709
1.89686
1.87264
1.85409
1.83238
1.81519
1.7976
1.78256
1.77099
1.76349
1.76506
1.77144
1.78808
1.82257
1.88777
1.98594
2.13224
2.32465
2.50979
2.56211
2.55737
2.53535
2.48674
2.42954
2.3707
2.32794
2.28763
2.25735
2.22577
2.20082
2.1731
2.1524
2.12762
2.1073
2.08151
2.06069
2.03443
2.0135
1.98677
1.96612
1.93934
1.92064
1.89529
3.98386
3.77558
3.58831
3.41117
3.24209
3.07644
2.91984
2.76778
2.62161
2.49076
2.36315
2.24527
2.13938
2.03631
1.94594
1.86073
1.782
1.7131
1.64546
1.58901
1.53258
1.48527
1.43968
1.39977
1.36431
1.33145
1.30572
1.28306
1.28341
1.28791
1.30295
1.34001
1.41206
1.58595
1.96103
2.23614
2.33639
2.35972
2.37015
2.36479
2.33666
2.29854
2.26889
2.24166
2.22095
2.19807
2.1765
2.1507
2.12777
2.10183
2.07935
2.05518
2.03433
2.01097
1.99121
1.96757
1.94633
1.92232
1.9008
1.87669
1.85726
1.83404
1.81628
1.79515
1.77796
1.75987
1.74436
1.73168
1.72225
1.72293
1.7267
1.74036
1.77012
1.82649
1.91735
2.04881
2.23759
2.42288
2.50743
2.50368
2.48479
2.44777
2.39631
2.33728
2.29299
2.25221
2.22247
2.18991
2.16358
2.13533
2.1145
2.08946
2.06899
2.04378
2.02393
1.9986
1.9789
1.95273
1.93423
1.90859
4.07674
3.85036
3.65787
3.481
3.31204
3.15081
2.99553
2.8482
2.7081
2.57032
2.45136
2.32864
2.22226
2.12158
2.02476
1.94234
1.85799
1.78763
1.71799
1.65624
1.60028
1.5462
1.50086
1.45509
1.41748
1.38191
1.34993
1.33886
1.34048
1.35083
1.38155
1.44382
1.59549
1.95261
2.24533
2.36842
2.39604
2.40387
2.39786
2.35978
2.32049
2.28562
2.26152
2.2374
2.2176
2.19431
2.17356
2.14965
2.12776
2.10246
2.08076
2.05677
2.03645
2.01414
1.99441
1.97087
1.95022
1.92581
1.90421
1.88039
1.85987
1.83662
1.81821
1.79568
1.77821
1.75721
1.73986
1.72122
1.70552
1.69149
1.68131
1.67931
1.68214
1.69348
1.71807
1.76522
1.84737
1.96609
2.14597
2.32678
2.44519
2.44518
2.43205
2.40731
2.35892
2.30258
2.25769
2.2174
2.18763
2.15405
2.12738
2.09888
2.07753
2.05183
2.03158
2.00673
1.98788
1.96297
1.94545
1.92062
4.15694
3.93102
3.72823
3.55117
3.38521
3.22651
3.07303
2.92667
2.78786
2.65511
2.52957
2.4152
2.30168
2.20268
2.1059
2.01749
1.93766
1.85881
1.79202
1.72429
1.66673
1.61063
1.5601
1.51485
1.47146
1.43554
1.40751
1.40773
1.41488
1.44038
1.49823
1.63394
1.96319
2.28034
2.42223
2.44552
2.45617
2.44188
2.39614
2.35428
2.32009
2.28654
2.25882
2.23146
2.21088
2.18843
2.1692
2.14558
2.12371
2.09913
2.07818
2.05531
2.03644
2.01456
1.99487
1.97188
1.9512
1.92685
1.90589
1.88194
1.8612
1.83831
1.81895
1.79641
1.77858
1.75635
1.7388
1.71786
1.70033
1.68169
1.66606
1.65142
1.64093
1.63643
1.63848
1.6471
1.66642
1.7051
1.77641
1.88585
2.04907
2.22679
2.37135
2.38719
2.38024
2.35888
2.31761
2.2662
2.22368
2.18293
2.15215
2.11797
2.09211
2.06315
2.04109
2.01465
1.99499
1.97005
1.95306
1.92967
4.1844
4.04221
3.81824
3.62574
3.4563
3.29824
3.14696
3.0026
2.86677
2.73308
2.61157
2.49278
2.38481
2.28015
2.18536
2.09543
2.0115
1.93592
1.86116
1.79711
1.7324
1.6768
1.62251
1.57413
1.53256
1.48999
1.48922
1.49322
1.51265
1.56822
1.68717
1.99661
2.34607
2.50298
2.5234
2.52905
2.51035
2.45622
2.41026
2.36761
2.33071
2.29439
2.26526
2.23693
2.2143
2.18938
2.16734
2.14114
2.11857
2.09422
2.07408
2.05214
2.0333
2.01111
1.99184
1.96917
1.94892
1.92551
1.90491
1.88089
1.86053
1.83744
1.81778
1.79577
1.77734
1.75527
1.73783
1.71584
1.69854
1.67798
1.66078
1.64266
1.62712
1.61232
1.60133
1.59404
1.5952
1.60085
1.61551
1.64682
1.70632
1.80891
1.94955
2.12779
2.28909
2.32894
2.32525
2.3073
2.2749
2.22868
2.18962
2.14718
2.11557
2.08171
2.05691
2.02705
2.00503
1.97786
1.95972
1.93576
4.19224
4.11023
3.9201
3.71502
3.53621
3.37655
3.22594
3.08014
2.94424
2.81265
2.68782
2.57352
2.46114
2.35983
2.2612
2.17109
2.08663
2.00643
1.935
1.86363
1.80254
1.74048
1.6874
1.63715
1.59158
1.57656
1.57842
1.59544
1.64875
1.76178
2.05459
2.43685
2.60925
2.62292
2.62783
2.60142
2.53853
2.47956
2.43111
2.38491
2.34726
2.31262
2.28388
2.25399
2.22692
2.19562
2.16811
2.13923
2.11584
2.09091
2.07016
2.04695
2.027
2.00474
1.98566
1.96333
1.94382
1.92076
1.90023
1.8767
1.85665
1.83361
1.81462
1.79281
1.77453
1.75333
1.73581
1.71425
1.69739
1.67585
1.65905
1.63885
1.62201
1.60415
1.58844
1.57352
1.56172
1.55246
1.552
1.555
1.56651
1.59204
1.64113
1.73462
1.85305
2.02911
2.19673
2.26663
2.26809
2.25387
2.23255
2.18866
2.15327
2.11062
2.07922
2.04579
2.0221
1.99115
1.97129
1.94316
4.1644
4.1244
4.01832
3.80751
3.61744
3.45237
3.30065
3.15831
3.02248
2.89395
2.76873
2.65085
2.54183
2.43595
2.33943
2.24671
2.16035
2.08057
2.00355
1.93522
1.86721
1.80851
1.75117
1.70189
1.67428
1.67473
1.6891
1.74019
1.84849
2.12409
2.54692
2.73293
2.74711
2.74695
2.71697
2.64129
2.5727
2.51054
2.45867
2.41049
2.37193
2.33503
2.30458
2.27236
2.24154
2.20784
2.17824
2.14657
2.11976
2.09147
2.06759
2.04213
2.02138
1.99865
1.97937
1.95704
1.93741
1.91414
1.89399
1.87081
1.851
1.82858
1.80997
1.78835
1.77067
1.74979
1.73238
1.71158
1.69451
1.6732
1.65663
1.6354
1.61901
1.59908
1.58273
1.56503
1.54943
1.53465
1.52206
1.51213
1.50871
1.51081
1.51988
1.53993
1.57969
1.66073
1.76204
1.92605
2.09591
2.19518
2.21042
2.20289
2.18534
2.14684
2.11479
2.07397
2.04403
2.01024
1.98932
1.95683
4.1375
4.12008
4.06047
3.91791
3.71297
3.53668
3.37925
3.23404
3.09848
2.96928
2.84773
2.73047
2.61904
2.51542
2.4155
2.323
2.23563
2.15257
2.07674
2.003
1.93749
1.87431
1.82016
1.78173
1.78089
1.79279
1.83928
1.94574
2.21023
2.67603
2.87661
2.88894
2.88719
2.84726
2.76438
2.68251
2.6141
2.55141
2.49863
2.44953
2.40831
2.36709
2.33054
2.29209
2.25883
2.22486
2.19306
2.1589
2.12856
2.09641
2.06982
2.04294
2.02047
1.99588
1.97491
1.95105
1.93037
1.90677
1.88653
1.86324
1.84369
1.82136
1.80285
1.78159
1.76422
1.74352
1.72661
1.7061
1.68908
1.66848
1.65173
1.63081
1.61469
1.59399
1.57823
1.55875
1.54313
1.52569
1.51066
1.49598
1.48314
1.47288
1.46678
1.46821
1.47463
1.49
1.52192
1.58896
1.67914
1.81946
1.99158
2.1146
2.15143
2.14681
2.13372
2.10622
2.07512
2.03681
2.0124
1.97548
3.95578
4.09222
4.06704
3.98936
3.80978
3.62238
3.46019
3.3117
3.1764
3.04612
2.9236
2.80751
2.69683
2.59148
2.49255
2.39839
2.30934
2.22647
2.14697
2.07462
2.00576
1.9461
1.89811
1.89578
1.90556
1.94905
2.05906
2.31736
2.82534
3.03677
3.04974
3.04207
2.99582
2.89982
2.81016
2.73007
2.66255
2.59986
2.54592
2.49396
2.44811
2.40198
2.36111
2.31953
2.28292
2.24427
2.21036
2.17499
2.14243
2.10832
2.07882
2.04793
2.0221
1.99501
1.97208
1.94672
1.92495
1.90028
1.87908
1.85518
1.83519
1.81263
1.7942
1.77298
1.7556
1.73504
1.71826
1.69788
1.68136
1.66118
1.64472
1.62466
1.60853
1.58835
1.57291
1.55292
1.53799
1.5191
1.50435
1.48732
1.473
1.4584
1.44566
1.43505
1.42689
1.42737
1.43117
1.44263
1.46831
1.52227
1.60164
1.71728
1.88564
2.02684
2.08539
2.09102
2.08428
2.06365
2.03839
2.00021
3.49906
4.01111
4.04388
4.00806
3.91355
3.72096
3.54687
3.39372
3.25498
3.12641
3.00332
2.88591
2.77497
2.66897
2.56845
2.4732
2.38376
2.29837
2.2196
2.14467
2.08022
2.02261
2.01876
2.02674
2.06807
2.18425
2.43689
2.98203
3.21106
3.22315
3.2141
3.15579
3.05169
2.94901
2.86241
2.78427
2.71687
2.65292
2.59665
2.54124
2.49175
2.44218
2.39801
2.35282
2.31209
2.26962
2.23184
2.19238
2.15848
2.12316
2.09155
2.05831
2.02958
1.99963
1.97427
1.94659
1.92264
1.89618
1.87377
1.84898
1.82842
1.80539
1.78646
1.7647
1.74695
1.72612
1.70919
1.68901
1.67269
1.65282
1.63683
1.61719
1.60131
1.58189
1.56634
1.54699
1.53218
1.51302
1.49893
1.48066
1.46684
1.45022
1.43664
1.4221
1.40969
1.39841
1.38962
1.38707
1.38927
1.39831
1.41801
1.46049
1.52854
1.62529
1.77458
1.93236
2.01167
2.03846
2.03539
2.02224
2.47034
3.72724
4.0062
3.99728
3.95095
3.83397
3.65071
3.48616
3.34009
3.20706
3.08253
2.9644
2.85151
2.74566
2.6442
2.54851
2.45722
2.3724
2.29172
2.22243
2.15576
2.1506
2.15685
2.19567
2.30711
2.55501
3.15094
3.4001
3.41382
3.39837
3.33081
3.21239
3.10235
3.0045
2.92137
2.84409
2.77595
2.71008
2.65074
2.59175
2.53875
2.4856
2.43803
2.38943
2.34574
2.30037
2.25947
2.21676
2.1789
2.13974
2.10662
2.07168
2.04111
2.00846
1.97994
1.9496
1.92367
1.89563
1.8718
1.84571
1.82383
1.79947
1.77933
1.75654
1.73798
1.71652
1.69921
1.67873
1.66225
1.64244
1.62656
1.60723
1.59182
1.57284
1.55773
1.53908
1.52428
1.50586
1.49172
1.4735
1.46017
1.44253
1.42964
1.4133
1.40048
1.38603
1.37395
1.36221
1.35324
1.34769
1.34917
1.35558
1.37008
1.40267
1.46037
1.54001
1.66671
1.83568
1.92753
1.99992
1.97828
3.01638
3.83892
3.9697
3.95252
3.89356
3.75364
3.58086
3.4269
3.28964
3.16259
3.04388
2.93
2.8222
2.71991
2.62324
2.5323
2.44584
2.37168
2.29771
2.29162
2.29618
2.33326
2.44747
2.70836
3.34474
3.60821
3.62127
3.60056
3.51521
3.38614
3.26337
3.16021
3.06756
2.98615
2.90824
2.83788
2.76863
2.70572
2.64353
2.58755
2.5317
2.48133
2.4298
2.38274
2.33361
2.28894
2.24269
2.2018
2.16017
2.12407
2.08691
2.05512
2.02022
1.98944
1.95638
1.9281
1.89796
1.87229
1.8444
1.82095
1.79515
1.77377
1.7498
1.73016
1.70767
1.68946
1.66822
1.65126
1.63118
1.61528
1.59615
1.58101
1.56247
1.54778
1.52956
1.51515
1.49719
1.48313
1.46551
1.45202
1.43476
1.42204
1.40516
1.39308
1.377
1.3651
1.35064
1.33907
1.32715
1.31801
1.31048
1.31105
1.31481
1.32546
1.35052
1.39705
1.46285
1.56704
1.81242
1.73424
2.13713
3.40407
3.88971
3.94136
3.91284
3.84082
3.67986
3.51651
3.37315
3.2434
3.12329
3.00998
2.9019
2.79886
2.70185
2.60911
2.52894
2.4484
2.4405
2.44269
2.47981
2.59756
2.87629
3.56339
3.83647
3.85019
3.8168
3.71441
3.56877
3.4384
3.32515
3.22863
3.13793
3.05535
2.97469
2.90076
2.82813
2.76222
2.69729
2.63861
2.57985
2.52609
2.4709
2.42001
2.36752
2.31993
2.27134
2.22824
2.18411
2.14512
2.10484
2.06921
2.03262
2.0003
1.96573
1.9355
1.90328
1.87589
1.84639
1.82136
1.79401
1.77107
1.74561
1.72456
1.70083
1.68154
1.65943
1.64174
1.62109
1.60476
1.58531
1.57002
1.55147
1.53689
1.51895
1.50484
1.48728
1.47356
1.45634
1.44307
1.42624
1.41353
1.39713
1.38505
1.36901
1.35757
1.34198
1.33101
1.31651
1.30585
1.29366
1.28444
1.27636
1.27427
1.2764
1.28524
1.30451
1.34348
1.44577
1.60969
1.8101
2.40173
3.59017
3.89268
3.90141
3.8681
3.7833
3.6191
3.46331
3.32738
3.20228
3.08784
2.97852
2.87648
2.77889
2.69397
2.60803
2.59717
2.5978
2.63606
2.75912
3.06109
3.80238
4.0835
4.09513
4.04985
3.92318
3.76841
3.62472
3.50486
3.39818
3.30286
3.21025
3.1244
3.04028
2.96327
2.88803
2.81952
2.75174
2.68964
2.62709
2.56945
2.51083
2.45706
2.40233
2.35269
2.30205
2.25648
2.20969
2.16793
2.12491
2.08691
2.04763
2.0133
1.97778
1.94595
1.91201
1.88241
1.85107
1.82426
1.79526
1.77069
1.74377
1.72126
1.69625
1.67564
1.65241
1.63356
1.61199
1.59477
1.57469
1.55888
1.54004
1.5253
1.50735
1.49333
1.47597
1.46246
1.44555
1.43251
1.41603
1.40353
1.38753
1.37561
1.36006
1.34868
1.33351
1.32264
1.30781
1.29749
1.28331
1.27358
1.26107
1.25241
1.24382
1.23944
1.24103
1.2478
1.27288
1.5209
1.66096
1.92854
2.846
3.68771
3.86652
3.86143
3.82377
3.72721
3.56711
3.41923
3.28892
3.16881
3.05931
2.95409
2.8638
2.77387
2.76167
2.76168
2.80194
2.93676
3.2681
4.06144
4.34736
4.35919
4.29531
4.1444
3.97736
3.8266
3.69394
3.58046
3.47467
3.37748
3.28195
3.19326
3.10636
3.02667
2.94841
2.87651
2.8049
2.73896
2.67273
2.61199
2.5507
2.49476
2.43799
2.38634
2.33352
2.28569
2.23655
2.1925
2.14711
2.10681
2.06509
2.02834
1.98994
1.95675
1.9215
1.89051
1.85738
1.82905
1.79863
1.77264
1.74436
1.72045
1.69411
1.67212
1.64763
1.62751
1.60483
1.58655
1.56559
1.54896
1.52949
1.5142
1.49588
1.48159
1.46413
1.45058
1.43376
1.42082
1.40457
1.39222
1.37653
1.36478
1.34964
1.33847
1.32381
1.31315
1.29887
1.28866
1.2747
1.26498
1.25147
1.24239
1.22997
1.22197
1.21275
1.20732
1.20854
1.46975
1.5491
1.70299
2.05223
3.17826
3.74483
3.84143
3.82755
3.78055
3.66912
3.51535
3.37673
3.253
3.14017
3.04298
2.94687
2.93289
2.93223
2.97514
3.12314
3.48487
4.32682
4.6245
4.63501
4.55857
4.37501
4.19762
4.0354
3.89535
3.76909
3.65689
3.5495
3.44985
3.35169
3.26038
3.17046
3.08743
3.00532
2.92962
2.85434
2.78523
2.71623
2.65319
2.58978
2.53197
2.47317
2.41957
2.36461
2.31477
2.26348
2.21733
2.16971
2.12723
2.08328
2.04445
2.00413
1.96884
1.93203
1.90005
1.86568
1.83565
1.80374
1.77631
1.74664
1.72138
1.69378
1.67056
1.64491
1.62362
1.59983
1.58037
1.55835
1.54062
1.52024
1.50408
1.48516
1.47033
1.4526
1.43883
1.42203
1.40908
1.39301
1.38076
1.36534
1.35375
1.33894
1.32799
1.31375
1.30336
1.28959
1.27966
1.26623
1.25671
1.24353
1.23451
1.22161
1.21328
1.20112
1.19393
1.18436
1.43437
1.48436
1.57488
1.74503
2.16756
3.37897
3.76654
3.818
3.79705
3.74206
3.61688
3.47188
3.34126
3.23173
3.12945
3.11313
3.11159
3.15782
3.32154
3.72017
4.64025
4.92187
4.92937
4.83848
4.62273
4.42476
4.25527
4.10359
3.96948
3.84426
3.73043
3.62063
3.51857
3.41792
3.32379
3.23064
3.144
3.05835
2.97927
2.90101
2.82915
2.75771
2.69235
2.62685
2.56692
2.50622
2.45068
2.39395
2.34216
2.28903
2.24087
2.19141
2.14708
2.10148
2.06105
2.01917
1.98229
1.94375
1.90997
1.8746
1.84331
1.80995
1.78115
1.75027
1.72375
1.695
1.67055
1.64377
1.62127
1.59637
1.57577
1.55273
1.53399
1.51274
1.49571
1.47608
1.46058
1.44235
1.42813
1.41106
1.39788
1.38174
1.36941
1.35407
1.34248
1.32784
1.31696
1.30298
1.29277
1.27936
1.26974
1.25677
1.24765
1.23495
1.22633
1.2137
1.20582
1.19303
1.18652
1.17356
1.41941
1.44375
1.50228
1.61361
1.83029
2.49366
3.4819
3.7586
3.78754
3.76406
3.70418
3.56888
3.44151
3.32282
3.30194
3.29966
3.35016
3.5421
3.9891
4.98469
5.2461
5.24332
5.1397
4.89275
4.67312
4.48454
4.3236
4.17753
4.04594
3.92059
3.80444
3.69126
3.58543
3.48121
3.38366
3.28713
3.19721
3.10837
3.02634
2.94546
2.87128
2.79781
2.73051
2.66309
2.60121
2.53844
2.48079
2.42189
2.36805
2.31298
2.2631
2.21213
2.1664
2.1195
2.07769
2.03446
1.99611
1.95606
1.9208
1.88364
1.85138
1.81674
1.78663
1.75443
1.72664
1.69667
1.67105
1.64318
1.61965
1.59382
1.5723
1.54841
1.52878
1.5067
1.48882
1.46843
1.45217
1.43335
1.41856
1.40113
1.38758
1.37129
1.35875
1.34338
1.33168
1.31709
1.30616
1.29229
1.28215
1.26894
1.25955
1.2469
1.23817
1.2259
1.21777
1.20564
1.19824
1.18582
1.17979
1.16663
1.41016
1.42288
1.45495
1.52151
1.65063
1.9212
2.79097
3.54559
3.74343
3.75751
3.73698
3.679
3.54117
3.5035
3.50031
3.5556
3.78383
4.29548
5.35262
5.5848
5.57232
5.44843
5.17768
4.93335
4.72863
4.55182
4.39838
4.25559
4.1235
3.99495
3.87457
3.75713
3.64755
3.53994
3.43933
3.33993
3.24745
3.15618
3.07205
2.98905
2.91291
2.83731
2.76783
2.69806
2.63377
2.56857
2.50865
2.44764
2.39203
2.33537
2.28421
2.23196
2.18506
2.13691
2.09383
2.04928
2.00957
1.96821
1.93154
1.89307
1.85918
1.82347
1.79203
1.7586
1.72959
1.69849
1.67181
1.64299
1.61857
1.59192
1.56959
1.54494
1.52451
1.50169
1.48304
1.46197
1.445
1.4256
1.4102
1.39232
1.3783
1.36173
1.34888
1.33338
1.32152
1.30691
1.29595
1.28214
1.27204
1.25898
1.2497
1.23731
1.22879
1.21693
1.2091
1.19751
1.19046
1.17867
1.17296
1.16045
1.40478
1.41251
1.42686
1.46628
1.54044
1.68313
2.00551
3.02017
3.58934
3.72906
3.73956
3.72565
3.71084
3.71192
3.77911
4.05013
4.65473
5.74243
5.92944
5.90697
5.7667
5.46575
5.20577
4.98399
4.7982
4.631
4.47925
4.33332
4.19675
4.06378
3.93946
3.81803
3.70454
3.5932
3.48941
3.38739
3.29274
3.19952
3.11342
3.02831
2.9499
2.8719
2.80002
2.72789
2.6614
2.59425
2.5326
2.47018
2.41327
2.35553
2.30326
2.24997
2.20198
2.15269
2.1085
2.06277
2.02195
1.97942
1.94161
1.90198
1.86689
1.82997
1.7975
1.76294
1.73287
1.70074
1.67314
1.64343
1.61818
1.59074
1.56764
1.54224
1.52108
1.49759
1.47825
1.45659
1.43899
1.41905
1.40307
1.38471
1.37019
1.35323
1.34
1.32423
1.31213
1.2974
1.28633
1.27253
1.26242
1.24947
1.24027
1.22811
1.21975
1.20824
1.20067
1.18955
1.18284
1.17167
1.16625
1.15454
1.4026
1.40582
1.41424
1.43232
1.47533
1.5604
1.71232
2.08624
3.1774
3.6224
3.73673
3.76924
3.83722
3.98193
4.33478
5.14218
6.18694
6.29305
6.25685
6.09303
5.77239
5.491
5.25777
5.05618
4.87769
4.70907
4.55255
4.40141
4.2604
4.12341
3.99544
3.87062
3.75425
3.64041
3.53442
3.43029
3.33345
3.23793
3.14936
3.06167
2.98063
2.89999
2.82568
2.75133
2.68305
2.61443
2.55168
2.4883
2.43059
2.37199
2.31879
2.26448
2.21537
2.16498
2.11963
2.07282
2.03092
1.98742
1.94868
1.90819
1.87237
1.83466
1.80154
1.76636
1.7357
1.70301
1.67485
1.64451
1.61864
1.59049
1.56668
1.54057
1.51872
1.49458
1.47461
1.45239
1.4342
1.41372
1.39718
1.3783
1.36328
1.34583
1.33218
1.31602
1.30362
1.28864
1.27739
1.26352
1.25334
1.24049
1.23132
1.21938
1.21117
1.19997
1.19267
1.18195
1.17559
1.16495
1.15983
1.14888
1.40129
1.4029
1.40701
1.41633
1.43782
1.48635
1.58175
1.7578
2.22469
3.28568
3.66772
3.81716
4.05895
4.54296
5.66358
6.68969
6.6933
6.63026
6.43874
6.08949
5.78897
5.53722
5.32362
5.12828
4.94866
4.77582
4.61408
4.45763
4.31196
4.17117
4.04041
3.91338
3.79507
3.67915
3.57087
3.46415
3.36467
3.26646
3.17538
3.08531
3.00214
2.91959
2.84362
2.76782
2.6983
2.62856
2.5648
2.50048
2.44185
2.38237
2.32834
2.27322
2.22335
2.17221
2.12614
2.07865
2.0361
1.99196
1.95261
1.91151
1.87512
1.83681
1.80319
1.76756
1.73653
1.7033
1.67464
1.64372
1.61728
1.58854
1.56425
1.53765
1.51539
1.49085
1.47054
1.44793
1.42942
1.40858
1.39174
1.37247
1.35712
1.33927
1.32527
1.30872
1.29598
1.28069
1.26916
1.25511
1.24477
1.23189
1.22268
1.21086
1.20274
1.19179
1.18471
1.17439
1.16833
1.15826
1.15341
1.14327
1.40062
1.40151
1.40354
1.40819
1.41976
1.4444
1.50278
1.61141
1.83034
2.45937
3.42785
3.86579
4.55925
6.06269
7.15071
7.14985
7.03958
6.76613
6.39341
6.07508
5.81352
5.58341
5.37572
5.17802
4.99329
4.81519
4.64941
4.49017
4.3426
4.20033
4.06817
3.93959
3.81955
3.70173
3.59155
3.48298
3.38177
3.28195
3.18938
3.09793
3.01351
2.9298
2.85279
2.77608
2.70577
2.63536
2.57104
2.50625
2.44723
2.38739
2.33303
2.27759
2.22738
2.17588
2.12944
2.08153
2.03857
1.99398
1.95426
1.91279
1.87609
1.83747
1.80355
1.76759
1.73627
1.7027
1.67367
1.64233
1.61553
1.58639
1.56175
1.5348
1.51226
1.4874
1.46681
1.44391
1.42521
1.40416
1.38719
1.36776
1.35229
1.33426
1.32012
1.3034
1.2905
1.27505
1.26334
1.24913
1.23862
1.22561
1.2163
1.20444
1.19632
1.18547
1.17848
1.16842
1.16251
1.15291
1.14821
1.13877
1.40034
1.40083
1.40182
1.40471
1.41002
1.42577
1.45541
1.52981
1.65934
1.9504
2.73508
3.82283
6.00717
7.54848
7.56581
7.43616
7.10834
6.69661
6.3593
6.07981
5.8353
5.60424
5.38964
5.18484
4.99421
4.81146
4.64213
4.48037
4.33138
4.18849
4.05623
3.92766
3.80758
3.68962
3.57923
3.47048
3.36917
3.26933
3.17677
3.08532
3.00084
2.91708
2.84003
2.76337
2.69324
2.62321
2.55944
2.49539
2.43725
2.37838
2.32499
2.27047
2.22107
2.17021
2.12425
2.07663
2.0338
1.98923
1.94944
1.90784
1.87099
1.83225
1.79823
1.76218
1.7308
1.69725
1.6683
1.63705
1.61035
1.5813
1.55676
1.52989
1.50744
1.48269
1.46227
1.43952
1.42093
1.39992
1.38294
1.36345
1.34788
1.32973
1.31545
1.29858
1.28552
1.26993
1.25808
1.24377
1.23316
1.22012
1.21079
1.19896
1.19091
1.18016
1.17332
1.16344
1.15771
1.14842
1.14385
1.13489
1.40023
1.40057
1.40128
1.40315
1.40736
1.41742
1.44128
1.49453
1.6138
1.87266
2.43725
3.89524
7.24644
7.41389
7.31377
7.01225
6.6786
6.39108
6.13011
5.87241
5.62873
5.40249
5.19794
5.00733
4.83352
4.66912
4.51802
4.37327
4.23884
4.1077
3.98419
3.86195
3.74627
3.63153
3.52361
3.41704
3.3177
3.21984
3.12918
3.03972
2.95721
2.87552
2.80058
2.72618
2.65835
2.59077
2.52948
2.46797
2.4123
2.35584
2.30468
2.25221
2.2046
2.15531
2.11064
2.0641
2.02213
1.97826
1.93899
1.89784
1.86134
1.82293
1.78919
1.75345
1.72237
1.68914
1.66052
1.62964
1.60328
1.5746
1.55039
1.52384
1.5017
1.47725
1.45709
1.43459
1.41625
1.39548
1.37872
1.35942
1.34402
1.32601
1.31182
1.29503
1.28201
1.26645
1.25463
1.24034
1.22977
1.21676
1.20748
1.1957
1.18772
1.17704
1.1703
1.16053
1.15492
1.1458
1.14133
1.13267
)
;

boundaryField
{
    inlet
    {
        type            calculated;
        value           uniform 1.40001;
    }
    outlet
    {
        type            calculated;
        value           nonuniform List<scalar> 
40
(
1.25993
1.48142
1.60419
1.67286
1.71168
1.74009
1.7583
1.77488
1.79268
1.80817
1.82239
1.83557
1.84878
1.86258
1.8769
1.89093
1.90422
1.9161
1.92494
1.93105
1.93894
1.95332
1.97257
1.99804
2.01743
1.98555
1.76656
1.41877
1.26216
1.20486
1.18268
1.17256
1.16582
1.15968
1.15379
1.14814
1.14254
1.13804
1.13417
1.13196
)
;
    }
    top
    {
        type            symmetryPlane;
    }
    bottom
    {
        type            symmetryPlane;
    }
    obstacle
    {
        type            calculated;
        value           nonuniform List<scalar> 
110
(
5.97351
5.97383
5.95839
5.93267
5.89338
5.83346
5.7598
5.65309
5.4776
5.19419
1.84521
1.00266
0.693342
0.62098
0.620566
0.653606
0.742075
0.81305
0.833727
0.833005
0.829892
0.825744
0.825694
0.826688
0.829298
0.832325
0.833786
0.833998
0.83394
0.833411
0.832225
0.831465
0.831086
0.830789
0.830417
0.829926
0.829294
0.828506
0.827546
0.826416
0.825107
0.823632
0.821921
0.82008
0.81794
0.815675
0.813411
0.810914
0.81062
0.810516
0.812176
0.816742
0.828768
0.857951
0.925104
1.07811
1.45212
1.88073
1.8685
1.89921
1.96176
2.02
2.05992
2.08759
2.10234
2.11075
2.108
2.09456
2.0812
2.06499
2.04954
2.03136
2.01347
1.99382
1.97398
1.9532
1.93223
1.91039
1.88855
1.86629
1.84376
1.82115
1.79835
1.77546
1.75275
1.72973
1.70751
1.6846
1.66302
1.64027
1.6194
1.59696
1.57674
1.55456
1.53488
1.51298
1.49379
1.47259
1.45405
1.43354
1.41548
1.39565
1.37809
1.35898
1.34204
1.32368
1.3076
1.2904
1.27672
1.26298
)
;
    }
    frontAndBack
    {
        type            empty;
    }
}


// ************************************************************************* //
