/*--------------------------------*- C++ -*----------------------------------*\
  =========                 |
  \\      /  F ield         | OpenFOAM: The Open Source CFD Toolbox
   \\    /   O peration     | Website:  https://openfoam.org
    \\  /    A nd           | Version:  13
     \\/     M anipulation  |
\*---------------------------------------------------------------------------*/
FoamFile
{
    format      ascii;
    class       volScalarField;
    location    "2";
    object      T;
}
// * * * * * * * * * * * * * * * * * * * * * * * * * * * * * * * * * * * * * //

dimensions      [0 0 0 1 0 0 0];

internalField   nonuniform List<scalar> 
5250
(
1
1.00001
1.00003
1.00007
1.0002
1.00043
1.0012
1.0027
1.00715
1.017
1.04402
1.11266
1.30355
1.80501
2.57341
2.7812
2.75064
2.73811
2.75137
2.76679
2.78563
2.79474
2.80235
2.81342
2.848
1
1.00001
1.00003
1.00007
1.0002
1.00043
1.00118
1.00268
1.00705
1.01686
1.04349
1.11148
1.30016
1.79692
2.56722
2.77923
2.74949
2.73717
2.75039
2.76563
2.78434
2.79343
2.80104
2.81213
2.84666
1
1.00001
1.00003
1.00007
1.0002
1.0004
1.0012
1.00252
1.00711
1.01614
1.04303
1.10841
1.29355
1.77947
2.55317
2.77449
2.74669
2.73479
2.74766
2.76241
2.78107
2.79007
2.79709
2.80849
2.84318
1
1.00001
1.00003
1.00007
1.00017
1.00043
1.00109
1.00256
1.00674
1.01578
1.04146
1.10478
1.2833
1.75383
2.53107
2.76683
2.74242
2.73113
2.74335
2.75725
2.77487
2.78322
2.7905
2.80093
2.83518
1
1.00001
1.00003
1.00006
1.00018
1.00038
1.00111
1.00234
1.0066
1.01495
1.03983
1.09992
1.27021
1.72076
2.5004
2.75569
2.73644
2.72676
2.7379
2.74974
2.76706
2.77611
2.78379
2.79385
2.82561
1
1.00001
1.00003
1.00006
1.00017
1.00035
1.00106
1.00221
1.00626
1.01413
1.03771
1.09425
1.25473
1.68131
2.45964
2.73996
2.73063
2.72247
2.73067
2.74065
2.75671
2.76396
2.76968
2.78028
2.81453
1
1.00001
1.00002
1.00006
1.00015
1.00037
1.00091
1.00219
1.00568
1.01342
1.03498
1.08798
1.23682
1.63512
2.40599
2.71846
2.72236
2.71725
2.72093
2.73009
2.74443
2.75358
2.75505
2.76056
2.79275
1
1.00001
1.00002
1.00005
1.00014
1.00032
1.00089
1.00193
1.00539
1.01208
1.03253
1.08021
1.21694
1.57972
2.33403
2.69077
2.71493
2.70993
2.7101
2.71672
2.72853
2.73338
2.73592
2.73772
2.76016
1
1.00001
1.00002
1.00005
1.00013
1.00029
1.00079
1.00176
1.00486
1.01091
1.02942
1.07204
1.19471
1.52082
2.24211
2.65525
2.70697
2.69978
2.69614
2.70065
2.70961
2.7112
2.70759
2.70323
2.7122
1
1.00001
1.00002
1.00005
1.0001
1.00028
1.00065
1.00167
1.00407
1.01006
1.02529
1.0641
1.1696
1.45626
2.12615
2.60801
2.69779
2.68905
2.68221
2.68423
2.68877
2.68641
2.675
2.64919
2.61516
1
1.00001
1.00002
1.00004
1.0001
1.00022
1.00059
1.0014
1.0035
1.00872
1.02149
1.05493
1.1433
1.38656
1.98182
2.54769
2.6823
2.67048
2.66102
2.66118
2.66088
2.653
2.62952
2.57425
2.47324
1
1.00001
1.00001
1.00003
1.00007
1.00021
1.00045
1.00125
1.0028
1.00742
1.01759
1.04558
1.1165
1.31304
1.81009
2.46904
2.6583
2.64882
2.63811
2.63646
2.63266
2.61801
2.58248
2.50587
2.38088
1
1
1.00001
1.00002
1.00007
1.00015
1.00042
1.00093
1.0025
1.00577
1.01496
1.03637
1.09477
1.24962
1.65783
2.3722
2.62245
2.6203
2.61355
2.60561
2.59869
2.57912
2.53836
2.45561
2.34478
1
1
1.00001
1.00002
1.00006
1.00013
1.00034
1.00077
1.00212
1.00462
1.01279
1.02942
1.07872
1.20402
1.54725
2.25263
2.57647
2.60005
2.59179
2.58168
2.5684
2.54465
2.50524
2.42561
2.32176
1
1
1.00001
1.00002
1.00004
1.00011
1.00026
1.0007
1.00152
1.00429
1.00937
1.0257
1.06161
1.16621
1.4413
2.08276
2.5068
2.58117
2.57196
2.559
2.54104
2.5098
2.47535
2.40831
2.31329
1
1
1.00001
1.00001
1.00003
1.00009
1.00021
1.00052
1.00131
1.00311
1.00806
1.01914
1.04978
1.12735
1.34249
1.87616
2.41272
2.55666
2.55278
2.53752
2.52022
2.48463
2.44659
2.39254
2.31067
1
1
1
1.00001
1.00003
1.00006
1.00018
1.00037
1.00107
1.00226
1.00624
1.01421
1.03737
1.09283
1.24666
1.6427
2.28604
2.50992
2.52112
2.508
2.4912
2.46194
2.42027
2.37182
2.3049
1
1
1
1.00001
1.00002
1.00005
1.00013
1.00031
1.00075
1.00192
1.00443
1.01168
1.02756
1.07211
1.18643
1.49627
2.14355
2.45695
2.4943
2.48386
2.46502
2.43888
2.40214
2.35595
2.29893
1
1
1
1.00001
1.00002
1.00004
1.0001
1.00021
1.00062
1.00132
1.00365
1.00828
1.02175
1.05309
1.14012
1.37118
1.93094
2.36485
2.46248
2.45819
2.4405
2.41528
2.38182
2.33944
2.28891
1
1
1
1.00001
1.00001
1.00003
1.00006
1.00018
1.0004
1.00108
1.00245
1.00635
1.01516
1.03858
1.09767
1.25763
1.66692
2.23769
2.41923
2.42976
2.41761
2.39324
2.36277
2.32445
2.27947
1
1
1
1
1.00001
1.00002
1.00005
1.00013
1.00029
1.00078
1.00172
1.00475
1.01046
1.02831
1.06778
1.1808
1.47181
2.06807
2.35774
2.39969
2.39151
2.36981
2.34084
2.30792
2.26843
1
1
1
1
1.00001
1.00001
1.00004
1.00008
1.00023
1.00049
1.00142
1.00296
1.00836
1.01867
1.04984
1.1247
1.33263
1.8343
2.25383
2.36485
2.36682
2.35253
2.32419
2.29186
2.25518
1
1
1
1
1
1.00001
1.00002
1.00007
1.00014
1.00039
1.00085
1.00227
1.0052
1.01334
1.03216
1.08239
1.21182
1.55296
2.1014
2.30598
2.33448
2.32716
2.30675
2.27596
2.24388
1
1
1
1
1
1.00001
1.00002
1.00004
1.0001
1.00025
1.00064
1.00145
1.00386
1.0087
1.02301
1.05509
1.1451
1.37757
1.90513
2.23149
2.30109
2.30016
2.28581
2.25898
2.22822
1
1
1
1
1
1.00001
1.00001
1.00003
1.00006
1.00018
1.00038
1.00111
1.00228
1.00643
1.01427
1.03782
1.09273
1.24442
1.62662
2.10169
2.2557
2.27309
2.26471
2.24389
2.21398
1
1
1
1
1
1
1.00001
1.00002
1.00005
1.00012
1.00027
1.0007
1.00155
1.00423
1.00927
1.02494
1.05897
1.15556
1.40242
1.91028
2.18293
2.23911
2.23871
2.22413
2.20007
1
1
1
1
1
1
1.00001
1.00001
1.00003
1.00007
1.00019
1.00041
1.00111
1.00253
1.00642
1.01547
1.03857
1.09748
1.25266
1.64153
2.06172
2.1968
2.21317
2.20568
2.18586
1
1
1
1
1
1
1
1.00001
1.00002
1.00005
1.00011
1.0003
1.00064
1.00172
1.0039
1.01001
1.02385
1.0605
1.15294
1.40065
1.87616
2.12425
2.17777
2.18042
2.16883
1
1
1
1
1
1
1
1
1.00001
1.00003
1.00008
1.00016
1.00046
1.00095
1.00271
1.00579
1.01563
1.03623
1.09442
1.2398
1.60685
2.00402
2.13589
2.15521
2.14994
1
1
1
1
1
1
1
1
1.00001
1.00002
1.00004
1.00012
1.00024
1.00069
1.00147
1.00394
1.00895
1.023
1.05547
1.14273
1.36969
1.81383
2.06077
2.11891
2.12493
1
1
1
1
1
1
1
1
1
1.00001
1.00003
1.00006
1.00017
1.00036
1.001
1.00217
1.00573
1.01318
1.03355
1.08209
1.21159
1.53302
1.93036
2.07497
2.09908
1
1
1
1
1
1
1
1
1
1.00001
1.00002
1.00004
1.00009
1.00024
1.00057
1.00137
1.0034
1.00793
1.02022
1.04818
1.124
1.31733
1.72712
1.99397
2.06599
1
1
1
1
1
1
1
1
1
1
1.00001
1.00002
1.00005
1.00015
1.00031
1.00087
1.00178
1.00505
1.0107
1.02871
1.0672
1.17392
1.43948
1.84129
2.01202
1
1
1
1
1
1
1
1
1
1
1.00001
1.00001
1.00004
1.00008
1.0002
1.00047
1.00115
1.0028
1.0066
1.01669
1.03953
1.10106
1.25618
1.61568
1.92302
1
1
1
1
1
1
1
1
1
1
1
1.00001
1.00002
1.00005
1.00012
1.00026
1.00071
1.00146
1.00415
1.00871
1.02354
1.05442
1.14078
1.35872
1.74487
1
1
1
1
1
1
1
1
1
1
1
1.00001
1.00001
1.00003
1.00006
1.00016
1.00036
1.00092
1.00213
1.0052
1.01265
1.0304
1.07576
1.19037
1.47251
1
1
1
1
1
1
1
1
1
1
1
1
1.00001
1.00002
1.00003
1.00009
1.0002
1.00052
1.00121
1.00293
1.00715
1.01694
1.04233
1.10353
1.26645
1
1
1
1
1
1
1
1
1
1
1
1
1
1.00001
1.00002
1.00005
1.00012
1.00028
1.00065
1.00167
1.00369
1.00973
1.02172
1.05628
1.13598
1
1
1
1
1
1
1
1
1
1
1
1
1
1
1.00001
1.00003
1.00007
1.00014
1.00039
1.00081
1.00225
1.00465
1.0127
1.02805
1.0728
1
1
1
1
1
1
1
1
1
1
1
1
1
1
1.00001
1.00002
1.00003
1.00009
1.00018
1.0005
1.00108
1.00282
1.00639
1.01592
1.03808
1
1
1
1
1
1
1
1
1
1
1
1
1
1
1
1.00001
1.00002
1.00004
1.00011
1.00024
1.00062
1.00143
1.00345
1.00834
1.01979
1
1
1
1
1
1
1
1
1
1
1
1
1
1
1
1
1.00001
1.00003
1.00005
1.00014
1.0003
1.00078
1.00175
1.00429
1.0102
1
1
1
1
1
1
1
1
1
1
1
1
1
1
1
1
1.00001
1.00001
1.00003
1.00007
1.00017
1.00037
1.001
1.00206
1.00569
1
1
1
1
1
1
1
1
1
1
1
1
1
1
1
1
1
1.00001
1.00002
1.00004
1.00009
1.0002
1.00048
1.00118
1.00263
1
1
1
1
1
1
1
1
1
1
1
1
1
1
1
1
1
1
1.00001
1.00002
1.00004
1.00011
1.00023
1.0006
1.00136
1
1
1
1
1
1
1
1
1
1
1
1
1
1
1
1
1
1
1
1.00001
1.00002
1.00005
1.00012
1.0003
1.00067
1
1
1
1
1
1
1
1
1
1
1
1
1
1
1
1
1
1
1
1
1.00001
1.00003
1.00006
1.00015
1.00033
1
1
1
1
1
1
1
1
1
1
1
1
1
1
1
1
1
1
1
1
1.00001
1.00001
1.00003
1.00007
1.00018
1
1
1
1
1
1
1
1
1
1
1
1
1
1
1
1
1
1
1
1
1
1.00001
1.00002
1.00004
1.00009
1
1
1
1
1
1
1
1
1
1
1
1
1
1
1
1
1
1
1
1
1
1
1.00001
1.00003
1.00006
2.26395
2.09696
2.04771
2.08016
2.14375
2.21645
2.28575
2.317
2.32371
2.32181
2.31847
2.31862
2.31973
2.321
2.32278
2.32451
2.32368
2.32271
2.32141
2.31953
2.31709
2.31427
2.31099
2.30721
2.30298
2.29843
2.29378
2.2892
2.28481
2.28058
2.27654
2.27265
2.26913
2.26574
2.263
2.26062
2.25879
2.25922
2.2607
2.26405
2.26904
2.28118
2.308
2.36649
2.49231
2.74495
3.10302
3.37448
3.36373
3.35549
3.32893
3.30202
3.27321
3.2415
3.21607
3.19099
3.16647
3.14558
3.12332
3.105
3.08492
3.06809
3.04986
3.03384
3.01788
3.00319
2.98857
2.97506
2.96128
2.94799
2.93508
2.92233
2.91003
2.8981
2.88617
2.87517
2.86336
2.85331
2.8416
2.83245
2.82075
2.81242
2.8008
2.79316
2.78165
2.77461
2.76343
2.75663
2.74554
2.73868
2.72784
2.72094
2.71039
2.70348
2.69312
2.68642
2.6766
2.67133
2.66459
2.66781
2.24973
2.1591
2.10622
2.07104
2.03443
2.00531
1.99779
2.00122
2.01389
2.03349
2.04622
2.05148
2.05082
2.04948
2.04779
2.04702
2.04695
2.04686
2.04671
2.04637
2.04569
2.04435
2.04244
2.04029
2.03811
2.03575
2.03336
2.03062
2.02789
2.02486
2.02188
2.01872
2.0158
2.01235
2.00989
2.00626
2.00421
2.00224
2.00228
2.00317
2.00551
2.01293
2.03131
2.07389
2.16947
2.36724
2.6891
3.04883
3.02609
2.96929
2.90905
2.85958
2.82301
2.79737
2.775
2.75593
2.73852
2.72274
2.70689
2.69187
2.67709
2.66324
2.64972
2.63695
2.62444
2.61211
2.59999
2.58741
2.57557
2.56254
2.55121
2.53797
2.52659
2.51334
2.50154
2.48859
2.47648
2.46399
2.45178
2.4397
2.42753
2.41574
2.40357
2.39213
2.38017
2.36923
2.35769
2.34741
2.33666
2.32722
2.31738
2.30872
2.29972
2.29188
2.28372
2.27686
2.26969
2.26471
2.26032
2.26432
2.24769
2.16093
2.08363
2.00891
1.93849
1.88441
1.85753
1.85602
1.85975
1.87179
1.88636
1.89965
1.90538
1.90845
1.90787
1.90733
1.90646
1.90588
1.90562
1.90547
1.90515
1.9047
1.90373
1.90285
1.90114
1.89996
1.89777
1.89632
1.89386
1.89203
1.88957
1.88727
1.8851
1.88226
1.88037
1.87749
1.87559
1.87449
1.87462
1.8754
1.87795
1.88562
1.90398
1.94404
2.02942
2.16862
2.37483
2.59495
2.68981
2.66984
2.6452
2.61107
2.58278
2.56481
2.55162
2.54008
2.52982
2.51946
2.50892
2.49814
2.48741
2.47612
2.46531
2.45366
2.44339
2.43231
2.42234
2.41157
2.4008
2.39022
2.37865
2.36835
2.35643
2.34609
2.33376
2.32327
2.31058
2.30002
2.28706
2.27653
2.26341
2.25309
2.23989
2.22981
2.2167
2.20693
2.19418
2.18479
2.17256
2.16365
2.15199
2.14364
2.13257
2.12492
2.11443
2.10771
2.09793
2.09293
2.0854
2.0873
2.23372
2.1524
2.0725
1.99853
1.93244
1.87903
1.83685
1.80771
1.79062
1.78741
1.7887
1.79498
1.80307
1.81232
1.8161
1.81843
1.81781
1.817
1.81566
1.81434
1.8136
1.81312
1.81262
1.812
1.81089
1.80966
1.80791
1.80618
1.80412
1.80196
1.79982
1.7973
1.79493
1.7923
1.78964
1.78714
1.78527
1.78437
1.78456
1.78574
1.7905
1.80287
1.83098
1.89373
1.99317
2.12764
2.21445
2.3108
2.40572
2.47698
2.49691
2.48247
2.4688
2.45013
2.43201
2.41874
2.40792
2.39713
2.38795
2.37857
2.36996
2.36041
2.35025
2.34016
2.32927
2.31993
2.30877
2.30001
2.28803
2.27973
2.26764
2.2595
2.24729
2.23899
2.22675
2.21825
2.20606
2.1978
2.186
2.17807
2.16649
2.15853
2.14698
2.13906
2.12754
2.11982
2.10813
2.1006
2.08861
2.08134
2.06912
2.06223
2.04986
2.04339
2.03106
2.02504
2.01305
2.00801
1.99768
1.9977
2.22321
2.14162
2.06789
2.00053
1.93727
1.88161
1.83168
1.79041
1.75846
1.73793
1.72987
1.73012
1.73177
1.73724
1.74309
1.74961
1.75253
1.75491
1.75462
1.7543
1.75371
1.75246
1.75184
1.75069
1.75007
1.74877
1.74792
1.74618
1.74485
1.74296
1.74106
1.73914
1.737
1.7349
1.73281
1.73114
1.73027
1.73043
1.7314
1.73533
1.74563
1.76946
1.82317
1.91587
2.03831
2.11119
2.13562
2.16018
2.20397
2.25931
2.31704
2.35931
2.37944
2.37796
2.3714
2.36082
2.34265
2.32994
2.31795
2.30856
2.298
2.2895
2.27929
2.27107
2.2602
2.2522
2.24049
2.23244
2.2205
2.21262
2.20084
2.19326
2.18184
2.17453
2.16349
2.15651
2.14561
2.13871
2.12786
2.12109
2.11035
2.10374
2.09307
2.08654
2.07578
2.0693
2.05817
2.05175
2.04007
2.03373
2.0216
2.01533
2.00297
1.99676
1.98434
1.97825
1.96601
1.96062
1.95006
1.94842
2.22463
2.14486
2.07127
2.00491
1.94432
1.88914
1.84028
1.79764
1.76134
1.73208
1.70882
1.69474
1.688
1.68804
1.68908
1.693
1.69741
1.7029
1.70525
1.7072
1.70684
1.70634
1.70511
1.70393
1.7019
1.70094
1.69929
1.69837
1.69679
1.69515
1.69349
1.69142
1.68952
1.68753
1.6859
1.68525
1.68545
1.68636
1.68989
1.69914
1.72068
1.76785
1.86305
1.98199
2.05878
2.08566
2.08309
2.08529
2.09243
2.11059
2.14045
2.18105
2.23396
2.28118
2.3057
2.31064
2.30398
2.29368
2.27769
2.26428
2.2506
2.24065
2.22927
2.22254
2.21281
2.20673
2.19614
2.18848
2.17674
2.16888
2.15705
2.14947
2.13854
2.1318
2.12131
2.11478
2.10439
2.098
2.0877
2.08143
2.07115
2.06496
2.05462
2.04849
2.03803
2.03197
2.02119
2.01514
2.00381
1.99776
1.98589
1.97981
1.96759
1.96142
1.94903
1.94291
1.93064
1.9249
1.91449
1.91221
2.22731
2.15177
2.07971
2.01437
1.95417
1.90003
1.84995
1.80581
1.76582
1.7325
1.70366
1.68008
1.66301
1.65269
1.64893
1.64909
1.64994
1.65301
1.6561
1.66014
1.66153
1.66312
1.6628
1.66226
1.66148
1.65982
1.65866
1.65719
1.65582
1.655
1.65335
1.65233
1.65073
1.64929
1.64891
1.64916
1.65006
1.65332
1.66185
1.68174
1.7255
1.8194
1.93682
2.02989
2.06172
2.05858
2.05136
2.0462
2.03532
2.03335
2.03711
2.05337
2.08434
2.12695
2.17756
2.22552
2.25278
2.26366
2.25852
2.24854
2.23116
2.21625
2.2011
2.19104
2.17987
2.17432
2.16573
2.16028
2.14946
2.14188
2.13038
2.12282
2.11133
2.10395
2.09301
2.08645
2.07618
2.07003
2.0598
2.05369
2.04349
2.03765
2.02749
2.02174
2.01131
2.00554
1.9948
1.98912
1.978
1.97226
1.9607
1.95481
1.94294
1.93695
1.92489
1.91889
1.90696
1.90094
1.8908
1.88817
2.23098
2.16135
2.09344
2.02982
1.97049
1.91635
1.86656
1.82154
1.78059
1.74339
1.71124
1.68407
1.66155
1.64341
1.63043
1.6227
1.61965
1.61983
1.62053
1.62331
1.6257
1.62958
1.63094
1.63262
1.63229
1.63174
1.63064
1.62862
1.62728
1.62561
1.6243
1.62338
1.62222
1.62231
1.62285
1.62388
1.62713
1.63521
1.65367
1.69456
1.7844
1.90332
2.00787
2.04344
2.04882
2.0438
2.03173
2.01704
1.99831
1.98654
1.98113
1.9819
1.98645
2.00217
2.03083
2.0723
2.12435
2.17547
2.20779
2.22199
2.21683
2.20576
2.18825
2.17113
2.15286
2.14125
2.13133
2.12642
2.1187
2.11369
2.10374
2.09685
2.08574
2.07826
2.06699
2.05983
2.04909
2.04248
2.03206
2.02584
2.01565
2.00969
1.99948
1.99368
1.9834
1.97766
1.9671
1.96143
1.95062
1.94509
1.93401
1.92839
1.91709
1.9114
1.90001
1.89437
1.88305
1.87778
1.86783
1.86588
2.2304
2.16842
2.10576
2.04595
1.98886
1.93604
1.88624
1.84105
1.79926
1.76181
1.72761
1.69742
1.67046
1.6479
1.62923
1.61447
1.60445
1.59862
1.59666
1.59689
1.59745
1.59894
1.60198
1.60328
1.60527
1.60535
1.60543
1.60521
1.60456
1.60327
1.60243
1.60119
1.60135
1.60202
1.60318
1.60639
1.61424
1.63185
1.67056
1.75629
1.87837
1.99234
2.03363
2.04358
2.03447
2.02348
2.00683
1.99084
1.97093
1.95744
1.94316
1.93464
1.93023
1.93114
1.93623
1.95186
1.98146
2.02268
2.07541
2.1305
2.16442
2.17945
2.17454
2.16424
2.1446
2.12779
2.10831
2.09574
2.08437
2.07883
2.07083
2.06616
2.0568
2.05034
2.03964
2.03254
2.02157
2.01455
2.00377
1.99714
1.98671
1.98066
1.97049
1.96467
1.95447
1.94885
1.93857
1.93311
1.92264
1.91735
1.9068
1.90149
1.89083
1.88545
1.87466
1.86931
1.85854
1.85367
1.84394
1.84251
2.22708
2.17155
2.11475
2.05895
2.0047
1.95416
1.90638
1.86172
1.82027
1.78185
1.74709
1.71517
1.687
1.66151
1.63962
1.62092
1.60586
1.59394
1.58585
1.58116
1.57929
1.57946
1.57992
1.58115
1.58391
1.58506
1.58741
1.58745
1.58759
1.5874
1.58684
1.58666
1.58703
1.58822
1.59111
1.59835
1.6149
1.65075
1.73153
1.85274
1.97663
2.02453
2.03526
2.02718
2.01518
2.00255
1.98453
1.96655
1.94636
1.93163
1.9156
1.90629
1.89568
1.88815
1.88396
1.88507
1.89074
1.907
1.93628
1.97752
2.02928
2.0836
2.12192
2.13968
2.13461
2.12414
2.10576
2.08723
2.06702
2.05435
2.04175
2.03544
2.02687
2.02225
2.01314
2.00733
1.99712
1.99056
1.97997
1.97336
1.96263
1.95624
1.94587
1.94005
1.92979
1.92419
1.91395
1.9087
1.89848
1.89339
1.88323
1.87814
1.86794
1.86279
1.85246
1.84732
1.83697
1.83225
1.82282
1.82146
2.22302
2.17283
2.12067
2.07
2.01962
1.97106
1.92504
1.88204
1.84162
1.80386
1.76871
1.7362
1.7065
1.67947
1.65529
1.63367
1.61499
1.59892
1.586
1.57578
1.5689
1.56484
1.56316
1.56328
1.5637
1.56459
1.56667
1.56765
1.56949
1.57015
1.57059
1.57157
1.57263
1.5755
1.58223
1.59756
1.63117
1.70762
1.82577
1.96159
2.01693
2.02801
2.01896
2.01014
1.99618
1.98071
1.96091
1.94298
1.92572
1.9118
1.89645
1.88508
1.87065
1.85974
1.8498
1.84233
1.84068
1.84224
1.84792
1.8632
1.89105
1.92905
1.97996
2.03552
2.07531
2.09943
2.0944
2.08406
2.06744
2.04833
2.02746
2.01438
2.00126
1.99459
1.98549
1.98051
1.97145
1.96613
1.95645
1.95062
1.94039
1.93412
1.92344
1.91745
1.90719
1.90169
1.89138
1.88608
1.87603
1.87101
1.86116
1.85625
1.84643
1.84149
1.83159
1.82664
1.81665
1.81207
1.8029
1.80159
2.21404
2.17078
2.12401
2.07608
2.02961
1.98487
1.9407
1.8989
1.8594
1.8225
1.78789
1.75553
1.72536
1.69741
1.67178
1.64839
1.62741
1.60877
1.59268
1.57901
1.56809
1.55957
1.55392
1.55053
1.54933
1.54949
1.54995
1.55087
1.55293
1.55442
1.55643
1.55818
1.5617
1.56885
1.58385
1.61564
1.68628
1.80206
1.94512
2.00773
2.02117
2.01444
2.00356
1.99249
1.97533
1.95921
1.93983
1.92405
1.90679
1.89324
1.87925
1.86823
1.85225
1.84062
1.82542
1.81538
1.80661
1.80062
1.79902
1.80023
1.80457
1.81767
1.8432
1.87902
1.92801
1.98515
2.02969
2.05793
2.05258
2.04315
2.02778
2.00911
1.98787
1.97469
1.96151
1.95445
1.94459
1.9394
1.93044
1.92566
1.91648
1.91147
1.90153
1.89586
1.88552
1.88013
1.87
1.86472
1.85467
1.84967
1.84003
1.83524
1.8257
1.82093
1.81139
1.80663
1.79703
1.79259
1.78369
1.78246
2.20615
2.16671
2.12426
2.08189
2.03739
1.99486
1.95431
1.91468
1.87613
1.84013
1.80556
1.77385
1.7434
1.71551
1.68897
1.66472
1.64213
1.62166
1.60325
1.58689
1.57297
1.56112
1.55195
1.5447
1.54017
1.53719
1.5366
1.53682
1.53738
1.53875
1.54161
1.5462
1.55335
1.56809
1.59854
1.66433
1.77769
1.92611
1.9993
2.01645
2.01025
2.00205
1.98863
1.97412
1.95648
1.93987
1.92071
1.90499
1.88888
1.87719
1.86381
1.85054
1.83473
1.82189
1.80571
1.79529
1.78204
1.77354
1.76464
1.75832
1.75443
1.75488
1.75794
1.7694
1.79295
1.82726
1.87409
1.93133
1.98178
2.01376
2.00843
2.00049
1.98687
1.96899
1.9477
1.93476
1.92166
1.91403
1.90384
1.89838
1.88951
1.885
1.87656
1.87196
1.86261
1.85751
1.84769
1.84271
1.83294
1.8279
1.81827
1.81348
1.80417
1.79957
1.79038
1.78582
1.77664
1.77238
1.76376
1.7628
2.19664
2.15993
2.12267
2.08282
2.04397
2.00356
1.96355
1.92691
1.89069
1.85572
1.82241
1.7905
1.76076
1.73231
1.70621
1.68111
1.65842
1.63667
1.61732
1.59908
1.58323
1.56884
1.55669
1.54662
1.53827
1.53281
1.52826
1.52744
1.52781
1.52902
1.53213
1.53885
1.55269
1.58156
1.64155
1.75432
1.90111
1.98702
2.01081
2.00739
1.99867
1.98831
1.97128
1.9559
1.93743
1.92026
1.90189
1.88753
1.87238
1.86061
1.84565
1.83271
1.81772
1.80379
1.78794
1.77616
1.76148
1.75192
1.7394
1.7305
1.72068
1.71387
1.70879
1.70911
1.71156
1.7219
1.74381
1.77568
1.8202
1.87662
1.93182
1.96856
1.96468
1.95795
1.94662
1.92957
1.90846
1.89581
1.88279
1.87499
1.86444
1.85844
1.84964
1.84545
1.83751
1.83304
1.82403
1.81933
1.8102
1.80556
1.79622
1.79145
1.78217
1.7776
1.76855
1.7641
1.75516
1.75107
1.7427
1.74207
2.18489
2.15383
2.11932
2.08354
2.04579
2.01023
1.97372
1.936
1.9021
1.86873
1.83636
1.80568
1.7762
1.74793
1.72173
1.69629
1.67333
1.6507
1.63111
1.61117
1.5949
1.57793
1.56486
1.55133
1.54161
1.53215
1.52579
1.52203
1.52233
1.52408
1.52893
1.54051
1.56587
1.61939
1.72933
1.86874
1.97023
2.00221
2.00263
1.99701
1.98385
1.96849
1.9512
1.93562
1.91684
1.90081
1.8832
1.86878
1.8538
1.84187
1.82734
1.81499
1.7988
1.7845
1.76918
1.7566
1.74232
1.7322
1.71851
1.70883
1.69635
1.68679
1.67671
1.67006
1.66487
1.6652
1.66742
1.67632
1.69589
1.7253
1.76764
1.82198
1.88188
1.92295
1.92302
1.91749
1.90731
1.89131
1.87137
1.85888
1.84585
1.8376
1.82666
1.82044
1.81172
1.80762
1.79963
1.79496
1.78645
1.78216
1.77363
1.76919
1.76022
1.75568
1.74676
1.74238
1.73357
1.72956
1.72126
1.72082
2.17096
2.14247
2.11215
2.07968
2.04665
2.01148
1.97812
1.94589
1.91022
1.87943
1.84833
1.81808
1.79005
1.76243
1.73622
1.71131
1.68787
1.66491
1.64511
1.62408
1.60764
1.58918
1.57546
1.55994
1.54869
1.53698
1.52821
1.52342
1.52383
1.52684
1.53539
1.55628
1.60284
1.70374
1.83812
1.9506
1.99041
1.99905
1.99042
1.97703
1.96005
1.94556
1.92835
1.91292
1.89496
1.8792
1.86176
1.84872
1.83468
1.82283
1.80842
1.79546
1.77933
1.76628
1.75103
1.7383
1.72454
1.71358
1.70009
1.69048
1.67697
1.66703
1.65477
1.64506
1.63546
1.62919
1.62412
1.62435
1.6263
1.63346
1.64945
1.67694
1.71687
1.76786
1.83249
1.87651
1.8838
1.87779
1.86932
1.85403
1.83635
1.82397
1.81049
1.80191
1.79107
1.78472
1.77606
1.77178
1.76349
1.75879
1.75086
1.74685
1.73877
1.7345
1.72591
1.72164
1.71303
1.70909
1.70086
1.70039
2.15977
2.13196
2.10453
2.07575
2.04445
2.01342
1.98023
1.94891
1.91962
1.88615
1.85765
1.8292
1.79944
1.77502
1.74785
1.72397
1.70141
1.67749
1.65875
1.63635
1.6199
1.60065
1.58545
1.57019
1.55599
1.54528
1.53385
1.53149
1.53301
1.53904
1.5555
1.59433
1.68367
1.81261
1.93246
1.98244
1.99164
1.98349
1.96767
1.95236
1.93434
1.91968
1.90299
1.88825
1.8706
1.85572
1.84026
1.82835
1.81424
1.80267
1.78855
1.77594
1.76091
1.7481
1.73261
1.72053
1.70685
1.69574
1.68305
1.67289
1.65939
1.64961
1.6361
1.62625
1.61462
1.60539
1.59656
1.59024
1.58508
1.58445
1.5858
1.59085
1.60412
1.62925
1.6661
1.71385
1.7823
1.82887
1.84404
1.83842
1.83077
1.81856
1.80273
1.79007
1.77612
1.76768
1.75677
1.75044
1.7419
1.73704
1.7285
1.72412
1.71678
1.71298
1.70521
1.70112
1.69287
1.68909
1.68121
1.68092
2.14575
2.11972
2.09276
2.06692
2.04029
2.0115
1.98225
1.95193
1.92173
1.89562
1.8627
1.83888
1.80992
1.78345
1.76076
1.73336
1.71402
1.68932
1.67008
1.64978
1.62986
1.61372
1.59451
1.58119
1.56464
1.55393
1.54437
1.54471
1.54913
1.56207
1.59482
1.67361
1.79353
1.92149
1.97597
1.9864
1.97634
1.9632
1.94489
1.92699
1.90884
1.89407
1.87708
1.86254
1.84631
1.83348
1.81887
1.80677
1.79316
1.78232
1.7687
1.75694
1.74232
1.72929
1.71433
1.70254
1.68866
1.67804
1.66552
1.65508
1.64243
1.6324
1.61892
1.60942
1.59646
1.58727
1.57637
1.5678
1.5595
1.55289
1.54779
1.54573
1.54672
1.55015
1.56111
1.58334
1.61646
1.6623
1.73185
1.7802
1.80472
1.79933
1.79352
1.78496
1.76948
1.7569
1.74302
1.73476
1.72355
1.71767
1.7089
1.70351
1.69497
1.69098
1.6838
1.68012
1.6726
1.669
1.66142
1.66138
2.13288
2.10903
2.08403
2.05833
2.03284
2.00663
1.9802
1.95274
1.92469
1.89737
1.87099
1.84237
1.81938
1.79191
1.76883
1.74563
1.72134
1.70241
1.67883
1.66173
1.64092
1.62386
1.60691
1.58961
1.57733
1.56336
1.56157
1.5646
1.57503
1.60244
1.67006
1.78603
1.9178
1.97734
1.98702
1.97698
1.96045
1.94315
1.92186
1.9037
1.88413
1.86874
1.85276
1.83982
1.82448
1.81115
1.7959
1.78437
1.77172
1.76134
1.7482
1.73656
1.72174
1.70926
1.69509
1.68357
1.67037
1.66023
1.64762
1.63765
1.62546
1.61528
1.60271
1.59307
1.58009
1.57126
1.5592
1.55076
1.5405
1.53234
1.52406
1.51696
1.51172
1.5083
1.50892
1.51134
1.52022
1.53959
1.5687
1.61415
1.6804
1.73202
1.76562
1.76275
1.75805
1.75093
1.73604
1.72546
1.71172
1.70286
1.69174
1.68653
1.67705
1.67159
1.66318
1.65944
1.65215
1.64882
1.64167
1.64167
2.11662
2.09827
2.07429
2.05062
2.02669
2.00232
1.97736
1.95163
1.92477
1.90043
1.8731
1.84918
1.82298
1.80023
1.77567
1.75315
1.73155
1.70861
1.69052
1.66834
1.65202
1.63231
1.61674
1.60038
1.58684
1.58112
1.5828
1.59167
1.61472
1.67191
1.78823
1.92116
1.98511
1.99394
1.98144
1.96654
1.94531
1.92361
1.90021
1.88197
1.86474
1.85105
1.83425
1.8188
1.8009
1.7868
1.77268
1.76247
1.75019
1.73976
1.72636
1.71452
1.70042
1.689
1.67537
1.66443
1.65172
1.64158
1.62942
1.62015
1.60824
1.59872
1.5868
1.577
1.56474
1.55572
1.54343
1.53529
1.52387
1.51584
1.50581
1.49777
1.48931
1.48217
1.47676
1.47254
1.47298
1.47512
1.48202
1.49741
1.52387
1.56811
1.62689
1.68498
1.72452
1.72744
1.72321
1.71679
1.70355
1.69541
1.681
1.67188
1.66176
1.65675
1.6468
1.64178
1.63327
1.62979
1.62261
1.62259
2.09738
2.08365
2.06258
2.03885
2.01643
1.99334
1.97034
1.9481
1.9233
1.8999
1.87652
1.85101
1.8291
1.80445
1.78307
1.76054
1.73884
1.71891
1.69681
1.67963
1.65843
1.64304
1.62467
1.61138
1.60206
1.60274
1.61057
1.63146
1.68169
1.7922
1.92815
1.99836
2.00794
1.996
1.97847
1.95689
1.92823
1.90368
1.8817
1.86572
1.84865
1.83302
1.81413
1.79774
1.78043
1.7676
1.75394
1.74298
1.72962
1.71835
1.70467
1.69346
1.68025
1.66911
1.65579
1.64517
1.63257
1.6229
1.6115
1.6026
1.59121
1.58235
1.57052
1.56112
1.54921
1.53983
1.52787
1.51944
1.50763
1.5
1.48903
1.48142
1.47175
1.46408
1.45581
1.44911
1.44331
1.43887
1.43895
1.4404
1.44487
1.45725
1.48142
1.52177
1.57211
1.63707
1.68046
1.6928
1.68649
1.68213
1.67351
1.665
1.65043
1.64315
1.63323
1.62782
1.61796
1.61378
1.60534
1.60505
2.07659
2.0704
2.0538
2.03096
2.00866
1.98642
1.9646
1.94209
1.9196
1.89632
1.87525
1.85314
1.82985
1.80914
1.78652
1.76595
1.74541
1.72453
1.70619
1.68536
1.66906
1.64968
1.63631
1.62373
1.62408
1.63095
1.64988
1.69453
1.79908
1.93965
2.01556
2.02708
2.01412
1.99659
1.96988
1.94063
1.912
1.88997
1.86973
1.853
1.83371
1.81615
1.79676
1.78103
1.76457
1.75132
1.73602
1.7235
1.7094
1.69821
1.68515
1.67434
1.66075
1.6493
1.63582
1.62512
1.61283
1.60369
1.59251
1.58395
1.57307
1.56441
1.55302
1.54417
1.53244
1.52341
1.51191
1.50329
1.49202
1.4844
1.47333
1.46638
1.45597
1.44893
1.43967
1.43241
1.42447
1.41795
1.41179
1.40757
1.40624
1.40726
1.41034
1.42041
1.44084
1.47531
1.52046
1.58835
1.63545
1.65589
1.65226
1.64965
1.64355
1.63419
1.62168
1.61609
1.60507
1.60003
1.59108
1.58995
2.04499
2.04856
2.03943
2.02101
1.99967
1.97759
1.95724
1.93706
1.91605
1.89496
1.87269
1.85214
1.83145
1.80983
1.79
1.76929
1.74925
1.73044
1.71041
1.6934
1.67431
1.6601
1.64616
1.64565
1.65172
1.66908
1.7107
1.80798
1.94948
2.03326
2.04739
2.0355
2.01616
1.98836
1.95528
1.92666
1.90078
1.88016
1.85922
1.84022
1.81925
1.80104
1.78218
1.76674
1.74996
1.73577
1.71998
1.70725
1.69285
1.68106
1.6671
1.65512
1.641
1.62947
1.6162
1.60586
1.59388
1.58472
1.57359
1.56527
1.55455
1.5463
1.53544
1.52693
1.51565
1.50716
1.49593
1.48769
1.47698
1.46926
1.45879
1.45188
1.44143
1.43503
1.42502
1.41851
1.40949
1.40265
1.3949
1.38845
1.38221
1.37798
1.37524
1.37586
1.37836
1.38604
1.40273
1.42943
1.47455
1.53754
1.58962
1.61735
1.62052
1.61829
1.61231
1.60535
1.59496
1.58954
1.57887
1.57725
2.0127
2.02738
2.02366
2.0103
1.99136
1.97045
1.94971
1.93106
1.91089
1.89202
1.87167
1.85125
1.83124
1.81149
1.79136
1.77194
1.75297
1.73362
1.71614
1.69761
1.68277
1.66857
1.66683
1.67269
1.68894
1.72859
1.81818
1.96117
2.05289
2.07024
2.05758
2.03922
2.00741
1.97422
1.94252
1.91679
1.89258
1.87166
1.84953
1.82948
1.80832
1.78992
1.77044
1.75363
1.73565
1.72093
1.70526
1.69238
1.67763
1.66518
1.65057
1.63836
1.62425
1.61258
1.59906
1.58834
1.57594
1.56661
1.55556
1.54728
1.53673
1.52867
1.51795
1.50975
1.49897
1.4909
1.4802
1.47249
1.46201
1.45457
1.44445
1.43734
1.42739
1.4209
1.41093
1.40496
1.39524
1.38922
1.38034
1.37394
1.3663
1.35994
1.35384
1.34923
1.34549
1.3459
1.34799
1.35268
1.36578
1.38743
1.43281
1.48278
1.54319
1.57832
1.59034
1.58581
1.58247
1.5786
1.56974
1.56764
1.94484
1.99362
2.00129
1.99564
1.98116
1.96203
1.94244
1.92406
1.90565
1.88642
1.86793
1.84911
1.8298
1.81097
1.79218
1.77359
1.75485
1.73729
1.71937
1.7042
1.68991
1.68757
1.69337
1.70889
1.74727
1.83048
1.97778
2.07696
2.09508
2.0825
2.06168
2.02898
1.99257
1.96115
1.93269
1.90901
1.88541
1.86415
1.8414
1.82089
1.79915
1.77988
1.75944
1.74189
1.72357
1.70843
1.69221
1.67885
1.66387
1.65111
1.63626
1.62354
1.6088
1.59654
1.58267
1.57168
1.55924
1.54977
1.53841
1.52976
1.51886
1.51058
1.49992
1.49201
1.48159
1.47394
1.4637
1.45626
1.44614
1.43899
1.42907
1.4222
1.41264
1.40606
1.39672
1.39063
1.38121
1.37562
1.36624
1.36071
1.35193
1.34604
1.3384
1.33238
1.32634
1.32135
1.31754
1.31712
1.31822
1.32144
1.33146
1.35074
1.38867
1.42908
1.49781
1.53741
1.55665
1.5567
1.55552
1.55588
1.81642
1.95043
1.97701
1.97803
1.96961
1.95372
1.93392
1.91535
1.89807
1.88069
1.86318
1.84551
1.82796
1.80947
1.79164
1.77363
1.75637
1.73898
1.72359
1.7097
1.70686
1.71257
1.72798
1.76572
1.8496
1.99472
2.09847
2.11921
2.10566
2.08544
2.04958
2.01336
1.9793
1.95115
1.92479
1.90189
1.87816
1.8564
1.83343
1.81272
1.79067
1.77101
1.75008
1.73196
1.7128
1.69673
1.67974
1.66583
1.65062
1.63798
1.62319
1.6103
1.59524
1.5826
1.56842
1.55715
1.54429
1.53419
1.52228
1.51315
1.50202
1.4937
1.48317
1.4754
1.46519
1.45778
1.44777
1.44064
1.43086
1.42397
1.41439
1.40776
1.39834
1.39197
1.38283
1.37672
1.36785
1.36211
1.35323
1.34794
1.33895
1.33388
1.3252
1.31993
1.31227
1.30677
1.30065
1.29563
1.29192
1.28995
1.29064
1.29319
1.30063
1.31633
1.34293
1.38831
1.44912
1.49055
1.52854
1.53143
1.60666
1.867
1.94498
1.95972
1.95751
1.94669
1.92933
1.9096
1.89146
1.87416
1.85751
1.84043
1.82405
1.80727
1.7903
1.77319
1.75668
1.74167
1.72796
1.7245
1.73023
1.74639
1.78417
1.86824
2.01258
2.12041
2.14249
2.12949
2.10752
2.07191
2.0336
2.00013
1.96915
1.94283
1.91726
1.89445
1.87073
1.84914
1.82626
1.80526
1.78278
1.76242
1.74089
1.7222
1.70281
1.68675
1.66984
1.65582
1.6401
1.62659
1.61105
1.59789
1.58281
1.57022
1.55592
1.54435
1.5311
1.52067
1.50839
1.49893
1.48749
1.47885
1.46805
1.46012
1.44986
1.44253
1.43272
1.42582
1.41625
1.40954
1.40007
1.39348
1.38417
1.37784
1.36883
1.3629
1.35425
1.34869
1.34031
1.33501
1.32665
1.3216
1.3131
1.30832
1.29987
1.2952
1.28745
1.28264
1.27628
1.27164
1.26759
1.26453
1.26505
1.26729
1.27162
1.28352
1.30554
1.35402
1.39799
1.44086
1.34861
1.69955
1.88038
1.92616
1.9359
1.93231
1.92058
1.90327
1.88577
1.86852
1.85204
1.8355
1.81898
1.80274
1.78686
1.77111
1.75687
1.74408
1.74086
1.74692
1.7639
1.80149
1.88719
2.03009
2.14178
2.16609
2.15204
2.13056
2.09271
2.05514
2.01973
1.98874
1.95938
1.934
1.90905
1.8866
1.86324
1.84163
1.81848
1.79701
1.7741
1.75344
1.73199
1.71353
1.69455
1.67852
1.66135
1.64661
1.63012
1.61598
1.60017
1.58688
1.572
1.55963
1.54534
1.53346
1.51974
1.50874
1.49598
1.48601
1.47415
1.46514
1.45411
1.44597
1.43563
1.42818
1.41831
1.41131
1.40172
1.39501
1.38562
1.37915
1.36998
1.3638
1.35496
1.34913
1.34066
1.33524
1.32708
1.32199
1.31399
1.30908
1.30108
1.2963
1.28822
1.28367
1.27557
1.27133
1.26358
1.25949
1.25277
1.24881
1.24407
1.24096
1.24097
1.24211
1.24518
1.25532
1.27553
1.29939
1.17775
1.4371
1.75813
1.88531
1.9121
1.91529
1.90934
1.89627
1.87927
1.86346
1.84718
1.83206
1.81586
1.8005
1.78476
1.77062
1.75797
1.75509
1.76164
1.77939
1.81827
1.90607
2.04818
2.16459
2.18941
2.17518
2.15237
2.11432
2.07446
2.03972
2.00676
1.97766
1.94985
1.92552
1.90126
1.87902
1.85548
1.83334
1.80976
1.78804
1.76539
1.74524
1.72445
1.70631
1.68731
1.67078
1.65303
1.63764
1.62086
1.60652
1.59067
1.57721
1.56207
1.54932
1.53487
1.52283
1.50898
1.49769
1.48472
1.47448
1.46242
1.45311
1.44186
1.43339
1.42284
1.4151
1.4051
1.39794
1.38836
1.38161
1.37231
1.36586
1.3568
1.35066
1.34189
1.33614
1.32777
1.32246
1.31448
1.30955
1.30182
1.29712
1.28945
1.28486
1.27715
1.27263
1.26491
1.26058
1.25294
1.24893
1.24151
1.23786
1.231
1.22769
1.22216
1.21975
1.21808
1.21903
1.22199
1.22504
1.09453
1.23867
1.54555
1.80015
1.88144
1.89741
1.89687
1.88884
1.87427
1.85709
1.84124
1.82575
1.81142
1.79642
1.78364
1.77132
1.76824
1.77525
1.79374
1.83406
1.92342
2.06901
2.18928
2.21264
2.1963
2.17441
2.13369
2.0936
2.05692
2.02517
1.99461
1.96735
1.94064
1.91674
1.89235
1.86971
1.84578
1.82349
1.80016
1.77902
1.75709
1.73756
1.71709
1.69896
1.67971
1.66279
1.64467
1.62899
1.61204
1.59755
1.58156
1.56797
1.55274
1.5399
1.52545
1.51346
1.49977
1.48845
1.47526
1.46466
1.45228
1.44257
1.43097
1.42211
1.41127
1.40322
1.39305
1.38567
1.37601
1.36913
1.35982
1.35332
1.3443
1.33817
1.3295
1.3238
1.31555
1.31033
1.30249
1.2977
1.29018
1.28566
1.2783
1.27392
1.26658
1.26224
1.25486
1.2506
1.24324
1.23914
1.2319
1.22809
1.22105
1.21761
1.21091
1.20797
1.20203
1.20027
1.19694
1.19736
1.04878
1.11975
1.30303
1.62411
1.81316
1.8666
1.87865
1.87723
1.86846
1.85318
1.83677
1.82101
1.8066
1.79347
1.78208
1.78067
1.78834
1.80796
1.84999
1.94205
2.09375
2.21265
2.23451
2.21633
2.19203
2.1526
2.11109
2.07497
2.04197
2.01281
1.98399
1.95765
1.93118
1.90706
1.88234
1.85958
1.83586
1.81416
1.79155
1.7711
1.74964
1.73032
1.70983
1.69153
1.67202
1.6549
1.6366
1.62083
1.60377
1.58923
1.57321
1.55966
1.54449
1.53174
1.51724
1.50514
1.49124
1.47983
1.46656
1.45574
1.44315
1.43322
1.42142
1.41229
1.40121
1.39283
1.38239
1.37468
1.36481
1.3577
1.34833
1.34176
1.33282
1.32671
1.31815
1.31245
1.30426
1.29897
1.29115
1.28627
1.2788
1.27427
1.26706
1.26277
1.25568
1.25152
1.24446
1.24035
1.23332
1.2293
1.22236
1.21851
1.21172
1.20814
1.2015
1.19827
1.19187
1.18911
1.18355
1.18282
1.02438
1.05948
1.14672
1.36039
1.66841
1.81701
1.85127
1.8591
1.85644
1.84704
1.83217
1.81669
1.80327
1.79205
1.79062
1.79911
1.82051
1.86528
1.96256
2.11964
2.23625
2.25517
2.23505
2.20874
2.16893
2.12947
2.09206
2.05984
2.02964
2.00223
1.9743
1.94812
1.92141
1.89694
1.87215
1.8496
1.82647
1.80539
1.78343
1.76341
1.74231
1.72315
1.70281
1.6845
1.66504
1.64783
1.62952
1.61362
1.59659
1.582
1.56611
1.55256
1.53744
1.52456
1.50994
1.49764
1.48358
1.47198
1.45869
1.44786
1.4352
1.42506
1.41312
1.40371
1.39242
1.38372
1.37308
1.3651
1.35508
1.34778
1.3383
1.33156
1.32255
1.31629
1.30767
1.30186
1.29362
1.28823
1.28038
1.27541
1.26793
1.26336
1.25622
1.25199
1.24511
1.24111
1.23437
1.2305
1.22381
1.22002
1.21338
1.20968
1.20315
1.19958
1.1932
1.18983
1.18361
1.18057
1.17481
1.17345
1.01198
1.03176
1.07314
1.18794
1.43739
1.71443
1.81712
1.83914
1.84269
1.83816
1.82792
1.81429
1.80239
1.80017
1.809
1.83265
1.88069
1.98194
2.14831
2.25974
2.2757
2.25565
2.22446
2.18458
2.14466
2.10957
2.07683
2.04732
2.01798
1.9905
1.96257
1.93655
1.91023
1.88612
1.86177
1.83973
1.81718
1.79667
1.77522
1.75552
1.73463
1.71549
1.69515
1.67683
1.65743
1.64037
1.6223
1.60667
1.58993
1.57554
1.55977
1.54616
1.53096
1.51791
1.5032
1.49075
1.47666
1.46499
1.45164
1.44079
1.42816
1.41797
1.40598
1.3965
1.38514
1.37634
1.36558
1.35741
1.3472
1.33964
1.32994
1.32293
1.31373
1.30725
1.29852
1.29253
1.2842
1.27864
1.27069
1.26551
1.25794
1.25318
1.24602
1.2417
1.23492
1.23098
1.22449
1.22082
1.21444
1.21092
1.20458
1.20114
1.19484
1.19146
1.18528
1.18199
1.17598
1.17291
1.16729
1.16576
1.00682
1.01503
1.03896
1.09108
1.23303
1.50996
1.73578
1.80955
1.82556
1.82727
1.82252
1.81351
1.80955
1.81834
1.84376
1.89928
2.00279
2.18023
2.28533
2.29653
2.27575
2.24242
2.19991
2.16144
2.1263
2.09509
2.06402
2.03475
2.0054
1.9782
1.95079
1.92531
1.89945
1.87575
1.85179
1.83008
1.8078
1.78748
1.76612
1.74651
1.72567
1.70667
1.68657
1.66859
1.64966
1.63308
1.61549
1.60025
1.58374
1.56945
1.55364
1.53997
1.52469
1.5116
1.49689
1.48446
1.47044
1.45877
1.44548
1.4346
1.42207
1.41195
1.40005
1.39061
1.3793
1.37045
1.35964
1.35133
1.34095
1.33315
1.32324
1.31597
1.30656
1.29985
1.29093
1.28471
1.27622
1.27043
1.26233
1.25694
1.24924
1.24428
1.23702
1.23253
1.2257
1.22169
1.21522
1.2116
1.20538
1.20201
1.19593
1.1927
1.1867
1.18353
1.17766
1.17453
1.16881
1.16585
1.16047
1.15898
1.00332
1.00788
1.01875
1.04551
1.1112
1.27746
1.56335
1.74259
1.7979
1.81199
1.81536
1.81678
1.8256
1.85235
1.91681
2.02931
2.21403
2.31099
2.31573
2.29473
2.25907
2.21698
2.17782
2.14325
2.11033
2.08001
2.04969
2.02136
1.99278
1.96609
1.93909
1.91418
1.88904
1.86608
1.8427
1.8213
1.79915
1.77885
1.75757
1.73812
1.7176
1.69901
1.67939
1.66189
1.64341
1.62716
1.60983
1.59466
1.5782
1.56383
1.54798
1.53425
1.51898
1.50591
1.49126
1.47891
1.46495
1.45333
1.4401
1.42927
1.41677
1.40672
1.39489
1.3855
1.37422
1.36541
1.3546
1.34625
1.33581
1.32789
1.31786
1.31041
1.30083
1.29388
1.28478
1.2783
1.26963
1.26359
1.25534
1.24974
1.24191
1.23676
1.22938
1.22473
1.21779
1.21364
1.20712
1.20342
1.19723
1.19387
1.18791
1.18478
1.17898
1.17596
1.17032
1.16738
1.16189
1.15912
1.15396
1.15262
1.0017
1.0037
1.00968
1.02115
1.05439
1.12838
1.31706
1.59455
1.74339
1.78752
1.80364
1.82057
1.85562
1.93242
2.06574
2.24607
2.33491
2.33431
2.31299
2.27534
2.23054
2.1919
2.15645
2.12498
2.09442
2.06605
2.0372
2.00984
1.98189
1.95578
1.92939
1.90506
1.88036
1.85764
1.83438
1.81307
1.7911
1.77106
1.7502
1.73125
1.71135
1.69341
1.67441
1.65742
1.63928
1.62318
1.60582
1.59054
1.57393
1.55946
1.54363
1.52998
1.51489
1.50199
1.48758
1.4754
1.46163
1.45013
1.43698
1.42613
1.41356
1.40336
1.39135
1.38175
1.37028
1.36129
1.35031
1.34185
1.33132
1.32333
1.31324
1.30573
1.29611
1.28907
1.27987
1.27325
1.26447
1.2583
1.24994
1.24421
1.23627
1.23103
1.22353
1.21878
1.21173
1.20747
1.20085
1.19702
1.19076
1.18729
1.18133
1.17814
1.17241
1.16943
1.16387
1.16107
1.15569
1.15313
1.14812
1.14696
1.00084
1.00181
1.00478
1.01014
1.02665
1.05984
1.15305
1.35436
1.62653
1.75068
1.79679
1.84146
1.93527
2.10242
2.28645
2.36377
2.35941
2.3379
2.29595
2.2498
2.20886
2.17423
2.14185
2.11213
2.08238
2.05449
2.02625
1.99973
1.97269
1.94731
1.92136
1.89723
1.87264
1.85009
1.82715
1.80632
1.78491
1.76548
1.74522
1.72685
1.70746
1.68995
1.6713
1.65457
1.63662
1.62066
1.60343
1.58826
1.57177
1.55741
1.54168
1.52812
1.51312
1.50031
1.48599
1.47387
1.46016
1.44869
1.43554
1.42467
1.41206
1.4018
1.38972
1.38006
1.36847
1.35935
1.34817
1.33955
1.32885
1.32077
1.31057
1.30298
1.29323
1.28606
1.2767
1.26994
1.26099
1.25466
1.24612
1.24028
1.23219
1.22687
1.21927
1.21449
1.20738
1.20308
1.19642
1.19253
1.18624
1.18269
1.1767
1.17344
1.16769
1.16468
1.15913
1.15634
1.15099
1.14849
1.14357
1.14244
1.00039
1.00102
1.00212
1.00575
1.01206
1.03172
1.07207
1.18322
1.41132
1.66993
1.78833
1.90731
2.11502
2.33054
2.40157
2.39333
2.37036
2.32315
2.27414
2.23408
2.19844
2.16665
2.13547
2.10634
2.07727
2.05026
2.02299
1.99735
1.97099
1.94608
1.92046
1.89656
1.87219
1.84985
1.82711
1.80645
1.78522
1.76596
1.74587
1.72766
1.70842
1.69105
1.67251
1.65586
1.63795
1.62198
1.6047
1.58944
1.57283
1.55834
1.54248
1.52879
1.51369
1.50081
1.48644
1.47431
1.46059
1.44913
1.43598
1.42513
1.41249
1.40219
1.39001
1.38025
1.36851
1.35927
1.348
1.3393
1.32849
1.3203
1.30996
1.30224
1.29232
1.28501
1.2755
1.2686
1.25943
1.25287
1.24406
1.23797
1.22962
1.22409
1.21627
1.21131
1.20403
1.1996
1.19283
1.18885
1.18251
1.17893
1.17292
1.16965
1.16389
1.16086
1.15532
1.15251
1.14721
1.14469
1.13986
1.1387
1.00023
1.00048
1.0013
1.00273
1.00709
1.01584
1.03944
1.0932
1.23373
1.50066
1.79281
2.08883
2.38977
2.47186
2.45621
2.42859
2.37522
2.32108
2.27608
2.23906
2.20462
2.17276
2.14127
2.11225
2.08383
2.05793
2.03191
2.00736
1.98167
1.95704
1.93135
1.90726
1.88264
1.86011
1.83721
1.81642
1.79504
1.77565
1.75544
1.73716
1.71789
1.70052
1.68197
1.66528
1.64723
1.63103
1.61337
1.59762
1.58041
1.56525
1.54868
1.53432
1.5186
1.5052
1.49041
1.478
1.46409
1.45255
1.43935
1.42848
1.41581
1.40546
1.3932
1.38333
1.37145
1.36205
1.35059
1.34169
1.33066
1.32225
1.31165
1.30366
1.29345
1.28583
1.27595
1.2687
1.25921
1.25242
1.24341
1.23718
1.22872
1.22311
1.21523
1.2102
1.20288
1.1984
1.19158
1.18754
1.18114
1.17748
1.17138
1.16803
1.16217
1.15909
1.15344
1.15063
1.14525
1.14275
1.13792
1.13678
1.00015
1.00037
1.0008
1.00213
1.00451
1.01209
1.02662
1.06871
1.16546
1.40045
1.86493
2.38134
2.62205
2.60978
2.57778
2.53105
2.47949
2.43206
2.38658
2.34382
2.30215
2.26366
2.22617
2.1915
2.1572
2.12504
2.09242
2.06145
2.02994
2.00052
1.97113
1.94438
1.91788
1.89401
1.87005
1.84837
1.82613
1.8059
1.78481
1.76565
1.74544
1.72708
1.70746
1.68963
1.67031
1.65277
1.63365
1.61642
1.59768
1.58104
1.56303
1.54736
1.53044
1.51601
1.50033
1.48718
1.47265
1.46061
1.44701
1.43581
1.42284
1.41224
1.39971
1.38957
1.37741
1.36772
1.35593
1.3467
1.33533
1.32657
1.31561
1.30727
1.29669
1.28872
1.27851
1.27092
1.26111
1.25401
1.2447
1.2382
1.22949
1.22366
1.2156
1.21044
1.20299
1.1984
1.19148
1.18736
1.18086
1.17711
1.17092
1.16749
1.16154
1.15841
1.15267
1.14983
1.14439
1.14187
1.13701
1.13586
)
;

boundaryField
{
    inlet
    {
        type            fixedValue;
        value           uniform 1;
    }
    outlet
    {
        type            zeroGradient;
    }
    top
    {
        type            symmetryPlane;
    }
    bottom
    {
        type            symmetryPlane;
    }
    obstacle
    {
        type            zeroGradient;
    }
    frontAndBack
    {
        type            empty;
    }
}


// ************************************************************************* //
